1.000000000000
1.000000000000
0.919700000000
0.994050000000
0.645600000000
0.000000000000
0.000100000000
0.000050000000
0.000000000000
0.000000000000
0.000000000000
0.000000000000
0.000050000000
0.000000000000
0.000000000000
0.001450000000
0.000000000000
0.004750000000
0.000000000000
0.001400000000
0.000000000000
0.000000000000
0.000000000000
0.000000000000
0.000000000000
0.000000000000
0.000000000000
0.000000000000
0.000000000000
0.000000000000
0.000000000000
0.000000000000
0.000000000000
0.000000000000
0.000000000000
0.000000000000
0.000000000000
0.000000000000
0.000000000000
0.000000000000
0.000000000000
0.000000000000
0.000000000000
0.000000000000
0.000000000000
0.000000000000
0.000000000000
0.000000000000
0.000000000000
0.000000000000
0.000000000000
0.000000000000
0.000000000000
0.000000000000
0.000000000000
0.000000000000
0.000000000000
0.000000000000
0.000000000000
0.000050000000
0.000000000000
0.000000000000
0.000000000000
0.000000000000
0.000050000000
0.000000000000
0.000000000000
0.000000000000
0.000000000000
0.000000000000
0.000000000000
0.000000000000
0.000000000000
0.000000000000
0.000000000000
0.000000000000
0.000000000000
0.000000000000
0.000000000000
0.000000000000
0.000000000000
0.000000000000
0.000000000000
0.000000000000
0.000000000000
0.000000000000
0.000000000000
0.000000000000
0.000000000000
0.000000000000
0.000000000000
0.000000000000
0.000000000000
0.000000000000
0.000000000000
0.000000000000
0.000000000000
0.000250000000
0.000000000000
0.000000000000
0.000000000000
0.000400000000
0.000000000000
0.000000000000
0.000000000000
0.000000000000
0.000600000000
0.000000000000
0.000000000000
0.000000000000
0.000800000000
0.000000000000
0.000750000000
0.000000000000
0.000000000000
0.000000000000
0.000000000000
0.000000000000
0.987750000000
0.000950000000
0.000000000000
0.000000000000
0.000000000000
0.000000000000
0.000000000000
0.000000000000
0.000000000000
0.000000000000
0.000000000000
0.000550000000
0.000050000000
0.000000000000
0.000000000000
0.784250000000
0.927200000000
0.003300000000
0.995600000000
0.025200000000
0.001100000000
0.535450000000
0.102300000000
0.779700000000
0.000050000000
0.021050000000
0.927650000000
0.372600000000
0.001250000000
0.000650000000
0.003900000000
0.000800000000
0.924450000000
0.007800000000
0.000850000000
0.038800000000
0.000600000000
0.000000000000
0.000050000000
0.530300000000
0.260000000000
0.000000000000
0.000000000000
0.000550000000
0.000000000000
0.000000000000
0.001000000000
0.312350000000
0.009150000000
0.000100000000
0.000300000000
0.921800000000
0.000000000000
0.000000000000
0.000250000000
0.000450000000
0.000200000000
0.000000000000
0.014100000000
0.000150000000
0.000000000000
0.002650000000
0.000100000000
0.027300000000
0.782500000000
0.000000000000
0.314550000000
0.000800000000
0.000000000000
0.000100000000
0.056600000000
0.000000000000
0.000000000000
0.035600000000
0.000000000000
0.000650000000
0.000100000000
0.000100000000
0.000450000000
0.000500000000
0.002700000000
0.000000000000
0.000000000000
0.001450000000
0.000550000000
0.000000000000
0.514000000000
0.886600000000
0.545400000000
0.009050000000
0.000000000000
0.000000000000
0.000000000000
0.000050000000
0.000000000000
0.000000000000
0.000050000000
0.015850000000
0.000000000000
0.259700000000
0.000750000000
0.000000000000
0.000000000000
0.000000000000
0.000000000000
0.000000000000
0.000050000000
0.000050000000
0.000000000000
0.000050000000
0.000100000000
0.000200000000
0.009300000000
0.000000000000
0.058800000000
0.000300000000
0.000850000000
0.000850000000
0.000000000000
0.000000000000
0.006450000000
0.000100000000
0.004150000000
0.000000000000
0.014850000000
0.000000000000
0.000000000000
0.000100000000
0.174450000000
0.000600000000
0.000850000000
0.000000000000
0.086850000000
0.000800000000
0.000000000000
0.084550000000
0.000000000000
0.000000000000
0.000000000000
0.000000000000
0.000100000000
0.000000000000
0.000000000000
0.000000000000
0.000000000000
0.000000000000
0.000000000000
0.000000000000
0.000000000000
0.000000000000
0.000000000000
0.000000000000
0.000000000000
0.000300000000
0.000000000000
0.001800000000
0.001000000000
0.000000000000
0.000250000000
0.000000000000
0.000000000000
0.000000000000
0.000000000000
0.000000000000
0.884350000000
0.000000000000
0.000000000000
0.000900000000
0.000000000000
0.000000000000
0.000000000000
0.000000000000
0.000800000000
0.000000000000
0.000000000000
0.000000000000
0.000000000000
0.000000000000
0.000050000000
0.000000000000
0.000100000000
0.000900000000
0.000000000000
0.000450000000
0.000000000000
0.000000000000
0.000050000000
0.000000000000
0.000000000000
0.000100000000
0.000000000000
0.000000000000
0.000000000000
0.000000000000
0.000000000000
0.000000000000
0.000000000000
0.000150000000
0.000050000000
0.000000000000
0.000000000000
0.000000000000
0.000300000000
0.000150000000
0.000000000000
0.000000000000
0.000000000000
0.000100000000
0.000500000000
0.000000000000
0.000200000000
0.000000000000
0.000000000000
0.000000000000
0.010550000000
0.022050000000
0.302750000000
0.000000000000
0.000000000000
0.000000000000
0.000600000000
0.000000000000
0.000000000000
0.000000000000
0.000000000000
0.001850000000
0.146050000000
0.000000000000
0.000000000000
0.011200000000
0.000000000000
0.001150000000
0.000000000000
0.521950000000
0.030050000000
0.000000000000
0.000050000000
0.000500000000
0.011700000000
0.000000000000
0.000000000000
0.000000000000
0.000000000000
0.000000000000
0.000000000000
0.000250000000
0.000450000000
0.000000000000
0.000000000000
0.000000000000
0.000000000000
0.000000000000
0.000000000000
0.000000000000
0.000550000000
0.000000000000
0.000000000000
0.003600000000
0.000000000000
0.000000000000
0.006000000000
0.018000000000
0.000000000000
0.000000000000
0.000000000000
0.000000000000
0.000000000000
0.000000000000
0.000000000000
0.000000000000
0.000000000000
0.000000000000
0.000000000000
0.000000000000
0.000000000000
0.000000000000
0.000000000000
0.000000000000
0.000000000000
0.000000000000
0.000000000000
0.000000000000
0.000000000000
0.000000000000
0.000000000000
0.000000000000
0.000000000000
0.000000000000
0.000000000000
0.000000000000
0.000000000000
0.000000000000
0.000000000000
0.000000000000
0.000000000000
0.000000000000
0.000000000000
0.000000000000
0.054550000000
0.000000000000
0.000000000000
0.026850000000
0.000000000000
0.000000000000
0.000000000000
0.000000000000
0.000150000000
0.000700000000
0.000750000000
0.000000000000
0.000000000000
0.000000000000
0.000000000000
0.000000000000
0.000000000000
0.000000000000
0.000250000000
0.000000000000
0.000000000000
0.000000000000
0.000000000000
0.000000000000
0.410150000000
0.000000000000
0.000050000000
0.000000000000
0.000000000000
0.000000000000
0.000000000000
0.000000000000
0.000000000000
0.000000000000
0.000000000000
0.000000000000
0.000000000000
0.000000000000
0.000000000000
0.000000000000
0.000000000000
0.000000000000
0.000000000000
0.000000000000
0.000000000000
0.000000000000
0.000000000000
0.000000000000
0.000000000000
0.000000000000
0.000000000000
0.000000000000
0.000000000000
0.006550000000
0.000150000000
0.000000000000
0.000000000000
0.000000000000
0.000050000000
0.000000000000
0.019650000000
0.000050000000
0.000050000000
0.000050000000
0.000050000000
0.000000000000
0.000000000000
0.000000000000
0.000000000000
0.000000000000
0.000000000000
0.000000000000
0.000000000000
0.000000000000
0.000000000000
0.000000000000
0.000000000000
0.000000000000
0.000000000000
0.000000000000
0.000000000000
0.000000000000
0.000400000000
0.000000000000
0.000000000000
0.000000000000
0.000000000000
0.000000000000
0.000000000000
0.000000000000
0.000000000000
0.000000000000
0.000000000000
0.000000000000
0.000000000000
0.000000000000
0.000000000000
0.000800000000
0.000000000000
0.000000000000
0.007300000000
0.000000000000
0.000000000000
0.000000000000
0.000000000000
0.000000000000
0.000000000000
0.000000000000
0.000000000000
0.000000000000
0.000000000000
0.000000000000
0.000000000000
0.000000000000
0.000050000000
0.000000000000
0.000000000000
0.000000000000
0.000000000000
0.000000000000
0.000000000000
0.000000000000
0.000000000000
0.000000000000
0.000000000000
0.000000000000
0.000000000000
0.000000000000
0.000000000000
0.000050000000
0.000000000000
0.000000000000
0.000050000000
0.000000000000
0.000000000000
0.000750000000
0.000150000000
0.000000000000
0.000000000000
0.000000000000
0.000000000000
0.000000000000
0.000000000000
0.000000000000
0.000000000000
0.000000000000
0.000000000000
0.000000000000
0.000000000000
0.000000000000
0.000000000000
0.000000000000
0.000000000000
0.000000000000
0.000000000000
0.000000000000
0.000000000000
0.000000000000
0.000000000000
0.000000000000
0.000000000000
0.000000000000
0.000000000000
0.000000000000
0.000000000000
0.000000000000
0.000000000000
0.000000000000
0.000000000000
0.000000000000
0.000000000000
0.000000000000
0.000000000000
0.000000000000
0.000000000000
0.000000000000
0.000000000000
0.000000000000
0.000000000000
0.000000000000
0.000000000000
0.000000000000
0.000000000000
0.000000000000
0.000000000000
0.000000000000
0.000000000000
0.000000000000
0.000000000000
0.000000000000
0.000000000000
0.000000000000
0.000000000000
0.000000000000
0.000000000000
0.000000000000
0.000000000000
0.000000000000
0.000000000000
0.000000000000
0.000000000000
0.000000000000
0.000000000000
0.000000000000
0.000000000000
0.000000000000
0.000000000000
0.000000000000
0.000000000000
0.000000000000
0.000000000000
0.000000000000
0.000000000000
0.000000000000
0.000000000000
0.000000000000
0.000000000000
0.000000000000
0.000000000000
0.009150000000
0.000000000000
0.000000000000
0.000000000000
0.000000000000
0.000000000000
0.000000000000
0.000000000000
0.000000000000
0.000000000000
0.000000000000
0.000000000000
0.000000000000
0.000000000000
0.000000000000
0.000000000000
0.000000000000
0.000000000000
0.000000000000
0.000000000000
0.000000000000
0.000000000000
0.000000000000
0.000000000000
0.000000000000
0.000000000000
0.000000000000
0.000000000000
0.000000000000
0.000000000000
0.000000000000
0.000000000000
0.000000000000
0.000000000000
0.000000000000
0.000000000000
0.000000000000
0.000000000000
0.888300000000
0.000250000000
0.000000000000
0.310900000000
0.000000000000
0.000000000000
0.000000000000
0.000000000000
0.000000000000
0.000000000000
0.000000000000
0.000000000000
0.000000000000
0.000000000000
0.000000000000
0.000000000000
0.000000000000
0.000000000000
0.000000000000
0.000000000000
0.000050000000
0.000000000000
0.000000000000
0.000000000000
0.000000000000
0.000000000000
0.000000000000
0.000000000000
0.000000000000
0.000100000000
0.000000000000
0.000000000000
0.000000000000
0.000000000000
0.000100000000
0.000000000000
0.000000000000
0.000000000000
0.000000000000
0.000000000000
0.000000000000
0.000000000000
0.000000000000
0.000000000000
0.011950000000
0.000000000000
0.000000000000
0.000000000000
0.000000000000
0.000000000000
0.000000000000
0.000000000000
0.000000000000
0.000000000000
0.000000000000
0.000000000000
0.000000000000
0.000000000000
0.000000000000
0.000000000000
0.000000000000
0.000000000000
0.000000000000
0.000000000000
0.000000000000
0.000000000000
0.000000000000
0.073100000000
0.002200000000
0.000000000000
0.000000000000
0.007350000000
0.000000000000
0.000000000000
0.000000000000
0.000000000000
0.000000000000
0.006500000000
0.000200000000
0.000000000000
0.000000000000
0.000000000000
0.000000000000
0.013200000000
0.000000000000
0.000000000000
0.000000000000
0.000800000000
0.000000000000
0.000000000000
0.000000000000
0.000000000000
0.000000000000
0.000000000000
0.000000000000
0.000250000000
0.000000000000
0.000000000000
0.000100000000
0.000000000000
0.000000000000
0.000000000000
0.000000000000
0.000000000000
0.000000000000
0.000000000000
0.000100000000
0.000000000000
0.000000000000
0.000000000000
0.000000000000
0.000000000000
0.000050000000
0.000000000000
0.000000000000
0.000000000000
0.000500000000
0.000000000000
0.000000000000
0.000450000000
0.000000000000
0.000000000000
0.000000000000
0.000000000000
0.000000000000
0.000000000000
0.000000000000
0.000000000000
0.000000000000
0.000000000000
0.000000000000
0.000000000000
0.000000000000
0.000000000000
0.000000000000
0.000000000000
0.000000000000
0.000000000000
0.000050000000
0.000000000000
0.000000000000
0.000000000000
0.000000000000
0.000000000000
0.000000000000
0.000000000000
0.000000000000
0.000300000000
0.000000000000
0.000000000000
0.000000000000
0.000000000000
0.000000000000
0.000000000000
0.000000000000
0.000000000000
0.000000000000
0.000000000000
0.000000000000
0.000000000000
0.000000000000
0.000000000000
0.000000000000
0.000000000000
0.000000000000
0.000000000000
0.000000000000
0.000000000000
0.000000000000
0.000000000000
0.000000000000
0.913900000000
0.000000000000
0.000000000000
0.000000000000
0.000000000000
0.000000000000
0.000000000000
0.000000000000
0.000000000000
0.000000000000
0.000000000000
0.000000000000
0.000000000000
0.000000000000
0.000000000000
0.000000000000
0.196900000000
0.000000000000
0.015050000000
0.000000000000
0.000000000000
0.000000000000
0.000000000000
0.000000000000
0.000150000000
0.000000000000
0.000000000000
0.000050000000
0.000000000000
0.000050000000
0.000050000000
0.000000000000
0.000000000000
0.000000000000
0.000000000000
0.000000000000
0.000000000000
0.000000000000
0.000000000000
0.000050000000
0.000000000000
0.000000000000
0.000000000000
0.000000000000
0.000100000000
0.000000000000
0.000000000000
0.000000000000
0.000000000000
0.000000000000
0.000000000000
0.000000000000
0.000000000000
0.000000000000
0.000000000000
0.000000000000
