     18      2                             0                                                0.0000000000
     18      2                         39333                                           500000.0000000000
     22      2                         39335                                         47500000.0000000000
     31      3                         39338                                         48000000.0000000000
     31      3                         39340                                         48500000.0000000000
     24      2                         39343                                         49000000.0000000000
     24      2                         39349                                         49500000.0000000000
     24      2                         39351                                         50000000.0000000000
     31      3                         39352                                         50500000.0000000000
     24      2                         39353                                         51000000.0000000000
     24      2                         39355                                         51500000.0000000000
     22      2                         39357                                         52500000.0000000000
     24      2                         39359                                         53000000.0000000000
     24      2                         39361                                         53500000.0000000000
     24      2                         39367                                         54000000.0000000000
     24      2                         39373                                         54500000.0000000000
     24      2                         39377                                         55000000.0000000000
     22      2                         39379                                         55500000.0000000000
     22      2                         39381                                         56500000.0000000000
     22      2                         39385                                         57000000.0000000000
     31      3                         39386                                         57500000.0000000000
     22      2                         39387                                         58000000.0000000000
     24      2                         39389                                         58500000.0000000000
     31      3                         39390                                         59000000.0000000000
     22      2                         39391                                         59500000.0000000000
     31      3                         39394                                         60000000.0000000000
     24      2                         39397                                         60500000.0000000000
     22      2                         39399                                         61000000.0000000000
     24      2                         39403                                         61500000.0000000000
     24      2                         39405                                         62000000.0000000000
     24      2                         39407                                         62500000.0000000000
     22      2                         39409                                         63000000.0000000000
     24      2                         39411                                         63500000.0000000000
     24      2                         39415                                         64000000.0000000000
     24      2                         39417                                         64500000.0000000000
     24      2                         39421                                         65000000.0000000000
     31      3                         39424                                         65500000.0000000000
     24      2                         39427                                         66000000.0000000000
     22      2                         39429                                         66500000.0000000000
     24      2                         39431                                         67000000.0000000000
     31      3                         39434                                         67500000.0000000000
     22      2                         39441                                         68000000.0000000000
     31      3                         39448                                         68500000.0000000000
     22      2                         39451                                         69000000.0000000000
     24      2                         39455                                         69500000.0000000000
     31      3                         39458                                         70000000.0000000000
     31      3                         39460                                         70500000.0000000000
     24      2                         39461                                         71000000.0000000000
     31      3                         39464                                         72000000.0000000000
     22      2                         39469                                         72500000.0000000000
     24      2                         39471                                         73000000.0000000000
     22      2                         39473                                         73500000.0000000000
     22      2                         39475                                         74000000.0000000000
     24      2                         39479                                         74500000.0000000000
     22      2                         39483                                         75000000.0000000000
     22      2                         39489                                         75500000.0000000000
     24      2                         39491                                         77000000.0000000000
     22      2                         39493                                         77500000.0000000000
     22      2                         39497                                         78000000.0000000000
     31      3                         39504                                         78500000.0000000000
     22      2                         39507                                         79000000.0000000000
     22      2                         39509                                         79500000.0000000000
     31      3                         39510                                         80000000.0000000000
     22      2                         39513                                         80500000.0000000000
     22      2                         39515                                         81000000.0000000000
     31      3                         39518                                         81500000.0000000000
     24      2                         39519                                         82000000.0000000000
     24      2                         39523                                         82500000.0000000000
     22      2                         39527                                         83000000.0000000000
     31      3                         39528                                         83500000.0000000000
     22      2                         39531                                         84000000.0000000000
     22      2                         39533                                         84500000.0000000000
     31      3                         39538                                         85500000.0000000000
     22      2                         39543                                         86000000.0000000000
     22      2                         39547                                         86500000.0000000000
     24      2                         39549                                         87000000.0000000000
     24      2                         39551                                         87500000.0000000000
     31      3                         39556                                         88500000.0000000000
     31      3                         39558                                         89000000.0000000000
     24      2                         39559                                         89500000.0000000000
     22      2                         39565                                         90000000.0000000000
     22      2                         39567                                         90500000.0000000000
     22      2                         39571                                         91000000.0000000000
     24      2                         39575                                         91500000.0000000000
     24      2                         39579                                         92500000.0000000000
     24      2                         39581                                         93000000.0000000000
     24      2                         39583                                         94000000.0000000000
     22      2                         39589                                         94500000.0000000000
     31      3                         39590                                         95000000.0000000000
     31      3                         39592                                         95500000.0000000000
     22      2                         39593                                         96000000.0000000000
     22      2                         39599                                         96500000.0000000000
     31      3                         39600                                         97000000.0000000000
     24      2                         39607                                         97500000.0000000000
     31      3                         39610                                         98000000.0000000000
     22      2                         39617                                         98500000.0000000000
     22      2                         39621                                         99000000.0000000000
     22      2                         39623                                         99500000.0000000000
     22      2                         39625                                        100000000.0000000000
     31      3                         39626                                        101000000.0000000000
     24      2                         39631                                        101500000.0000000000
     22      2                         39633                                        102500000.0000000000
     31      3                         39634                                        103500000.0000000000
     24      2                         39639                                        104000000.0000000000
     22      2                         39645                                        104500000.0000000000
     31      3                         39646                                        105500000.0000000000
     24      2                         39651                                        106000000.0000000000
     24      2                         39655                                        107500000.0000000000
     22      2                         39657                                        108000000.0000000000
     31      3                         39660                                        108500000.0000000000
     22      2                         39661                                        109000000.0000000000
     24      2                         39665                                        109500000.0000000000
     24      2                         39669                                        110000000.0000000000
     31      3                         39670                                        110500000.0000000000
     22      2                         39671                                        111000000.0000000000
     24      2                         39673                                        112000000.0000000000
     24      2                         39677                                        112500000.0000000000
     31      3                         39680                                        113000000.0000000000
     31      3                         39682                                        113500000.0000000000
     31      3                         39684                                        114000000.0000000000
     24      2                         39691                                        114500000.0000000000
     31      3                         39694                                        115000000.0000000000
     24      2                         39695                                        115500000.0000000000
     31      3                         39698                                        116000000.0000000000
     24      2                         39699                                        116500000.0000000000
     22      2                         39701                                        117000000.0000000000
     21      2                        314277                                        117500000.0000000000
     24      2                        314279                                        445000000.0000000000
     31      3                        314280                                        445500000.0000000000
     24      2                        314283                                        446000000.0000000000
     22      2                        314289                                        446500000.0000000000
     31      3                        314290                                        447000000.0000000000
     24      2                        314291                                        447500000.0000000000
     24      2                        314299                                        448000000.0000000000
     31      3                        314300                                        448500000.0000000000
     24      2                        314301                                        449000000.0000000000
     31      3                        314304                                        449500000.0000000000
     22      2                        314309                                        450000000.0000000000
     31      3                        314310                                        450500000.0000000000
     31      3                        314316                                        451000000.0000000000
     31      3                        314320                                        451500000.0000000000
     31      3                        314324                                        452000000.0000000000
     22      2                        314327                                        452500000.0000000000
     24      2                        314333                                        453000000.0000000000
     24      2                        314337                                        453500000.0000000000
     31      3                        314342                                        454000000.0000000000
     24      2                        314343                                        454500000.0000000000
     22      2                        314347                                        455500000.0000000000
     22      2                        314349                                        456000000.0000000000
     22      2                        314351                                        456500000.0000000000
     24      2                        314353                                        457000000.0000000000
     31      3                        314356                                        458000000.0000000000
     24      2                        314361                                        458500000.0000000000
     31      3                        314366                                        459000000.0000000000
     31      3                        314370                                        459500000.0000000000
     22      2                        314373                                        460000000.0000000000
     31      3                        314380                                        460500000.0000000000
     31      3                        314382                                        461000000.0000000000
     22      2                        314385                                        461500000.0000000000
     22      2                        314389                                        462500000.0000000000
     22      2                        314391                                        463000000.0000000000
     22      2                        314393                                        463500000.0000000000
     24      2                        314397                                        464000000.0000000000
     22      2                        314401                                        464500000.0000000000
     31      3                        314404                                        465000000.0000000000
     24      2                        314409                                        465500000.0000000000
     22      2                        314413                                        466000000.0000000000
     24      2                        314419                                        466500000.0000000000
     24      2                        314425                                        467000000.0000000000
     24      2                        314431                                        467500000.0000000000
     22      2                        314437                                        468500000.0000000000
     22      2                        314439                                        469000000.0000000000
     22      2                        314441                                        469500000.0000000000
     31      3                        314448                                        470000000.0000000000
     22      2                        314451                                        470500000.0000000000
     31      3                        314456                                        471000000.0000000000
     31      3                        314458                                        471500000.0000000000
     24      2                        314461                                        472000000.0000000000
     24      2                        314463                                        473000000.0000000000
     31      3                        314468                                        473500000.0000000000
     24      2                        314475                                        474000000.0000000000
     22      2                        314479                                        474500000.0000000000
     31      3                        314482                                        475500000.0000000000
     22      2                        314485                                        476000000.0000000000
     24      2                        314487                                        476500000.0000000000
     22      2                        314493                                        477000000.0000000000
     31      3                        314496                                        477500000.0000000000
     22      2                        314507                                        478000000.0000000000
     31      3                        314508                                        478500000.0000000000
     24      2                        314511                                        479000000.0000000000
     22      2                        314513                                        479500000.0000000000
     24      2                        314515                                        480000000.0000000000
     31      3                        314518                                        480500000.0000000000
     24      2                        314521                                        481000000.0000000000
     24      2                        314523                                        481500000.0000000000
     24      2                        314527                                        482000000.0000000000
     24      2                        314531                                        482500000.0000000000
     22      2                        314535                                        483500000.0000000000
     24      2                        314539                                        484500000.0000000000
     22      2                        314541                                        485000000.0000000000
     31      3                        314548                                        485500000.0000000000
     31      3                        314550                                        486000000.0000000000
     24      2                        314555                                        486500000.0000000000
     24      2                        314557                                        487500000.0000000000
     22      2                        314559                                        488000000.0000000000
     24      2                        314565                                        488500000.0000000000
     22      2                        314569                                        489500000.0000000000
     24      2                        314571                                        490000000.0000000000
     31      3                        314574                                        490500000.0000000000
     22      2                        314575                                        491000000.0000000000
     24      2                        314579                                        491500000.0000000000
     24      2                        314583                                        492000000.0000000000
     22      2                        314587                                        492500000.0000000000
     22      2                        314591                                        493000000.0000000000
     31      3                        314596                                        493500000.0000000000
     22      2                        314601                                        494000000.0000000000
     22      2                        314603                                        494500000.0000000000
     24      2                        314607                                        495000000.0000000000
     24      2                        314611                                        495500000.0000000000
     31      3                        314612                                        496000000.0000000000
     24      2                        314613                                        496500000.0000000000
     24      2                        314615                                        497000000.0000000000
     24      2                        314619                                        497500000.0000000000
     24      2                        314623                                        498000000.0000000000
     31      3                        314624                                        498500000.0000000000
     31      3                        314630                                        499000000.0000000000
     22      2                        314633                                        499500000.0000000000
     22      2                        314635                                        500000000.0000000000
     31      3                        314640                                        500500000.0000000000
     31      3                        314646                                        501000000.0000000000
     24      2                        314649                                        501500000.0000000000
     31      3                        314656                                        502500000.0000000000
     22      2                        314659                                        503000000.0000000000
     24      2                        314661                                        503500000.0000000000
     24      2                        314663                                        504000000.0000000000
     31      3                        314670                                        504500000.0000000000
     24      2                        314673                                        505000000.0000000000
     22      2                        314675                                        505500000.0000000000
     24      2                        314679                                        506000000.0000000000
     22      2                        314685                                        506500000.0000000000
     22      2                        314693                                        507000000.0000000000
     22      2                        314699                                        507500000.0000000000
     24      2                        314701                                        508000000.0000000000
     22      2                        314703                                        508500000.0000000000
     24      2                        314707                                        509000000.0000000000
     31      3                        314710                                        509500000.0000000000
     24      2                        314711                                        510000000.0000000000
     31      3                        314714                                        510500000.0000000000
     22      2                        314715                                        511000000.0000000000
     31      3                        314716                                        511500000.0000000000
     22      2                        314717                                        512000000.0000000000
     22      2                        314721                                        512500000.0000000000
     24      2                        314725                                        513000000.0000000000
     22      2                        314733                                        513500000.0000000000
     31      3                        314734                                        514000000.0000000000
     31      3                        314742                                        514500000.0000000000
     31      3                        314746                                        515000000.0000000000
     22      2                        314749                                        515500000.0000000000
     24      2                        314751                                        516000000.0000000000
     24      2                        314753                                        516500000.0000000000
     22      2                        314757                                        517500000.0000000000
     22      2                        314761                                        518000000.0000000000
     24      2                        314765                                        518500000.0000000000
     24      2                        314769                                        519000000.0000000000
     31      3                        314770                                        519500000.0000000000
     22      2                        314773                                        520000000.0000000000
     31      3                        314778                                        520500000.0000000000
     22      2                        314781                                        521000000.0000000000
     22      2                        314787                                        521500000.0000000000
     24      2                        314791                                        522000000.0000000000
     31      3                        314800                                        522500000.0000000000
     31      3                        314804                                        523000000.0000000000
     24      2                        314805                                        523500000.0000000000
     24      2                        314807                                        524000000.0000000000
     24      2                        314811                                        525000000.0000000000
     24      2                        314813                                        525500000.0000000000
     31      3                        314814                                        526000000.0000000000
     22      2                        314815                                        526500000.0000000000
     24      2                        314819                                        527500000.0000000000
     24      2                        314821                                        528000000.0000000000
     31      3                        314824                                        528500000.0000000000
     31      3                        314830                                        529000000.0000000000
     24      2                        314831                                        529500000.0000000000
     22      2                        314833                                        530500000.0000000000
     24      2                        314837                                        531000000.0000000000
     24      2                        314841                                        532000000.0000000000
     24      2                        314847                                        532500000.0000000000
     24      2                        314849                                        533500000.0000000000
     22      2                        314853                                        534000000.0000000000
     31      3                        314860                                        534500000.0000000000
     24      2                        314863                                        535000000.0000000000
     22      2                        314869                                        535500000.0000000000
     24      2                        314871                                        536000000.0000000000
     24      2                        314875                                        536500000.0000000000
     24      2                        314877                                        537000000.0000000000
     31      3                        314882                                        537500000.0000000000
     22      2                        314885                                        538000000.0000000000
     24      2                        314891                                        538500000.0000000000
     24      2                        314893                                        539000000.0000000000
     24      2                        314895                                        539500000.0000000000
     24      2                        314901                                        540000000.0000000000
     24      2                        314909                                        540500000.0000000000
     24      2                        314913                                        541500000.0000000000
     22      2                        314917                                        542000000.0000000000
     31      3                        314918                                        543000000.0000000000
     24      2                        314923                                        543500000.0000000000
     31      3                        314926                                        544000000.0000000000
     22      2                        314929                                        544500000.0000000000
     22      2                        314935                                        545000000.0000000000
     31      3                        314942                                        545500000.0000000000
     24      2                        314945                                        546000000.0000000000
     24      2                        314949                                        546500000.0000000000
     31      3                        314952                                        547000000.0000000000
     24      2                        314955                                        547500000.0000000000
     22      2                        314957                                        548000000.0000000000
     31      3                        314958                                        550000000.0000000000
     22      2                        314959                                        550500000.0000000000
     22      2                        314961                                        551500000.0000000000
     22      2                        314963                                        552000000.0000000000
     22      2                        314965                                        552500000.0000000000
     24      2                        314969                                        553000000.0000000000
     31      3                        314972                                        553500000.0000000000
     31      3                        314976                                        554000000.0000000000
     24      2                        314977                                        554500000.0000000000
     31      3                        314980                                        555000000.0000000000
     22      2                        314983                                        555500000.0000000000
     22      2                        314985                                        556500000.0000000000
     24      2                        314987                                        557000000.0000000000
     24      2                        314991                                        557500000.0000000000
     31      3                        314996                                        558000000.0000000000
     22      2                        314999                                        558500000.0000000000
     24      2                        315003                                        559000000.0000000000
     22      2                        315007                                        559500000.0000000000
     22      2                        315013                                        560000000.0000000000
     24      2                        315015                                        561000000.0000000000
     24      2                        315019                                        561500000.0000000000
     22      2                        315021                                        562000000.0000000000
     22      2                        315023                                        562500000.0000000000
     22      2                        315027                                        563000000.0000000000
     22      2                        315031                                        563500000.0000000000
     31      3                        315034                                        564500000.0000000000
     22      2                        315035                                        565000000.0000000000
     22      2                        315037                                        566000000.0000000000
     22      2                        315039                                        566500000.0000000000
     22      2                        315041                                        567000000.0000000000
     24      2                        315043                                        567500000.0000000000
     24      2                        315045                                        568000000.0000000000
     22      2                        315051                                        568500000.0000000000
     24      2                        315057                                        569000000.0000000000
     22      2                        315059                                        569500000.0000000000
     31      3                        315066                                        570000000.0000000000
     24      2                        315071                                        570500000.0000000000
     24      2                        315073                                        571000000.0000000000
     24      2                        315075                                        573000000.0000000000
     24      2                        315077                                        574000000.0000000000
     24      2                        315081                                        574500000.0000000000
     31      3                        315086                                        575000000.0000000000
     22      2                        315089                                        575500000.0000000000
     22      2                        315091                                        576000000.0000000000
     22      2                        315093                                        576500000.0000000000
     22      2                        315097                                        577000000.0000000000
     22      2                        315101                                        577500000.0000000000
     22      2                        315105                                        578000000.0000000000
     22      2                        315109                                        578500000.0000000000
     24      2                        315111                                        579000000.0000000000
     24      2                        315113                                        579500000.0000000000
     24      2                        315115                                        580000000.0000000000
     22      2                        315119                                        580500000.0000000000
     22      2                        315121                                        581000000.0000000000
     31      3                        315128                                        581500000.0000000000
     22      2                        315131                                        582000000.0000000000
     24      2                        315137                                        582500000.0000000000
     22      2                        315139                                        583000000.0000000000
     24      2                        315141                                        583500000.0000000000
     22      2                        315147                                        584500000.0000000000
     24      2                        315151                                        585500000.0000000000
     31      3                        315156                                        586000000.0000000000
     24      2                        315161                                        586500000.0000000000
     22      2                        315165                                        587000000.0000000000
     31      3                        315170                                        587500000.0000000000
     22      2                        315171                                        588000000.0000000000
     22      2                        315175                                        588500000.0000000000
     22      2                        315179                                        589000000.0000000000
     31      3                        315184                                        589500000.0000000000
     22      2                        315189                                        590000000.0000000000
     24      2                        315191                                        590500000.0000000000
     22      2                        315195                                        591500000.0000000000
     24      2                        315197                                        593000000.0000000000
     22      2                        315199                                        593500000.0000000000
     31      3                        315206                                        594000000.0000000000
     24      2                        315211                                        594500000.0000000000
     22      2                        315215                                        595000000.0000000000
     31      3                        315222                                        595500000.0000000000
     24      2                        315227                                        596000000.0000000000
     22      2                        315231                                        597000000.0000000000
     22      2                        315233                                        597500000.0000000000
     24      2                        315235                                        598000000.0000000000
     24      2                        315241                                        598500000.0000000000
     22      2                        315249                                        600000000.0000000000
     31      3                        315252                                        600500000.0000000000
     24      2                        315253                                        601000000.0000000000
     22      2                        315257                                        601500000.0000000000
     22      2                        315259                                        602000000.0000000000
     24      2                        315261                                        602500000.0000000000
     24      2                        315263                                        603000000.0000000000
     31      3                        315264                                        603500000.0000000000
     31      3                        315268                                        604000000.0000000000
     31      3                        315272                                        604500000.0000000000
     24      2                        315273                                        605000000.0000000000
     24      2                        315277                                        605500000.0000000000
     24      2                        315279                                        606000000.0000000000
     24      2                        315289                                        606500000.0000000000
     22      2                        315291                                        607000000.0000000000
     31      3                        315294                                        608500000.0000000000
     22      2                        315297                                        609000000.0000000000
     22      2                        315301                                        610000000.0000000000
     31      3                        315302                                        610500000.0000000000
     31      3                        315306                                        611000000.0000000000
     22      2                        315309                                        611500000.0000000000
     24      2                        315311                                        612000000.0000000000
     24      2                        315313                                        612500000.0000000000
     31      3                        315316                                        613000000.0000000000
     31      3                        315320                                        613500000.0000000000
     22      2                        315321                                        614000000.0000000000
     24      2                        315323                                        615000000.0000000000
     24      2                        315325                                        615500000.0000000000
     24      2                        315329                                        616000000.0000000000
     31      3                        315330                                        616500000.0000000000
     24      2                        315333                                        617000000.0000000000
     22      2                        315337                                        618000000.0000000000
     22      2                        315345                                        618500000.0000000000
     22      2                        315351                                        619000000.0000000000
     22      2                        315353                                        619500000.0000000000
     24      2                        315357                                        620000000.0000000000
     22      2                        315359                                        620500000.0000000000
     31      3                        315362                                        621500000.0000000000
     24      2                        315369                                        622000000.0000000000
     22      2                        315373                                        622500000.0000000000
     24      2                        315375                                        623000000.0000000000
     22      2                        315381                                        623500000.0000000000
     22      2                        315387                                        624000000.0000000000
     22      2                        315393                                        624500000.0000000000
     24      2                        315395                                        626000000.0000000000
     24      2                        315399                                        626500000.0000000000
     24      2                        315401                                        627000000.0000000000
     24      2                        315407                                        627500000.0000000000
     22      2                        315409                                        628000000.0000000000
     24      2                        315411                                        628500000.0000000000
     31      3                        315414                                        629000000.0000000000
     24      2                        315417                                        629500000.0000000000
     24      2                        315419                                        630000000.0000000000
     31      3                        315422                                        630500000.0000000000
     22      2                        315425                                        631000000.0000000000
     22      2                        315429                                        632000000.0000000000
     24      2                        315433                                        632500000.0000000000
     22      2                        315435                                        633000000.0000000000
     31      3                        315438                                        633500000.0000000000
     22      2                        315441                                        634000000.0000000000
     22      2                        315443                                        634500000.0000000000
     24      2                        315447                                        635000000.0000000000
     22      2                        315449                                        635500000.0000000000
     24      2                        315451                                        636000000.0000000000
     24      2                        315453                                        636500000.0000000000
     22      2                        315455                                        637000000.0000000000
     31      3                        315462                                        638000000.0000000000
     24      2                        315465                                        638500000.0000000000
     24      2                        315467                                        639000000.0000000000
     24      2                        315471                                        639500000.0000000000
     22      2                        315473                                        640000000.0000000000
     31      3                        315476                                        640500000.0000000000
     22      2                        315481                                        641000000.0000000000
     31      3                        315488                                        641500000.0000000000
     31      3                        315490                                        642000000.0000000000
     24      2                        315495                                        642500000.0000000000
     24      2                        315499                                        643000000.0000000000
     22      2                        315505                                        643500000.0000000000
     24      2                        315507                                        644000000.0000000000
     22      2                        315509                                        644500000.0000000000
     24      2                        315513                                        645500000.0000000000
     24      2                        315515                                        646000000.0000000000
     31      3                        315518                                        646500000.0000000000
     24      2                        315521                                        647000000.0000000000
     22      2                        315523                                        647500000.0000000000
     22      2                        315527                                        648000000.0000000000
     22      2                        315529                                        649000000.0000000000
     24      2                        315531                                        649500000.0000000000
     31      3                        315534                                        650000000.0000000000
     31      3                        315536                                        650500000.0000000000
     31      3                        315540                                        651000000.0000000000
     22      2                        315545                                        651500000.0000000000
     22      2                        315547                                        652000000.0000000000
     31      3                        315550                                        652500000.0000000000
     24      2                        315555                                        653000000.0000000000
     24      2                        315559                                        653500000.0000000000
     22      2                        315561                                        654000000.0000000000
     24      2                        315565                                        654500000.0000000000
     24      2                        315567                                        655000000.0000000000
     22      2                        315569                                        655500000.0000000000
     31      3                        315572                                        656000000.0000000000
     24      2                        315573                                        656500000.0000000000
     31      3                        315578                                        657000000.0000000000
     24      2                        315583                                        657500000.0000000000
     22      2                        315587                                        658000000.0000000000
     22      2                        315593                                        659000000.0000000000
     22      2                        315597                                        659500000.0000000000
     24      2                        315601                                        660000000.0000000000
     24      2                        315609                                        660500000.0000000000
     31      3                        315612                                        661000000.0000000000
     31      3                        315618                                        661500000.0000000000
     24      2                        315625                                        662000000.0000000000
     22      2                        315629                                        662500000.0000000000
     24      2                        315631                                        663500000.0000000000
     22      2                        315633                                        664000000.0000000000
     24      2                        315639                                        664500000.0000000000
     24      2                        315645                                        665000000.0000000000
     22      2                        315647                                        665500000.0000000000
     31      3                        315652                                        666000000.0000000000
     24      2                        315657                                        666500000.0000000000
     22      2                        315661                                        667000000.0000000000
     22      2                        315663                                        667500000.0000000000
     22      2                        315667                                        668000000.0000000000
     22      2                        315671                                        668500000.0000000000
     31      3                        315672                                        669000000.0000000000
     24      2                        315677                                        669500000.0000000000
     22      2                        315681                                        670000000.0000000000
     24      2                        315689                                        670500000.0000000000
     22      2                        315693                                        671500000.0000000000
     24      2                        315697                                        672000000.0000000000
     22      2                        315699                                        672500000.0000000000
     22      2                        315701                                        673500000.0000000000
     31      3                        315702                                        674000000.0000000000
     24      2                        315703                                        674500000.0000000000
     31      3                        315706                                        675000000.0000000000
     24      2                        315709                                        675500000.0000000000
     31      3                        315712                                        676000000.0000000000
     22      2                        315717                                        676500000.0000000000
     24      2                        315719                                        677000000.0000000000
     22      2                        315723                                        677500000.0000000000
     22      2                        315725                                        678000000.0000000000
     22      2                        315727                                        678500000.0000000000
     22      2                        315731                                        679000000.0000000000
     31      3                        315738                                        679500000.0000000000
     22      2                        315745                                        680000000.0000000000
     22      2                        315747                                        681000000.0000000000
     31      3                        315750                                        681500000.0000000000
     22      2                        315753                                        682000000.0000000000
     22      2                        315757                                        682500000.0000000000
     24      2                        315759                                        683000000.0000000000
     24      2                        315763                                        683500000.0000000000
     22      2                        315765                                        684000000.0000000000
     31      3                        315766                                        684500000.0000000000
     22      2                        315769                                        685000000.0000000000
     22      2                        315775                                        685500000.0000000000
     22      2                        315779                                        686000000.0000000000
     22      2                        315783                                        687500000.0000000000
     22      2                        315787                                        688500000.0000000000
     24      2                        315789                                        689000000.0000000000
     31      3                        315792                                        689500000.0000000000
     31      3                        315798                                        690000000.0000000000
     22      2                        315799                                        690500000.0000000000
     24      2                        315805                                        691000000.0000000000
     24      2                        315807                                        691500000.0000000000
     22      2                        315809                                        693000000.0000000000
     24      2                        315811                                        693500000.0000000000
     22      2                        315815                                        694000000.0000000000
     31      3                        315820                                        694500000.0000000000
     22      2                        315825                                        695000000.0000000000
     22      2                        315827                                        695500000.0000000000
     31      3                        315828                                        696000000.0000000000
     24      2                        315833                                        696500000.0000000000
     24      2                        315837                                        697000000.0000000000
     22      2                        315839                                        697500000.0000000000
     24      2                        315843                                        698000000.0000000000
     22      2                        315847                                        698500000.0000000000
     31      3                        315848                                        699000000.0000000000
     24      2                        315851                                        699500000.0000000000
     24      2                        315853                                        700000000.0000000000
     31      3                        315858                                        700500000.0000000000
     22      2                        315859                                        701000000.0000000000
     22      2                        315863                                        702000000.0000000000
     31      3                        315868                                        702500000.0000000000
     24      2                        315871                                        703000000.0000000000
     22      2                        315877                                        703500000.0000000000
     22      2                        315883                                        704000000.0000000000
     24      2                        315887                                        704500000.0000000000
     22      2                        315889                                        705000000.0000000000
     22      2                        315893                                        705500000.0000000000
     31      3                        315894                                        706000000.0000000000
     31      3                        315896                                        706500000.0000000000
     24      2                        315897                                        707000000.0000000000
     31      3                        315902                                        707500000.0000000000
     22      2                        315909                                        708000000.0000000000
     24      2                        315913                                        708500000.0000000000
     22      2                        315919                                        709000000.0000000000
     24      2                        315921                                        709500000.0000000000
     31      3                        315924                                        710500000.0000000000
     22      2                        315925                                        711000000.0000000000
     24      2                        315927                                        711500000.0000000000
     22      2                        315931                                        712500000.0000000000
     22      2                        315933                                        713000000.0000000000
     22      2                        315939                                        713500000.0000000000
     31      3                        315948                                        714000000.0000000000
     31      3                        315952                                        714500000.0000000000
     22      2                        315959                                        715000000.0000000000
     31      3                        315962                                        715500000.0000000000
     31      3                        315964                                        716000000.0000000000
     22      2                        315967                                        716500000.0000000000
     24      2                        315971                                        717000000.0000000000
     22      2                        315973                                        718000000.0000000000
     24      2                        315975                                        718500000.0000000000
     31      3                        315976                                        719000000.0000000000
     24      2                        315979                                        719500000.0000000000
     22      2                        315987                                        720000000.0000000000
     22      2                        315989                                        720500000.0000000000
     31      3                        315992                                        721000000.0000000000
     24      2                        315993                                        721500000.0000000000
     24      2                        315997                                        722000000.0000000000
     31      3                        316002                                        722500000.0000000000
     22      2                        316007                                        723000000.0000000000
     22      2                        316009                                        723500000.0000000000
     24      2                        316011                                        724000000.0000000000
     24      2                        316015                                        724500000.0000000000
     24      2                        316017                                        725000000.0000000000
     31      3                        316022                                        725500000.0000000000
     22      2                        316023                                        726000000.0000000000
     24      2                        316025                                        726500000.0000000000
     24      2                        316027                                        727000000.0000000000
     22      2                        316029                                        727500000.0000000000
     22      2                        316031                                        728000000.0000000000
     31      3                        316036                                        728500000.0000000000
     22      2                        316041                                        729000000.0000000000
     24      2                        316043                                        729500000.0000000000
     22      2                        316049                                        730000000.0000000000
     22      2                        316051                                        731000000.0000000000
     24      2                        316055                                        731500000.0000000000
     31      3                        316060                                        732000000.0000000000
     22      2                        316065                                        732500000.0000000000
     22      2                        316067                                        733000000.0000000000
     24      2                        316075                                        733500000.0000000000
     24      2                        316079                                        734000000.0000000000
     22      2                        316081                                        735000000.0000000000
     31      3                        316086                                        736000000.0000000000
     24      2                        316089                                        736500000.0000000000
     31      3                        316092                                        737000000.0000000000
     24      2                        316095                                        737500000.0000000000
     24      2                        316097                                        738000000.0000000000
     31      3                        316102                                        739000000.0000000000
     21      2                        382800                                        739500000.0000000000
     31      3                        382803                                        821000000.0000000000
     24      2                        382804                                        821500000.0000000000
     22      2                        382806                                        822000000.0000000000
     31      3                        382811                                        822500000.0000000000
     22      2                        382820                                        823000000.0000000000
     31      3                        382823                                        824000000.0000000000
     24      2                        382826                                        824500000.0000000000
     24      2                        382830                                        825000000.0000000000
     24      2                        382838                                        825500000.0000000000
     22      2                        382842                                        826000000.0000000000
     22      2                        382844                                        826500000.0000000000
     22      2                        382846                                        827000000.0000000000
     31      3                        382851                                        827500000.0000000000
     22      2                        382856                                        828000000.0000000000
     22      2                        382858                                        828500000.0000000000
     22      2                        382860                                        829500000.0000000000
     31      3                        382867                                        830500000.0000000000
     31      3                        382869                                        831000000.0000000000
     22      2                        382874                                        831500000.0000000000
     24      2                        382878                                        832500000.0000000000
     24      2                        382882                                        833000000.0000000000
     22      2                        382884                                        833500000.0000000000
     31      3                        382887                                        834000000.0000000000
     22      2                        382894                                        834500000.0000000000
     24      2                        382898                                        835500000.0000000000
     22      2                        382900                                        836000000.0000000000
     31      3                        382903                                        836500000.0000000000
     31      3                        382909                                        837000000.0000000000
     24      2                        382912                                        837500000.0000000000
     24      2                        382916                                        838000000.0000000000
     22      2                        382918                                        838500000.0000000000
     31      3                        382921                                        839000000.0000000000
     24      2                        382926                                        839500000.0000000000
     24      2                        382930                                        840000000.0000000000
     22      2                        382934                                        840500000.0000000000
     31      3                        382939                                        841000000.0000000000
     22      2                        382944                                        841500000.0000000000
     22      2                        382948                                        842000000.0000000000
     24      2                        382952                                        842500000.0000000000
     31      3                        382957                                        843000000.0000000000
     31      3                        382959                                        843500000.0000000000
     22      2                        382962                                        844000000.0000000000
     31      3                        382965                                        844500000.0000000000
     22      2                        382970                                        845000000.0000000000
     24      2                        382976                                        846000000.0000000000
     31      3                        382981                                        847000000.0000000000
     24      2                        382982                                        847500000.0000000000
     31      3                        382985                                        848000000.0000000000
     31      3                        382989                                        848500000.0000000000
     24      2                        382992                                        849000000.0000000000
     24      2                        382994                                        849500000.0000000000
     22      2                        382996                                        850000000.0000000000
     22      2                        383000                                        850500000.0000000000
     22      2                        383002                                        851500000.0000000000
     22      2                        383004                                        852000000.0000000000
     22      2                        383006                                        853000000.0000000000
     31      3                        383009                                        854000000.0000000000
     22      2                        383014                                        854500000.0000000000
     22      2                        383016                                        855500000.0000000000
     31      3                        383021                                        856000000.0000000000
     22      2                        383024                                        856500000.0000000000
     24      2                        383026                                        857000000.0000000000
     31      3                        383027                                        857500000.0000000000
     22      2                        383030                                        858000000.0000000000
     31      3                        383037                                        858500000.0000000000
     22      2                        383044                                        859000000.0000000000
     24      2                        383050                                        859500000.0000000000
     24      2                        383054                                        860000000.0000000000
     31      3                        383057                                        860500000.0000000000
     31      3                        383061                                        861000000.0000000000
     24      2                        383062                                        861500000.0000000000
     24      2                        383066                                        862000000.0000000000
     24      2                        383072                                        862500000.0000000000
     22      2                        383074                                        863000000.0000000000
     22      2                        383076                                        863500000.0000000000
     24      2                        383082                                        864500000.0000000000
     24      2                        383088                                        866500000.0000000000
     24      2                        383090                                        867000000.0000000000
     22      2                        383094                                        867500000.0000000000
     24      2                        383096                                        868000000.0000000000
     24      2                        383098                                        869000000.0000000000
     22      2                        383102                                        869500000.0000000000
     22      2                        383106                                        870000000.0000000000
     22      2                        383108                                        870500000.0000000000
     22      2                        383110                                        871000000.0000000000
     22      2                        383112                                        871500000.0000000000
     22      2                        383114                                        872000000.0000000000
     24      2                        383118                                        873000000.0000000000
     22      2                        383120                                        873500000.0000000000
     22      2                        383122                                        874000000.0000000000
     31      3                        383129                                        874500000.0000000000
     31      3                        383131                                        875000000.0000000000
     31      3                        383135                                        875500000.0000000000
     24      2                        383138                                        876000000.0000000000
     31      3                        383145                                        876500000.0000000000
     22      2                        383150                                        877000000.0000000000
     31      3                        383153                                        877500000.0000000000
     24      2                        383156                                        878000000.0000000000
     24      2                        383162                                        879000000.0000000000
     22      2                        383164                                        879500000.0000000000
     24      2                        383166                                        880000000.0000000000
     22      2                        383170                                        880500000.0000000000
     22      2                        383174                                        881000000.0000000000
     24      2                        383180                                        881500000.0000000000
     31      3                        383183                                        882000000.0000000000
     22      2                        383184                                        882500000.0000000000
     31      3                        383189                                        883000000.0000000000
     24      2                        383192                                        883500000.0000000000
     22      2                        383194                                        884000000.0000000000
     31      3                        383197                                        884500000.0000000000
     24      2                        383200                                        885000000.0000000000
     31      3                        383201                                        886000000.0000000000
     24      2                        383204                                        886500000.0000000000
     24      2                        383210                                        887000000.0000000000
     22      2                        383214                                        887500000.0000000000
     22      2                        383218                                        888000000.0000000000
     22      2                        383222                                        889000000.0000000000
     24      2                        383226                                        889500000.0000000000
     22      2                        383228                                        890000000.0000000000
     31      3                        383229                                        890500000.0000000000
     24      2                        383232                                        891000000.0000000000
     24      2                        383238                                        891500000.0000000000
     24      2                        383240                                        892000000.0000000000
     24      2                        383242                                        892500000.0000000000
     24      2                        383244                                        893000000.0000000000
     22      2                        383248                                        893500000.0000000000
     22      2                        383252                                        894000000.0000000000
     31      3                        383253                                        894500000.0000000000
     22      2                        383258                                        895000000.0000000000
     22      2                        383260                                        895500000.0000000000
     24      2                        383262                                        896000000.0000000000
     31      3                        383265                                        896500000.0000000000
     22      2                        383268                                        897000000.0000000000
     24      2                        383270                                        897500000.0000000000
     22      2                        383272                                        898000000.0000000000
     24      2                        383274                                        898500000.0000000000
     24      2                        383276                                        899000000.0000000000
     22      2                        383284                                        900000000.0000000000
     24      2                        383286                                        900500000.0000000000
     24      2                        383288                                        901000000.0000000000
     22      2                        383290                                        901500000.0000000000
     31      3                        383295                                        902000000.0000000000
     22      2                        383298                                        902500000.0000000000
     22      2                        383302                                        903000000.0000000000
     24      2                        383304                                        903500000.0000000000
     31      3                        383307                                        904000000.0000000000
     24      2                        383310                                        904500000.0000000000
     22      2                        383314                                        905000000.0000000000
     24      2                        383316                                        905500000.0000000000
     22      2                        383320                                        907000000.0000000000
     22      2                        383322                                        907500000.0000000000
     24      2                        383328                                        908500000.0000000000
     22      2                        383330                                        910000000.0000000000
     22      2                        383336                                        910500000.0000000000
     24      2                        383338                                        911500000.0000000000
     22      2                        383344                                        912000000.0000000000
     22      2                        383348                                        912500000.0000000000
     31      3                        383353                                        913000000.0000000000
     24      2                        383356                                        913500000.0000000000
     31      3                        383361                                        914500000.0000000000
     24      2                        383364                                        915000000.0000000000
     24      2                        383366                                        915500000.0000000000
     31      3                        383369                                        916000000.0000000000
     24      2                        383372                                        916500000.0000000000
     22      2                        383376                                        918000000.0000000000
     24      2                        383378                                        918500000.0000000000
     31      3                        383381                                        919500000.0000000000
     22      2                        383388                                        920000000.0000000000
     31      3                        383389                                        920500000.0000000000
     22      2                        383392                                        921000000.0000000000
     22      2                        383394                                        921500000.0000000000
     22      2                        383396                                        922000000.0000000000
     31      3                        383399                                        922500000.0000000000
     22      2                        383400                                        923000000.0000000000
     24      2                        383402                                        923500000.0000000000
     22      2                        383404                                        924000000.0000000000
     22      2                        383406                                        924500000.0000000000
     24      2                        383410                                        925000000.0000000000
     24      2                        383412                                        925500000.0000000000
     24      2                        383414                                        926500000.0000000000
     31      3                        383417                                        927000000.0000000000
     22      2                        383420                                        927500000.0000000000
     24      2                        383424                                        928000000.0000000000
     24      2                        383426                                        928500000.0000000000
     31      3                        383429                                        929000000.0000000000
     22      2                        383432                                        929500000.0000000000
     24      2                        383436                                        930500000.0000000000
     24      2                        383440                                        931000000.0000000000
     31      3                        383445                                        931500000.0000000000
     22      2                        383448                                        932000000.0000000000
     24      2                        383450                                        932500000.0000000000
     24      2                        383454                                        933000000.0000000000
     22      2                        383458                                        933500000.0000000000
     31      3                        383459                                        934000000.0000000000
     24      2                        383462                                        934500000.0000000000
     24      2                        383464                                        935000000.0000000000
     24      2                        383468                                        936000000.0000000000
     31      3                        383471                                        936500000.0000000000
     22      2                        383476                                        937000000.0000000000
     31      3                        383477                                        937500000.0000000000
     24      2                        383480                                        938000000.0000000000
     22      2                        383484                                        938500000.0000000000
     22      2                        383486                                        939000000.0000000000
     24      2                        383492                                        939500000.0000000000
     24      2                        383496                                        940000000.0000000000
     24      2                        383498                                        941000000.0000000000
     31      3                        383501                                        941500000.0000000000
     24      2                        383506                                        942000000.0000000000
     31      3                        383507                                        943000000.0000000000
     24      2                        383510                                        943500000.0000000000
     22      2                        383512                                        944000000.0000000000
     24      2                        383518                                        944500000.0000000000
     24      2                        383522                                        945000000.0000000000
     22      2                        383524                                        945500000.0000000000
     22      2                        383530                                        946000000.0000000000
     22      2                        383532                                        946500000.0000000000
     31      3                        383535                                        947000000.0000000000
     22      2                        383540                                        947500000.0000000000
     24      2                        383542                                        948000000.0000000000
     22      2                        383546                                        948500000.0000000000
     24      2                        383550                                        949000000.0000000000
     22      2                        383552                                        949500000.0000000000
     31      3                        383555                                        950000000.0000000000
     22      2                        383558                                        950500000.0000000000
     22      2                        383564                                        951000000.0000000000
     22      2                        383566                                        951500000.0000000000
     22      2                        383568                                        952500000.0000000000
     22      2                        383570                                        953000000.0000000000
     31      3                        383575                                        953500000.0000000000
     24      2                        383576                                        954000000.0000000000
     24      2                        383580                                        954500000.0000000000
     24      2                        383584                                        955000000.0000000000
     22      2                        383590                                        955500000.0000000000
     31      3                        383595                                        956000000.0000000000
     22      2                        383598                                        956500000.0000000000
     31      3                        383599                                        957000000.0000000000
     31      3                        383603                                        957500000.0000000000
     24      2                        383608                                        958000000.0000000000
     22      2                        383614                                        958500000.0000000000
     24      2                        383620                                        959000000.0000000000
     31      3                        383621                                        959500000.0000000000
     24      2                        383622                                        960000000.0000000000
     31      3                        383627                                        960500000.0000000000
     31      3                        383629                                        961000000.0000000000
     24      2                        383634                                        961500000.0000000000
     22      2                        383640                                        962000000.0000000000
     24      2                        383642                                        963500000.0000000000
     22      2                        383646                                        964500000.0000000000
     24      2                        383648                                        965000000.0000000000
     19      2                        392176                                        965500000.0000000000
     24      2                        392178                                        976000000.0000000000
     24      2                        392182                                        976500000.0000000000
     24      2                        392186                                        977000000.0000000000
     22      2                        392188                                        977500000.0000000000
     24      2                        392190                                        978000000.0000000000
     22      2                        392194                                        978500000.0000000000
     22      2                        392196                                        979000000.0000000000
     24      2                        392198                                        979500000.0000000000
     24      2                        392206                                        980000000.0000000000
     22      2                        392210                                        980500000.0000000000
     22      2                        392212                                        981000000.0000000000
     22      2                        392216                                        981500000.0000000000
     22      2                        392220                                        982000000.0000000000
     24      2                        392222                                        982500000.0000000000
     31      3                        392225                                        983000000.0000000000
     22      2                        392228                                        983500000.0000000000
     22      2                        392234                                        984000000.0000000000
     24      2                        392238                                        984500000.0000000000
     24      2                        392246                                        985000000.0000000000
     24      2                        392252                                        985500000.0000000000
     24      2                        392254                                        986000000.0000000000
     31      3                        392255                                        986500000.0000000000
     22      2                        392256                                        987000000.0000000000
     24      2                        392262                                        987500000.0000000000
     24      2                        392264                                        988000000.0000000000
     31      3                        392265                                        988500000.0000000000
     24      2                        392268                                        989000000.0000000000
     24      2                        392270                                        989500000.0000000000
     24      2                        392272                                        990000000.0000000000
     22      2                        392276                                        990500000.0000000000
     22      2                        392278                                        991000000.0000000000
     31      3                        392281                                        992000000.0000000000
     22      2                        392286                                        992500000.0000000000
     24      2                        392292                                        993500000.0000000000
     24      2                        392300                                        994000000.0000000000
     22      2                        392302                                        995500000.0000000000
     31      3                        392305                                        996000000.0000000000
     31      3                        392311                                        996500000.0000000000
     22      2                        392316                                        997000000.0000000000
     24      2                        392320                                        997500000.0000000000
     24      2                        392326                                        998000000.0000000000
     22      2                        392330                                        998500000.0000000000
     24      2                        392334                                        999000000.0000000000
     31      3                        392337                                       1000000000.0000000000
     24      2                        392337                                       1000046069.7288800334
