      9      1                             0                                                0.0000000000
     16      1                          7880                                           500000.0000000000
      7      0                          7883                                          1000000.0000000000
      7      0                          7885                                          1500000.0000000000
      7      0                          7887                                          2500000.0000000000
      7      0                          7891                                          3500000.0000000000
      7      0                          7893                                          4000000.0000000000
      7      0                          7897                                          4500000.0000000000
     14      1                          7900                                          5000000.0000000000
      7      0                          7901                                          5500000.0000000000
     16      1                          7902                                          7000000.0000000000
      7      0                          7905                                          7500000.0000000000
      7      0                          7911                                          8500000.0000000000
      7      0                          7913                                          9500000.0000000000
      7      0                          7919                                         10000000.0000000000
      7      0                          7921                                         11500000.0000000000
      7      0                          7923                                         12000000.0000000000
      7      0                          7925                                         12500000.0000000000
      7      0                          7927                                         13000000.0000000000
      7      0                          7929                                         14000000.0000000000
      7      0                          7931                                         15000000.0000000000
      7      0                          7933                                         15500000.0000000000
      2      0                       2123096                                         16000000.0000000000
      6      0                       2123098                                         87500000.0000000000
      6      0                       2123100                                         91500000.0000000000
      6      0                       2123102                                         93000000.0000000000
      6      0                       2123106                                         97500000.0000000000
      6      0                       2123108                                         98000000.0000000000
     23      2                       2123109                                        100500000.0000000000
      6      0                       2123110                                        101000000.0000000000
      6      0                       2123112                                        101500000.0000000000
      6      0                       2123114                                        103000000.0000000000
      8      0                       2123118                                        105500000.0000000000
     23      2                       2123119                                        108500000.0000000000
      8      0                       2123120                                        109000000.0000000000
     23      2                       2123121                                        111500000.0000000000
      8      0                       2123122                                        112000000.0000000000
      6      0                       2123124                                        114000000.0000000000
      6      0                       2123126                                        116000000.0000000000
      6      0                       2123128                                        119500000.0000000000
      6      0                       2123130                                        121500000.0000000000
      2      0                       2273716                                        122500000.0000000000
      7      0                       2273720                                        130000000.0000000000
      7      0                       2273722                                        130500000.0000000000
     12      1                       2811494                                        131000000.0000000000
     30      3                       2811495                                        149000000.0000000000
     30      3                       2811501                                        149500000.0000000000
     32      3                       2811507                                        150000000.0000000000
     27      3                       2828477                                        150500000.0000000000
     15      1                       2828480                                        167000000.0000000000
     32      3                       2828487                                        167500000.0000000000
     32      3                       2828489                                        168000000.0000000000
     32      3                       2828491                                        168500000.0000000000
     32      3                       2828495                                        169000000.0000000000
     25      3                       3151425                                        169500000.0000000000
     22      2                       3151430                                        474000000.0000000000
     22      2                       3151434                                        474500000.0000000000
     24      2                       3151436                                        475000000.0000000000
     24      2                       3151442                                        475500000.0000000000
     22      2                       3151448                                        476500000.0000000000
     31      3                       3151451                                        477000000.0000000000
     24      2                       3151456                                        477500000.0000000000
     22      2                       3151458                                        478000000.0000000000
     24      2                       3151462                                        478500000.0000000000
     31      3                       3151465                                        479000000.0000000000
     22      2                       3151466                                        479500000.0000000000
     31      3                       3151471                                        480000000.0000000000
     24      2                       3151474                                        480500000.0000000000
     22      2                       3151478                                        481000000.0000000000
     24      2                       3151484                                        483500000.0000000000
     31      3                       3151485                                        484000000.0000000000
     31      3                       3151487                                        484500000.0000000000
     31      3                       3151493                                        485000000.0000000000
     22      2                       3151498                                        485500000.0000000000
     24      2                       3151500                                        486000000.0000000000
     22      2                       3151502                                        486500000.0000000000
     31      3                       3151505                                        487500000.0000000000
     24      2                       3151508                                        488000000.0000000000
     22      2                       3151512                                        488500000.0000000000
     31      3                       3151515                                        489000000.0000000000
     22      2                       3151516                                        489500000.0000000000
     22      2                       3151518                                        490500000.0000000000
     31      3                       3151521                                        491000000.0000000000
     31      3                       3151523                                        491500000.0000000000
     19      2                       3220312                                        492000000.0000000000
     23      2                       3220316                                        575500000.0000000000
     23      2                       3220318                                        576000000.0000000000
     23      2                       3220320                                        576500000.0000000000
      6      0                       3220321                                        577000000.0000000000
      8      0                       3220323                                        577500000.0000000000
      6      0                       3220325                                        579000000.0000000000
      6      0                       3220327                                        580000000.0000000000
      6      0                       3220329                                        580500000.0000000000
      6      0                       3220333                                        581000000.0000000000
     23      2                       3220334                                        581500000.0000000000
      8      0                       3220337                                        582000000.0000000000
      6      0                       3220339                                        584500000.0000000000
      8      0                       3220341                                        586000000.0000000000
      6      0                       3220343                                        588000000.0000000000
     23      2                       3220344                                        588500000.0000000000
      8      0                       3220345                                        589000000.0000000000
      6      0                       3220347                                        589500000.0000000000
     23      2                       3220350                                        592500000.0000000000
     23      2                       3220352                                        593000000.0000000000
      6      0                       3220355                                        593500000.0000000000
     23      2                       3220356                                        594000000.0000000000
      2      0                       4333436                                        594500000.0000000000
     23      2                       4333439                                        632500000.0000000000
     23      2                       4333441                                        633000000.0000000000
      6      0                       4333444                                        633500000.0000000000
      6      0                       4333446                                        634000000.0000000000
      6      0                       4333448                                        635500000.0000000000
      8      0                       4333450                                        636000000.0000000000
     23      2                       4333451                                        636500000.0000000000
      6      0                       4333454                                        637000000.0000000000
     23      2                       4333455                                        638500000.0000000000
     23      2                       4333457                                        639000000.0000000000
      6      0                       4333460                                        639500000.0000000000
      6      0                       4333462                                        641000000.0000000000
      8      0                       4333464                                        641500000.0000000000
     23      2                       4333465                                        642500000.0000000000
     23      2                       4333467                                        643000000.0000000000
      6      0                       4333470                                        643500000.0000000000
     23      2                       4333471                                        644500000.0000000000
      8      0                       4333472                                        645000000.0000000000
      8      0                       4333474                                        645500000.0000000000
      8      0                       4333476                                        646000000.0000000000
     23      2                       4333477                                        646500000.0000000000
      6      0                       4333478                                        647000000.0000000000
      8      0                       4333480                                        647500000.0000000000
      6      0                       4333482                                        648000000.0000000000
     23      2                       4333483                                        648500000.0000000000
      6      0                       4333484                                        649000000.0000000000
      6      0                       4333486                                        651500000.0000000000
     23      2                       4333487                                        652500000.0000000000
     23      2                       4333491                                        653500000.0000000000
      6      0                       4333492                                        654000000.0000000000
      8      0                       4333494                                        654500000.0000000000
      6      0                       4333496                                        655000000.0000000000
      6      0                       4333498                                        655500000.0000000000
      2      0                       5810325                                        656500000.0000000000
      6      0                       5810327                                        708000000.0000000000
     23      2                       5810328                                        708500000.0000000000
      8      0                       5810333                                        709000000.0000000000
      6      0                       5810335                                        710500000.0000000000
     23      2                       5810336                                        711000000.0000000000
     23      2                       5810340                                        711500000.0000000000
      8      0                       5810341                                        712000000.0000000000
     23      2                       5810344                                        713000000.0000000000
      8      0                       5810347                                        713500000.0000000000
      6      0                       5810351                                        714000000.0000000000
      8      0                       5810353                                        714500000.0000000000
      6      0                       5810355                                        716500000.0000000000
      6      0                       5810357                                        718500000.0000000000
      3      0                       7499489                                        720000000.0000000000
      6      0                       7499491                                        778000000.0000000000
      8      0                       7499493                                        780000000.0000000000
     23      2                       7499494                                        781000000.0000000000
      6      0                       7499495                                        781500000.0000000000
      8      0                       7499499                                        782000000.0000000000
      6      0                       7499503                                        783000000.0000000000
     23      2                       7499506                                        783500000.0000000000
      8      0                       7499509                                        784000000.0000000000
      6      0                       7499511                                        786500000.0000000000
      6      0                       7499515                                        788000000.0000000000
     23      2                       7499516                                        788500000.0000000000
      8      0                       7499519                                        789000000.0000000000
      8      0                       7499521                                        789500000.0000000000
      6      0                       7499523                                        791500000.0000000000
      8      0                       7499525                                        792000000.0000000000
      8      0                       7499527                                        792500000.0000000000
     23      2                       7499528                                        794500000.0000000000
     23      2                       7499530                                        795000000.0000000000
      8      0                       7499531                                        795500000.0000000000
     23      2                       7499532                                        796000000.0000000000
      6      0                       7499535                                        796500000.0000000000
     23      2                       7499536                                        799000000.0000000000
      8      0                       7499537                                        799500000.0000000000
      8      0                       7499539                                        800000000.0000000000
      6      0                       7499541                                        802000000.0000000000
      6      0                       7499543                                        803500000.0000000000
      6      0                       7499547                                        806000000.0000000000
     23      2                       7499548                                        807000000.0000000000
      6      0                       7499549                                        807500000.0000000000
     23      2                       7499552                                        808000000.0000000000
      6      0                       7499553                                        808500000.0000000000
      6      0                       7499555                                        811000000.0000000000
      6      0                       7499557                                        813500000.0000000000
      6      0                       7499561                                        814000000.0000000000
      8      0                       7499565                                        816000000.0000000000
     23      2                       7499566                                        816500000.0000000000
      6      0                       7499567                                        817000000.0000000000
     23      2                       7499568                                        817500000.0000000000
      8      0                       7499571                                        818000000.0000000000
      6      0                       7499573                                        821000000.0000000000
      3      0                      10125090                                        821500000.0000000000
      6      0                      10125092                                        911500000.0000000000
      8      0                      10125094                                        913000000.0000000000
      6      0                      10125096                                        915000000.0000000000
      8      0                      10125098                                        916500000.0000000000
     23      2                      10125099                                        918000000.0000000000
     23      2                      10125103                                        918500000.0000000000
      6      0                      10125104                                        919000000.0000000000
      8      0                      10125106                                        920500000.0000000000
      6      0                      10125108                                        925000000.0000000000
      6      0                      10125110                                        925500000.0000000000
      8      0                      10125112                                        927000000.0000000000
      8      0                      10125114                                        928000000.0000000000
      8      0                      10125116                                        929000000.0000000000
      6      0                      10125118                                        929500000.0000000000
      8      0                      10125120                                        930000000.0000000000
      6      0                      10125122                                        930500000.0000000000
     23      2                      10125125                                        932000000.0000000000
      6      0                      10125126                                        932500000.0000000000
      8      0                      10125128                                        933500000.0000000000
      6      0                      10125132                                        934500000.0000000000
     23      2                      10125133                                        937000000.0000000000
      6      0                      10125134                                        937500000.0000000000
      6      0                      10125136                                        938500000.0000000000
      6      0                      10125138                                        939000000.0000000000
      8      0                      10125140                                        939500000.0000000000
      8      0                      10125142                                        941000000.0000000000
      6      0                      10125146                                        942000000.0000000000
     23      2                      10125147                                        945000000.0000000000
      6      0                      10125148                                        945500000.0000000000
      8      0                      10125152                                        947000000.0000000000
      8      0                      10125156                                        949000000.0000000000
     23      2                      10125157                                        949500000.0000000000
      8      0                      10125158                                        950000000.0000000000
     23      2                      10125159                                        951500000.0000000000
     23      2                      10125161                                        952000000.0000000000
      1      0                      10262110                                        952500000.0000000000
     23      2                      10262111                                        959000000.0000000000
      6      0                      10262112                                        959500000.0000000000
      8      0                      10262116                                        960000000.0000000000
     23      2                      10262119                                        962000000.0000000000
      8      0                      10262120                                        962500000.0000000000
      8      0                      10262122                                        964000000.0000000000
      6      0                      10262124                                        964500000.0000000000
     23      2                      10262125                                        968000000.0000000000
      4      0                      10788072                                        968500000.0000000000
      7      0                      10788074                                        987500000.0000000000
      7      0                      10788076                                        988000000.0000000000
      7      0                      10788080                                        989500000.0000000000
      7      0                      10788082                                        990000000.0000000000
     14      1                      10788083                                        991000000.0000000000
      7      0                      10788084                                        991500000.0000000000
      7      0                      10788086                                        992000000.0000000000
     14      1                      10788087                                        994500000.0000000000
      7      0                      10788088                                        995000000.0000000000
      7      0                      10788092                                        995500000.0000000000
      7      0                      10788094                                        996500000.0000000000
      7      0                      10788096                                        997000000.0000000000
      7      0                      10788098                                        997500000.0000000000
      7      0                      10788100                                        998000000.0000000000
      7      0                      10788102                                        999000000.0000000000
      7      0                      10788104                                        999500000.0000000000
     16      1                      10788104                                       1000125198.2701422149
