     15      1                             0                                                0.0000000000
     15      1                             9                                           500000.0000000000
     32      3                            14                                          1000000.0000000000
     15      1                            15                                          1500000.0000000000
     30      3                            24                                          2000000.0000000000
     30      3                            26                                          2500000.0000000000
     30      3                            34                                          3000000.0000000000
     32      3                            36                                          3500000.0000000000
     32      3                            50                                          4000000.0000000000
     30      3                            54                                          4500000.0000000000
     15      1                            61                                          5000000.0000000000
     30      3                            62                                          5500000.0000000000
     30      3                            66                                          6000000.0000000000
     32      3                            72                                          6500000.0000000000
     32      3                            80                                          7000000.0000000000
     32      3                            90                                          7500000.0000000000
     32      3                           100                                          8000000.0000000000
     30      3                           110                                          8500000.0000000000
     32      3                           112                                          9000000.0000000000
     30      3                           114                                          9500000.0000000000
     12      1                         13887                                         10000000.0000000000
      7      0                         13890                                         10500000.0000000000
      7      0                         13892                                         11000000.0000000000
      3      0                       1140222                                         11500000.0000000000
      8      0                       1140224                                         50500000.0000000000
     23      2                       1140225                                         51500000.0000000000
      8      0                       1140226                                         52000000.0000000000
     23      2                       1140229                                         52500000.0000000000
      8      0                       1140230                                         53000000.0000000000
      6      0                       1140234                                         54500000.0000000000
      6      0                       1140236                                         55500000.0000000000
      6      0                       1140240                                         56500000.0000000000
      6      0                       1140242                                         57500000.0000000000
     23      2                       1140243                                         58000000.0000000000
      6      0                       1140244                                         58500000.0000000000
     23      2                       1140245                                         59000000.0000000000
      6      0                       1140248                                         59500000.0000000000
      6      0                       1140250                                         61500000.0000000000
      6      0                       1140252                                         62500000.0000000000
      8      0                       1140254                                         64000000.0000000000
      6      0                       1140256                                         65500000.0000000000
      8      0                       1140260                                         67000000.0000000000
     23      2                       1140261                                         67500000.0000000000
      4      0                       3428724                                         68000000.0000000000
     23      2                       3428725                                        145500000.0000000000
      8      0                       3428728                                        146000000.0000000000
      8      0                       3428732                                        146500000.0000000000
     23      2                       3428733                                        151000000.0000000000
      8      0                       3428736                                        151500000.0000000000
      8      0                       3428738                                        152000000.0000000000
     23      2                       3428741                                        153500000.0000000000
     23      2                       3428743                                        154000000.0000000000
      8      0                       3428744                                        154500000.0000000000
      6      0                       3428748                                        155500000.0000000000
      8      0                       3428750                                        156000000.0000000000
     23      2                       3428751                                        156500000.0000000000
      8      0                       3428752                                        157000000.0000000000
     23      2                       3428753                                        157500000.0000000000
      8      0                       3428754                                        158000000.0000000000
      8      0                       3428756                                        158500000.0000000000
      8      0                       3428758                                        160500000.0000000000
     23      2                       3428759                                        161000000.0000000000
      8      0                       3428760                                        161500000.0000000000
      6      0                       3428762                                        163500000.0000000000
      8      0                       3428764                                        165000000.0000000000
      8      0                       3428766                                        170500000.0000000000
      6      0                       3428768                                        171000000.0000000000
      4      0                       6976593                                        173000000.0000000000
     12      1                       7020742                                        292500000.0000000000
     32      3                       7020747                                        294000000.0000000000
     30      3                       7020751                                        294500000.0000000000
     32      3                       7020759                                        295000000.0000000000
     30      3                       7020765                                        295500000.0000000000
     13      1                       7129538                                        296000000.0000000000
      7      0                       7129539                                        299500000.0000000000
      7      0                       7129541                                        300500000.0000000000
      7      0                       7129545                                        301000000.0000000000
      7      0                       7129547                                        302000000.0000000000
     14      1                       7129550                                        302500000.0000000000
      7      0                       7129553                                        303000000.0000000000
      7      0                       7129557                                        303500000.0000000000
      7      0                       7129559                                        304000000.0000000000
      1      0                       9803714                                        304500000.0000000000
      8      0                       9803716                                        396000000.0000000000
      6      0                       9803718                                        397500000.0000000000
      8      0                       9803720                                        398000000.0000000000
      8      0                       9803722                                        398500000.0000000000
      8      0                       9803724                                        399500000.0000000000
      6      0                       9803726                                        400000000.0000000000
      6      0                       9803728                                        401500000.0000000000
     23      2                       9803729                                        402000000.0000000000
      8      0                       9803730                                        402500000.0000000000
      6      0                       9803732                                        403000000.0000000000
      6      0                       9803734                                        403500000.0000000000
      6      0                       9803736                                        404500000.0000000000
      8      0                       9803738                                        405000000.0000000000
      4      0                       9888673                                        408000000.0000000000
     23      2                       9888674                                        414500000.0000000000
      6      0                       9888675                                        415000000.0000000000
      6      0                       9888677                                        418500000.0000000000
      8      0                       9888679                                        421000000.0000000000
      6      0                       9888681                                        421500000.0000000000
      6      0                       9888683                                        422500000.0000000000
      6      0                       9888685                                        423500000.0000000000
      8      0                       9888687                                        424500000.0000000000
     23      2                       9888688                                        427500000.0000000000
      8      0                       9888689                                        428000000.0000000000
     23      2                       9888690                                        429000000.0000000000
      8      0                       9888691                                        429500000.0000000000
     23      2                       9888694                                        430000000.0000000000
      8      0                       9888695                                        430500000.0000000000
      6      0                       9888697                                        431500000.0000000000
     23      2                       9888698                                        432000000.0000000000
      8      0                       9888699                                        432500000.0000000000
      6      0                       9888701                                        433000000.0000000000
      6      0                       9888703                                        434000000.0000000000
      6      0                       9888709                                        434500000.0000000000
      6      0                       9888711                                        435000000.0000000000
      6      0                       9888713                                        436500000.0000000000
      6      0                       9888715                                        437000000.0000000000
      6      0                       9888719                                        437500000.0000000000
      8      0                       9888721                                        438000000.0000000000
      6      0                       9888725                                        440000000.0000000000
      8      0                       9888727                                        441000000.0000000000
      6      0                       9888731                                        444500000.0000000000
     23      2                       9888732                                        447500000.0000000000
      8      0                       9888735                                        448000000.0000000000
      6      0                       9888737                                        449000000.0000000000
     23      2                       9888738                                        450000000.0000000000
      1      0                      14870926                                        450500000.0000000000
      7      0                      14870930                                        622500000.0000000000
      7      0                      14870934                                        623000000.0000000000
      7      0                      14870936                                        623500000.0000000000
      7      0                      14870938                                        624500000.0000000000
      7      0                      14870940                                        625000000.0000000000
      7      0                      14870942                                        625500000.0000000000
     10      1                      15401248                                        626000000.0000000000
     15      1                      15401254                                        644000000.0000000000
     32      3                      15401263                                        644500000.0000000000
     32      3                      15401265                                        645000000.0000000000
     28      3                      15837366                                        645500000.0000000000
     22      2                      15837366                                       1057214761.6317146962
