      7      0                             0                                                0.0000000000
      7      0                             7                                           500000.0000000000
      7      0                             9                                          1500000.0000000000
      7      0                            11                                          3500000.0000000000
      7      0                            13                                          4000000.0000000000
      7      0                            15                                          4500000.0000000000
     16      1                            20                                          6000000.0000000000
      7      0                            23                                          6500000.0000000000
      7      0                            29                                          7000000.0000000000
      7      0                            31                                          7500000.0000000000
      7      0                            33                                          8000000.0000000000
      7      0                            35                                          9500000.0000000000
      7      0                            37                                         10000000.0000000000
      7      0                            39                                         10500000.0000000000
      7      0                            41                                         11500000.0000000000
      7      0                            43                                         12000000.0000000000
      7      0                            45                                         13500000.0000000000
      7      0                            47                                         14000000.0000000000
      4      0                       2775520                                         14500000.0000000000
      8      0                       2775524                                        111000000.0000000000
      8      0                       2775526                                        112500000.0000000000
      8      0                       2775528                                        113000000.0000000000
     23      2                       2775529                                        115000000.0000000000
      4      0                       3082650                                        115500000.0000000000
      3      0                       5468186                                        127500000.0000000000
     23      2                       5468187                                        211500000.0000000000
      6      0                       5468190                                        212000000.0000000000
      8      0                       5468192                                        212500000.0000000000
      8      0                       5468194                                        215000000.0000000000
      6      0                       5468196                                        216000000.0000000000
      8      0                       5468198                                        216500000.0000000000
      6      0                       5468200                                        217500000.0000000000
      6      0                       5468202                                        218000000.0000000000
     23      2                       5468205                                        218500000.0000000000
      6      0                       5468208                                        219000000.0000000000
      6      0                       5468210                                        220000000.0000000000
      8      0                       5468212                                        220500000.0000000000
     23      2                       5468213                                        222500000.0000000000
      8      0                       5468214                                        223000000.0000000000
      8      0                       5468216                                        224500000.0000000000
      6      0                       5468218                                        225000000.0000000000
      8      0                       5468220                                        226500000.0000000000
     23      2                       5468221                                        228000000.0000000000
     23      2                       5468223                                        228500000.0000000000
      8      0                       5468224                                        229000000.0000000000
      6      0                       5468226                                        229500000.0000000000
      8      0                       5468228                                        230500000.0000000000
      2      0                       5976976                                        232000000.0000000000
      7      0                       5976982                                        251000000.0000000000
      7      0                       5976984                                        252000000.0000000000
      7      0                       5976986                                        253000000.0000000000
      7      0                       5976988                                        254000000.0000000000
      7      0                       5976990                                        254500000.0000000000
      7      0                       5976992                                        255000000.0000000000
      7      0                       5976996                                        255500000.0000000000
      7      0                       5976998                                        256500000.0000000000
      7      0                       5977000                                        257000000.0000000000
      7      0                       5977002                                        257500000.0000000000
      7      0                       5977006                                        258500000.0000000000
     16      1                       5977011                                        259000000.0000000000
      7      0                       5977012                                        259500000.0000000000
      7      0                       5977014                                        260000000.0000000000
      7      0                       5977018                                        261000000.0000000000
      7      0                       5977022                                        261500000.0000000000
      7      0                       5977026                                        262000000.0000000000
      7      0                       5977028                                        263000000.0000000000
      7      0                       5977032                                        263500000.0000000000
      7      0                       5977034                                        264000000.0000000000
      7      0                       5977038                                        264500000.0000000000
      7      0                       5977042                                        265000000.0000000000
      7      0                       5977046                                        265500000.0000000000
      7      0                       5977050                                        266000000.0000000000
      7      0                       5977052                                        266500000.0000000000
      9      1                       6065150                                        267500000.0000000000
      7      0                       6065151                                        270500000.0000000000
      7      0                       6065157                                        271500000.0000000000
      7      0                       6065159                                        272000000.0000000000
      7      0                       6065161                                        272500000.0000000000
      7      0                       6065165                                        273500000.0000000000
      7      0                       6065167                                        274500000.0000000000
      7      0                       6065171                                        275000000.0000000000
      7      0                       6065173                                        275500000.0000000000
      7      0                       6065175                                        276500000.0000000000
      7      0                       6065177                                        277000000.0000000000
      7      0                       6065179                                        277500000.0000000000
      7      0                       6065181                                        278000000.0000000000
      7      0                       6065185                                        278500000.0000000000
      7      0                       6065187                                        279000000.0000000000
      7      0                       6065189                                        279500000.0000000000
      7      0                       6065191                                        280500000.0000000000
      7      0                       6065193                                        281500000.0000000000
     14      1                       6065194                                        282000000.0000000000
      7      0                       6065195                                        282500000.0000000000
      9      1                       7372261                                        283500000.0000000000
      7      0                       7372264                                        327500000.0000000000
     14      1                       7372265                                        328000000.0000000000
      7      0                       7372266                                        328500000.0000000000
      7      0                       7372268                                        329000000.0000000000
     10      1                       7799326                                        330000000.0000000000
     30      3                       7799327                                        344500000.0000000000
     32      3                       7799335                                        345000000.0000000000
     32      3                       7799343                                        345500000.0000000000
     29      3                       8054999                                        346000000.0000000000
     31      3                       8055001                                        586500000.0000000000
     22      2                       8055002                                        587000000.0000000000
     24      2                       8055008                                        587500000.0000000000
     24      2                       8055012                                        588500000.0000000000
     22      2                       8055018                                        589000000.0000000000
     22      2                       8055020                                        589500000.0000000000
     22      2                       8055026                                        590000000.0000000000
     31      3                       8055033                                        590500000.0000000000
     25      3                       8371910                                        591000000.0000000000
     22      2                       8371913                                        890000000.0000000000
     22      2                       8371915                                        890500000.0000000000
     24      2                       8371917                                        891000000.0000000000
     22      2                       8371919                                        891500000.0000000000
     22      2                       8371923                                        892000000.0000000000
     22      2                       8371927                                        893000000.0000000000
     31      3                       8371932                                        893500000.0000000000
     22      2                       8371939                                        894000000.0000000000
     22      2                       8371945                                        894500000.0000000000
     22      2                       8371951                                        895000000.0000000000
     31      3                       8371956                                        896000000.0000000000
     24      2                       8371959                                        896500000.0000000000
     22      2                       8371961                                        897000000.0000000000
     22      2                       8371963                                        898000000.0000000000
     22      2                       8371967                                        898500000.0000000000
     24      2                       8371969                                        899000000.0000000000
     31      3                       8371974                                        899500000.0000000000
     24      2                       8371975                                        900000000.0000000000
     31      3                       8371978                                        900500000.0000000000
     22      2                       8371983                                        901000000.0000000000
     22      2                       8371985                                        901500000.0000000000
     24      2                       8371987                                        902000000.0000000000
     24      2                       8371989                                        902500000.0000000000
     24      2                       8371991                                        903000000.0000000000
     24      2                       8371993                                        904000000.0000000000
     24      2                       8371995                                        905000000.0000000000
     22      2                       8371999                                        905500000.0000000000
     24      2                       8372001                                        906000000.0000000000
     24      2                       8372007                                        907500000.0000000000
     24      2                       8372011                                        908500000.0000000000
     31      3                       8372014                                        909000000.0000000000
     24      2                       8372015                                        909500000.0000000000
     31      3                       8372018                                        910000000.0000000000
     22      2                       8372019                                        910500000.0000000000
     22      2                       8372021                                        911000000.0000000000
     31      3                       8372022                                        911500000.0000000000
     22      2                       8372029                                        912000000.0000000000
     31      3                       8372030                                        912500000.0000000000
     24      2                       8372031                                        913000000.0000000000
     22      2                       8372035                                        913500000.0000000000
     24      2                       8372039                                        914000000.0000000000
     31      3                       8372042                                        914500000.0000000000
     22      2                       8372045                                        915000000.0000000000
     22      2                       8372047                                        915500000.0000000000
     22      2                       8372049                                        916000000.0000000000
     24      2                       8372051                                        916500000.0000000000
     22      2                       8372057                                        917000000.0000000000
     24      2                       8372059                                        917500000.0000000000
     24      2                       8372063                                        918000000.0000000000
     22      2                       8372069                                        918500000.0000000000
     22      2                       8372073                                        919000000.0000000000
     31      3                       8372076                                        919500000.0000000000
     24      2                       8372077                                        920000000.0000000000
     31      3                       8372082                                        920500000.0000000000
     22      2                       8372085                                        921000000.0000000000
     31      3                       8372088                                        921500000.0000000000
     31      3                       8372090                                        922000000.0000000000
     24      2                       8372091                                        922500000.0000000000
     24      2                       8372097                                        923000000.0000000000
     24      2                       8372099                                        924000000.0000000000
     22      2                       8372103                                        924500000.0000000000
     24      2                       8372105                                        925500000.0000000000
     22      2                       8372107                                        926000000.0000000000
     24      2                       8372109                                        926500000.0000000000
     22      2                       8372113                                        927000000.0000000000
     24      2                       8372115                                        927500000.0000000000
     24      2                       8372117                                        928000000.0000000000
     22      2                       8372119                                        928500000.0000000000
     24      2                       8372123                                        929000000.0000000000
     22      2                       8372129                                        929500000.0000000000
     24      2                       8372131                                        930000000.0000000000
     24      2                       8372133                                        931500000.0000000000
     31      3                       8372134                                        932000000.0000000000
     22      2                       8372137                                        932500000.0000000000
     22      2                       8372139                                        933000000.0000000000
     31      3                       8372142                                        933500000.0000000000
     24      2                       8372149                                        934000000.0000000000
     24      2                       8372153                                        934500000.0000000000
     31      3                       8372156                                        935500000.0000000000
     24      2                       8372159                                        936000000.0000000000
     22      2                       8372163                                        936500000.0000000000
     22      2                       8372165                                        937000000.0000000000
     24      2                       8372169                                        937500000.0000000000
     22      2                       8372173                                        938000000.0000000000
     24      2                       8372177                                        938500000.0000000000
     24      2                       8372179                                        939000000.0000000000
     31      3                       8372182                                        939500000.0000000000
     31      3                       8372188                                        940000000.0000000000
     31      3                       8372192                                        940500000.0000000000
     24      2                       8372197                                        941000000.0000000000
     24      2                       8372201                                        941500000.0000000000
     22      2                       8372203                                        942000000.0000000000
     24      2                       8372205                                        942500000.0000000000
     22      2                       8372207                                        943500000.0000000000
     24      2                       8372209                                        944000000.0000000000
     22      2                       8372211                                        944500000.0000000000
     22      2                       8372215                                        945500000.0000000000
     22      2                       8372217                                        946000000.0000000000
     31      3                       8372220                                        946500000.0000000000
     22      2                       8372225                                        947000000.0000000000
     24      2                       8372227                                        947500000.0000000000
     25      3                       8408416                                        948000000.0000000000
     24      2                       8408421                                        982000000.0000000000
     31      3                       8408422                                        982500000.0000000000
     24      2                       8408423                                        983000000.0000000000
     24      2                       8408425                                        983500000.0000000000
     24      2                       8408429                                        984000000.0000000000
     24      2                       8408431                                        984500000.0000000000
     22      2                       8408435                                        985000000.0000000000
     22      2                       8408437                                        985500000.0000000000
     22      2                       8408441                                        986500000.0000000000
     22      2                       8408443                                        987000000.0000000000
     22      2                       8408449                                        987500000.0000000000
     24      2                       8408451                                        988000000.0000000000
     24      2                       8408455                                        988500000.0000000000
     22      2                       8408459                                        989000000.0000000000
     22      2                       8408467                                        989500000.0000000000
     24      2                       8408473                                        990000000.0000000000
     31      3                       8408474                                        990500000.0000000000
     22      2                       8408481                                        991000000.0000000000
     24      2                       8408483                                        992000000.0000000000
     24      2                       8408485                                        992500000.0000000000
     31      3                       8408486                                        993000000.0000000000
     31      3                       8408490                                        993500000.0000000000
     22      2                       8408493                                        994000000.0000000000
     22      2                       8408499                                        994500000.0000000000
     31      3                       8408504                                        995000000.0000000000
     22      2                       8408505                                        995500000.0000000000
     22      2                       8408511                                        996000000.0000000000
     24      2                       8408515                                        996500000.0000000000
     22      2                       8408519                                        997000000.0000000000
     31      3                       8408520                                        997500000.0000000000
     22      2                       8408525                                        998000000.0000000000
     31      3                       8408532                                        998500000.0000000000
     24      2                       8408535                                        999000000.0000000000
     24      2                       8408537                                       1000000000.0000000000
     31      3                       8408537                                       1000247906.1256921447
