     29      3                             0                                                0.0000000000
     29      3                         19879                                           500000.0000000000
     31      3                         19881                                         19000000.0000000000
     22      2                         19882                                         19500000.0000000000
     31      3                         19885                                         20500000.0000000000
     22      2                         19892                                         21000000.0000000000
     22      2                         19896                                         21500000.0000000000
     22      2                         19900                                         22000000.0000000000
     31      3                         19901                                         22500000.0000000000
     24      2                         19904                                         23000000.0000000000
     31      3                         19909                                         23500000.0000000000
     31      3                         19911                                         24000000.0000000000
     24      2                         19912                                         24500000.0000000000
     22      2                         19914                                         25000000.0000000000
     24      2                         19916                                         25500000.0000000000
     22      2                         19918                                         26000000.0000000000
     24      2                         19920                                         26500000.0000000000
     24      2                         19922                                         28000000.0000000000
     22      2                         19924                                         28500000.0000000000
     24      2                         19928                                         29000000.0000000000
     24      2                         19930                                         30000000.0000000000
     22      2                         19932                                         30500000.0000000000
     22      2                         19934                                         31000000.0000000000
     31      3                         19939                                         32000000.0000000000
     22      2                         19940                                         32500000.0000000000
     22      2                         19946                                         33000000.0000000000
     31      3                         19949                                         33500000.0000000000
     24      2                         19950                                         34000000.0000000000
     24      2                         19952                                         34500000.0000000000
     22      2                         19956                                         35000000.0000000000
     22      2                         19962                                         35500000.0000000000
     24      2                         19966                                         36000000.0000000000
     22      2                         19970                                         37000000.0000000000
     24      2                         19974                                         38500000.0000000000
     24      2                         19978                                         39500000.0000000000
     31      3                         19981                                         40000000.0000000000
     22      2                         19984                                         40500000.0000000000
     24      2                         19992                                         41000000.0000000000
     22      2                         19996                                         41500000.0000000000
     22      2                         20004                                         42000000.0000000000
     24      2                         20006                                         42500000.0000000000
     31      3                         20007                                         43000000.0000000000
     24      2                         20010                                         43500000.0000000000
     22      2                         20012                                         44000000.0000000000
     31      3                         20017                                         44500000.0000000000
     22      2                         20020                                         45000000.0000000000
     24      2                         20022                                         45500000.0000000000
     22      2                         20026                                         46000000.0000000000
     31      3                         20033                                         46500000.0000000000
     22      2                         20038                                         47000000.0000000000
     22      2                         20042                                         47500000.0000000000
     24      2                         20044                                         48000000.0000000000
     24      2                         20048                                         48500000.0000000000
     24      2                         20052                                         49000000.0000000000
     31      3                         20055                                         49500000.0000000000
     22      2                         20058                                         50000000.0000000000
     24      2                         20062                                         50500000.0000000000
     22      2                         20066                                         51000000.0000000000
     22      2                         20070                                         51500000.0000000000
     24      2                         20072                                         52000000.0000000000
     31      3                         20077                                         52500000.0000000000
     24      2                         20082                                         53000000.0000000000
     24      2                         20084                                         53500000.0000000000
     31      3                         20087                                         54000000.0000000000
     22      2                         20092                                         54500000.0000000000
     22      2                         20096                                         55000000.0000000000
     24      2                         20100                                         55500000.0000000000
     31      3                         20103                                         56000000.0000000000
     31      3                         20113                                         56500000.0000000000
     22      2                         20118                                         57000000.0000000000
     22      2                         20120                                         57500000.0000000000
     31      3                         20123                                         58000000.0000000000
     31      3                         20125                                         58500000.0000000000
     24      2                         20130                                         59000000.0000000000
     24      2                         20132                                         59500000.0000000000
     24      2                         20136                                         60000000.0000000000
     22      2                         20142                                         60500000.0000000000
     22      2                         20144                                         61000000.0000000000
     22      2                         20148                                         61500000.0000000000
     22      2                         20152                                         62000000.0000000000
     31      3                         20157                                         62500000.0000000000
     31      3                         20161                                         63000000.0000000000
     24      2                         20162                                         63500000.0000000000
     24      2                         20168                                         64000000.0000000000
     19      2                        258818                                         64500000.0000000000
     22      2                        258822                                        349000000.0000000000
     24      2                        258826                                        349500000.0000000000
     31      3                        258827                                        350000000.0000000000
     24      2                        258828                                        350500000.0000000000
     22      2                        258830                                        351000000.0000000000
     24      2                        258832                                        352500000.0000000000
     22      2                        258834                                        353000000.0000000000
     24      2                        258838                                        354000000.0000000000
     22      2                        258840                                        354500000.0000000000
     24      2                        258844                                        355000000.0000000000
     22      2                        258848                                        356000000.0000000000
     24      2                        258850                                        356500000.0000000000
     22      2                        258852                                        357000000.0000000000
     24      2                        258854                                        358000000.0000000000
     24      2                        258856                                        358500000.0000000000
     24      2                        258858                                        359000000.0000000000
     22      2                        258862                                        359500000.0000000000
     31      3                        258863                                        360000000.0000000000
     31      3                        258865                                        360500000.0000000000
     22      2                        258868                                        361000000.0000000000
     24      2                        258872                                        361500000.0000000000
     31      3                        258877                                        362000000.0000000000
     22      2                        258878                                        362500000.0000000000
     22      2                        258880                                        363000000.0000000000
     31      3                        258885                                        363500000.0000000000
     24      2                        258890                                        364000000.0000000000
     22      2                        258894                                        364500000.0000000000
     22      2                        258896                                        365000000.0000000000
     31      3                        258901                                        365500000.0000000000
     31      3                        258905                                        366000000.0000000000
     31      3                        258911                                        366500000.0000000000
     31      3                        258913                                        367000000.0000000000
     24      2                        258920                                        367500000.0000000000
     24      2                        258924                                        368000000.0000000000
     22      2                        258926                                        369000000.0000000000
     22      2                        258930                                        369500000.0000000000
     22      2                        258934                                        370000000.0000000000
     24      2                        258936                                        370500000.0000000000
     24      2                        258940                                        371000000.0000000000
     24      2                        258942                                        371500000.0000000000
     24      2                        258944                                        372000000.0000000000
     31      3                        258945                                        372500000.0000000000
     24      2                        258950                                        373000000.0000000000
     22      2                        258954                                        373500000.0000000000
     22      2                        258958                                        374000000.0000000000
     22      2                        258960                                        374500000.0000000000
     24      2                        258962                                        375000000.0000000000
     31      3                        258965                                        376000000.0000000000
     22      2                        258968                                        376500000.0000000000
     22      2                        258970                                        377500000.0000000000
     22      2                        258974                                        378000000.0000000000
     22      2                        258976                                        378500000.0000000000
     24      2                        258980                                        379000000.0000000000
     24      2                        258982                                        379500000.0000000000
     31      3                        258985                                        380500000.0000000000
     31      3                        258989                                        381000000.0000000000
     22      2                        258992                                        381500000.0000000000
     24      2                        258996                                        382000000.0000000000
     31      3                        258997                                        382500000.0000000000
     24      2                        259000                                        383000000.0000000000
     24      2                        259002                                        383500000.0000000000
     22      2                        259006                                        384000000.0000000000
     22      2                        259008                                        384500000.0000000000
     24      2                        259010                                        385000000.0000000000
     22      2                        259014                                        385500000.0000000000
     22      2                        259018                                        386000000.0000000000
     24      2                        259020                                        386500000.0000000000
     31      3                        259023                                        387500000.0000000000
     22      2                        259024                                        388000000.0000000000
     31      3                        259027                                        388500000.0000000000
     22      2                        259028                                        389000000.0000000000
     24      2                        259030                                        389500000.0000000000
     24      2                        259032                                        390500000.0000000000
     24      2                        259038                                        391000000.0000000000
     22      2                        259040                                        391500000.0000000000
     31      3                        259043                                        392000000.0000000000
     24      2                        259048                                        392500000.0000000000
     22      2                        259054                                        393000000.0000000000
     31      3                        259055                                        393500000.0000000000
     22      2                        259058                                        394000000.0000000000
     24      2                        259060                                        394500000.0000000000
     31      3                        259063                                        395000000.0000000000
     22      2                        259068                                        395500000.0000000000
     31      3                        259071                                        396000000.0000000000
     24      2                        259076                                        396500000.0000000000
     22      2                        259080                                        397000000.0000000000
     22      2                        259082                                        398000000.0000000000
     24      2                        259088                                        398500000.0000000000
     22      2                        259090                                        399000000.0000000000
     24      2                        259092                                        400500000.0000000000
     24      2                        259094                                        401000000.0000000000
     31      3                        259099                                        401500000.0000000000
     22      2                        259104                                        402000000.0000000000
     22      2                        259106                                        402500000.0000000000
     22      2                        259108                                        403500000.0000000000
     24      2                        259112                                        404000000.0000000000
     22      2                        259120                                        404500000.0000000000
     31      3                        259123                                        405000000.0000000000
     22      2                        259130                                        405500000.0000000000
     31      3                        259137                                        406000000.0000000000
     24      2                        259142                                        406500000.0000000000
     22      2                        259144                                        407000000.0000000000
     31      3                        259147                                        407500000.0000000000
     24      2                        259148                                        408000000.0000000000
     31      3                        259151                                        408500000.0000000000
     22      2                        259154                                        409000000.0000000000
     31      3                        259159                                        409500000.0000000000
     24      2                        259162                                        410000000.0000000000
     24      2                        259168                                        410500000.0000000000
     24      2                        259172                                        411000000.0000000000
     24      2                        259174                                        411500000.0000000000
     22      2                        259178                                        412000000.0000000000
     24      2                        259180                                        412500000.0000000000
     31      3                        259183                                        413000000.0000000000
     24      2                        259188                                        413500000.0000000000
     22      2                        259192                                        414000000.0000000000
     24      2                        259198                                        415000000.0000000000
     22      2                        259200                                        416000000.0000000000
     22      2                        259202                                        416500000.0000000000
     24      2                        259204                                        417000000.0000000000
     31      3                        259207                                        418000000.0000000000
     22      2                        259208                                        418500000.0000000000
     31      3                        259209                                        419000000.0000000000
     22      2                        259216                                        419500000.0000000000
     22      2                        259220                                        420000000.0000000000
     24      2                        259224                                        421000000.0000000000
     31      3                        259231                                        422000000.0000000000
     22      2                        259232                                        422500000.0000000000
     22      2                        259234                                        423000000.0000000000
     24      2                        259236                                        423500000.0000000000
     24      2                        259238                                        424500000.0000000000
     31      3                        259243                                        425000000.0000000000
     31      3                        259249                                        425500000.0000000000
     24      2                        259250                                        426000000.0000000000
     22      2                        259254                                        426500000.0000000000
     22      2                        259256                                        427000000.0000000000
     24      2                        259258                                        427500000.0000000000
     22      2                        259260                                        428000000.0000000000
     22      2                        259264                                        428500000.0000000000
     31      3                        259271                                        429000000.0000000000
     31      3                        259275                                        429500000.0000000000
     22      2                        259278                                        430000000.0000000000
     22      2                        259282                                        430500000.0000000000
     22      2                        259286                                        431000000.0000000000
     22      2                        259288                                        432000000.0000000000
     22      2                        259290                                        433000000.0000000000
     31      3                        259291                                        434000000.0000000000
     24      2                        259296                                        434500000.0000000000
     24      2                        259300                                        435000000.0000000000
     24      2                        259304                                        435500000.0000000000
     24      2                        259308                                        436000000.0000000000
     31      3                        259313                                        436500000.0000000000
     24      2                        259314                                        437000000.0000000000
     22      2                        259320                                        438500000.0000000000
     22      2                        259324                                        439000000.0000000000
     31      3                        259329                                        439500000.0000000000
     24      2                        259332                                        440000000.0000000000
     31      3                        259337                                        440500000.0000000000
     31      3                        259339                                        441000000.0000000000
     24      2                        259342                                        441500000.0000000000
     22      2                        259344                                        442000000.0000000000
     24      2                        259348                                        443000000.0000000000
     31      3                        259353                                        443500000.0000000000
     22      2                        259356                                        444000000.0000000000
     31      3                        259361                                        445000000.0000000000
     24      2                        259366                                        445500000.0000000000
     22      2                        259368                                        446000000.0000000000
     24      2                        259372                                        446500000.0000000000
     22      2                        259376                                        447000000.0000000000
     22      2                        259380                                        447500000.0000000000
     31      3                        259387                                        448000000.0000000000
     22      2                        259388                                        448500000.0000000000
     24      2                        259392                                        449000000.0000000000
     31      3                        259395                                        450500000.0000000000
     24      2                        259398                                        451000000.0000000000
     24      2                        259400                                        451500000.0000000000
     31      3                        259401                                        452000000.0000000000
     22      2                        259406                                        452500000.0000000000
     24      2                        259408                                        453000000.0000000000
     31      3                        259409                                        453500000.0000000000
     22      2                        259412                                        454000000.0000000000
     22      2                        259416                                        454500000.0000000000
     22      2                        259420                                        455500000.0000000000
     24      2                        259422                                        456000000.0000000000
     24      2                        259426                                        456500000.0000000000
     24      2                        259430                                        457000000.0000000000
     24      2                        259432                                        457500000.0000000000
     22      2                        259436                                        458000000.0000000000
     22      2                        259438                                        458500000.0000000000
     31      3                        259439                                        459000000.0000000000
     22      2                        259442                                        459500000.0000000000
     22      2                        259446                                        460500000.0000000000
     24      2                        259448                                        461000000.0000000000
     22      2                        259454                                        461500000.0000000000
     22      2                        259456                                        462000000.0000000000
     31      3                        259457                                        462500000.0000000000
     22      2                        259458                                        463000000.0000000000
     24      2                        259460                                        463500000.0000000000
     31      3                        259463                                        464000000.0000000000
     31      3                        259465                                        464500000.0000000000
     22      2                        259470                                        465000000.0000000000
     24      2                        259474                                        465500000.0000000000
     31      3                        259477                                        466500000.0000000000
     24      2                        259480                                        467000000.0000000000
     22      2                        259484                                        467500000.0000000000
     22      2                        259486                                        468000000.0000000000
     31      3                        259491                                        468500000.0000000000
     24      2                        259494                                        469000000.0000000000
     24      2                        259496                                        470000000.0000000000
     22      2                        259500                                        470500000.0000000000
     24      2                        259502                                        471000000.0000000000
     24      2                        259504                                        471500000.0000000000
     31      3                        259507                                        472500000.0000000000
     24      2                        259510                                        473000000.0000000000
     24      2                        259514                                        473500000.0000000000
     31      3                        259521                                        474000000.0000000000
     24      2                        259524                                        474500000.0000000000
     22      2                        259528                                        475000000.0000000000
     22      2                        259530                                        475500000.0000000000
     24      2                        259532                                        476000000.0000000000
     31      3                        259537                                        476500000.0000000000
     24      2                        259542                                        477000000.0000000000
     22      2                        259544                                        478000000.0000000000
     22      2                        259548                                        478500000.0000000000
     22      2                        259554                                        479000000.0000000000
     24      2                        259556                                        479500000.0000000000
     31      3                        259559                                        480000000.0000000000
     22      2                        259560                                        480500000.0000000000
     31      3                        259567                                        481000000.0000000000
     22      2                        259570                                        481500000.0000000000
     31      3                        259573                                        482500000.0000000000
     22      2                        259576                                        483000000.0000000000
     24      2                        259578                                        484000000.0000000000
     31      3                        259581                                        485000000.0000000000
     22      2                        259586                                        485500000.0000000000
     31      3                        259589                                        486000000.0000000000
     31      3                        259591                                        486500000.0000000000
     31      3                        259593                                        487000000.0000000000
     22      2                        259596                                        487500000.0000000000
     24      2                        259598                                        488000000.0000000000
     24      2                        259602                                        488500000.0000000000
     22      2                        259606                                        489000000.0000000000
     31      3                        259607                                        489500000.0000000000
     22      2                        259612                                        490000000.0000000000
     31      3                        259615                                        491500000.0000000000
     22      2                        259622                                        492000000.0000000000
     22      2                        259628                                        492500000.0000000000
     22      2                        259630                                        493000000.0000000000
     31      3                        259631                                        493500000.0000000000
     22      2                        259634                                        494000000.0000000000
     24      2                        259640                                        494500000.0000000000
     24      2                        259642                                        495000000.0000000000
     31      3                        259645                                        495500000.0000000000
     24      2                        259648                                        496000000.0000000000
     22      2                        259652                                        496500000.0000000000
     24      2                        259654                                        497000000.0000000000
     31      3                        259655                                        497500000.0000000000
     31      3                        259657                                        498000000.0000000000
     31      3                        259659                                        498500000.0000000000
     24      2                        259662                                        499000000.0000000000
     24      2                        259664                                        500000000.0000000000
     31      3                        259667                                        500500000.0000000000
     31      3                        259671                                        501000000.0000000000
     31      3                        259673                                        501500000.0000000000
     22      2                        259674                                        502000000.0000000000
     24      2                        259678                                        502500000.0000000000
     22      2                        259682                                        503000000.0000000000
     22      2                        259686                                        503500000.0000000000
     22      2                        259690                                        504000000.0000000000
     31      3                        259695                                        504500000.0000000000
     22      2                        259702                                        505000000.0000000000
     22      2                        259704                                        505500000.0000000000
     22      2                        259710                                        506000000.0000000000
     24      2                        259714                                        506500000.0000000000
     31      3                        259719                                        507000000.0000000000
     24      2                        259724                                        507500000.0000000000
     31      3                        259725                                        508000000.0000000000
     21      2                        326712                                        508500000.0000000000
      6      0                        326713                                        588000000.0000000000
     23      2                        326714                                        588500000.0000000000
      8      0                        326715                                        589000000.0000000000
      6      0                        326717                                        590500000.0000000000
      6      0                        326719                                        593000000.0000000000
      6      0                        326721                                        594000000.0000000000
      6      0                        326723                                        595500000.0000000000
     23      2                        326726                                        596500000.0000000000
      8      0                        326727                                        597000000.0000000000
      6      0                        326729                                        598000000.0000000000
      6      0                        326731                                        599500000.0000000000
     23      2                        326732                                        601000000.0000000000
      6      0                        326733                                        601500000.0000000000
      8      0                        326735                                        603500000.0000000000
     23      2                        326738                                        604000000.0000000000
      6      0                        326739                                        604500000.0000000000
      6      0                        326741                                        605000000.0000000000
      8      0                        326743                                        605500000.0000000000
      6      0                        326745                                        606500000.0000000000
     23      2                        326748                                        607000000.0000000000
      1      0                       6003805                                        607500000.0000000000
      6      0                       6003807                                        801500000.0000000000
      6      0                       6003809                                        804000000.0000000000
      8      0                       6003811                                        804500000.0000000000
      8      0                       6003813                                        805000000.0000000000
      6      0                       6003815                                        807000000.0000000000
      6      0                       6003817                                        809500000.0000000000
      5      0                       7143643                                        811000000.0000000000
      6      0                       7143645                                        853000000.0000000000
     23      2                       7143646                                        854500000.0000000000
      6      0                       7143647                                        855000000.0000000000
      8      0                       7143649                                        857000000.0000000000
      6      0                       7143653                                        857500000.0000000000
      1      0                       7496058                                        858500000.0000000000
     23      2                       7496059                                        872000000.0000000000
      4      0                      10351022                                        872500000.0000000000
      6      0                      10351024                                        970500000.0000000000
      3      0                      10648200                                        972500000.0000000000
      7      0                      10648204                                        986500000.0000000000
      7      0                      10648206                                        987500000.0000000000
      7      0                      10648208                                        988500000.0000000000
      7      0                      10648214                                        990000000.0000000000
      7      0                      10648218                                        991000000.0000000000
      7      0                      10648220                                        991500000.0000000000
      7      0                      10648222                                        992000000.0000000000
      7      0                      10648224                                        992500000.0000000000
     16      1                      10648225                                        993500000.0000000000
      7      0                      10648228                                        994000000.0000000000
      7      0                      10648232                                        994500000.0000000000
      7      0                      10648234                                        995000000.0000000000
      7      0                      10648236                                        995500000.0000000000
      7      0                      10648238                                        996500000.0000000000
      5      0                      15005942                                        997000000.0000000000
     23      2                      15005942                                       1143279844.0495898956
