     12      1                             0                                                0.0000000000
     12      1                        118290                                           500000.0000000000
     32      3                        118299                                          4500000.0000000000
     15      1                        118304                                          5000000.0000000000
     30      3                        118311                                          5500000.0000000000
     30      3                        118315                                          6000000.0000000000
     32      3                        118319                                          6500000.0000000000
     30      3                        118327                                          7000000.0000000000
     30      3                        118335                                          7500000.0000000000
     32      3                        118337                                          8000000.0000000000
     32      3                        118343                                          8500000.0000000000
     30      3                        118345                                          9000000.0000000000
     32      3                        118349                                          9500000.0000000000
     32      3                        118357                                         10000000.0000000000
     32      3                        118365                                         10500000.0000000000
     30      3                        118369                                         11000000.0000000000
     30      3                        118373                                         11500000.0000000000
     13      1                        270074                                         12000000.0000000000
     32      3                        270075                                         17000000.0000000000
     30      3                        270079                                         17500000.0000000000
     32      3                        270083                                         18000000.0000000000
     32      3                        270089                                         18500000.0000000000
     32      3                        270097                                         19000000.0000000000
     30      3                        270103                                         19500000.0000000000
     32      3                        270111                                         20000000.0000000000
     32      3                        270117                                         20500000.0000000000
     32      3                        270123                                         21000000.0000000000
     30      3                        270127                                         21500000.0000000000
     32      3                        270131                                         22000000.0000000000
     32      3                        270133                                         22500000.0000000000
     15      1                        270140                                         23000000.0000000000
     30      3                        270149                                         23500000.0000000000
     30      3                        270157                                         24000000.0000000000
     30      3                        270161                                         24500000.0000000000
     32      3                        270171                                         25000000.0000000000
     30      3                        270179                                         25500000.0000000000
     30      3                        270183                                         26000000.0000000000
     32      3                        270187                                         26500000.0000000000
     32      3                        270193                                         27000000.0000000000
     30      3                        270197                                         27500000.0000000000
     30      3                        270201                                         28000000.0000000000
     32      3                        270209                                         28500000.0000000000
     30      3                        270217                                         29000000.0000000000
     32      3                        270225                                         29500000.0000000000
     30      3                        270231                                         30000000.0000000000
     15      1                        270240                                         30500000.0000000000
     30      3                        270249                                         31000000.0000000000
     15      1                        270256                                         31500000.0000000000
     30      3                        270263                                         32000000.0000000000
     30      3                        270271                                         32500000.0000000000
     15      1                        270280                                         33000000.0000000000
     30      3                        270283                                         33500000.0000000000
      9      1                        395960                                         34000000.0000000000
      7      0                        395961                                         38000000.0000000000
      7      0                        395963                                         38500000.0000000000
      7      0                        395967                                         39000000.0000000000
      7      0                        395969                                         39500000.0000000000
      7      0                        395971                                         40000000.0000000000
     10      1                       1362220                                         41000000.0000000000
      7      0                       1362221                                         73500000.0000000000
      7      0                       1362225                                         74000000.0000000000
      7      0                       1362227                                         75500000.0000000000
      7      0                       1362229                                         76000000.0000000000
     16      1                       1362232                                         76500000.0000000000
      2      0                       1692015                                         77000000.0000000000
      8      0                       1692017                                         89500000.0000000000
     23      2                       1692018                                         90000000.0000000000
      8      0                       1692019                                         90500000.0000000000
      6      0                       1692021                                         91000000.0000000000
     23      2                       1692024                                         91500000.0000000000
      8      0                       1692025                                         92000000.0000000000
      8      0                       1692027                                         92500000.0000000000
      8      0                       1692029                                         93500000.0000000000
      8      0                       1692031                                         95000000.0000000000
      8      0                       1692033                                         95500000.0000000000
     23      2                       1692034                                         96000000.0000000000
      8      0                       1692039                                         96500000.0000000000
      8      0                       1692041                                         99000000.0000000000
      8      0                       1692043                                         99500000.0000000000
      6      0                       1692045                                        100000000.0000000000
     23      2                       1692046                                        102000000.0000000000
      6      0                       1692047                                        102500000.0000000000
      8      0                       1692049                                        103000000.0000000000
      6      0                       1692053                                        103500000.0000000000
      8      0                       1692055                                        104500000.0000000000
      8      0                       1692057                                        106500000.0000000000
      6      0                       1692061                                        107500000.0000000000
      6      0                       1692063                                        108000000.0000000000
      8      0                       1692065                                        109000000.0000000000
     23      2                       1692066                                        109500000.0000000000
      8      0                       1692067                                        110000000.0000000000
      2      0                       2944126                                        111000000.0000000000
      6      0                       2944128                                        154000000.0000000000
      6      0                       2944132                                        155000000.0000000000
      8      0                       2944134                                        156000000.0000000000
      6      0                       2944136                                        158500000.0000000000
      4      0                       5122876                                        160500000.0000000000
      6      0                       5122878                                        235500000.0000000000
      6      0                       5122880                                        236000000.0000000000
      6      0                       5122884                                        237500000.0000000000
      6      0                       5122886                                        238000000.0000000000
      6      0                       5122888                                        238500000.0000000000
      3      0                       5465953                                        239000000.0000000000
      6      0                       5465955                                        252500000.0000000000
      8      0                       5465957                                        254000000.0000000000
      8      0                       5465959                                        254500000.0000000000
     23      2                       5465960                                        255000000.0000000000
      8      0                       5465961                                        255500000.0000000000
     23      2                       5465962                                        257000000.0000000000
      6      0                       5465963                                        257500000.0000000000
      8      0                       5465965                                        258000000.0000000000
     23      2                       5465966                                        258500000.0000000000
      8      0                       5465967                                        259000000.0000000000
      6      0                       5465969                                        260000000.0000000000
      6      0                       5465971                                        260500000.0000000000
     23      2                       5465972                                        263500000.0000000000
     23      2                       5465974                                        264000000.0000000000
      8      0                       5465975                                        264500000.0000000000
      8      0                       5465977                                        265500000.0000000000
      6      0                       5465981                                        266000000.0000000000
      6      0                       5465983                                        266500000.0000000000
     23      2                       5465984                                        267000000.0000000000
      8      0                       5465987                                        267500000.0000000000
      8      0                       5465989                                        269000000.0000000000
      2      0                       6452755                                        269500000.0000000000
      8      0                       6452757                                        304000000.0000000000
      8      0                       6452759                                        304500000.0000000000
      8      0                       6452763                                        306000000.0000000000
      8      0                       6452767                                        307000000.0000000000
      6      0                       6452769                                        307500000.0000000000
      8      0                       6452771                                        309500000.0000000000
      8      0                       6452773                                        310500000.0000000000
     23      2                       6452774                                        311000000.0000000000
      8      0                       6452775                                        311500000.0000000000
      6      0                       6452777                                        312000000.0000000000
      6      0                       6452779                                        314500000.0000000000
      8      0                       6452781                                        315000000.0000000000
      8      0                       6452783                                        315500000.0000000000
      1      0                       6784073                                        316000000.0000000000
      6      0                       6784075                                        327500000.0000000000
      8      0                       6784077                                        328000000.0000000000
     23      2                       6784078                                        328500000.0000000000
      8      0                       6784079                                        329000000.0000000000
      8      0                       6784081                                        329500000.0000000000
      6      0                       6784083                                        330500000.0000000000
      8      0                       6784085                                        331500000.0000000000
     23      2                       6784086                                        332500000.0000000000
      8      0                       6784087                                        333000000.0000000000
      6      0                       6784089                                        334500000.0000000000
     23      2                       6784092                                        335000000.0000000000
      6      0                       6784093                                        335500000.0000000000
      8      0                       6784097                                        336000000.0000000000
     23      2                       6784098                                        337500000.0000000000
      6      0                       6784099                                        338000000.0000000000
     23      2                       6784100                                        339000000.0000000000
      6      0                       6784101                                        339500000.0000000000
     23      2                       6784102                                        340500000.0000000000
      5      0                       7129915                                        341000000.0000000000
      8      0                       7129919                                        353500000.0000000000
      6      0                       7129921                                        354000000.0000000000
      2      0                       7161227                                        354500000.0000000000
     23      2                       7161228                                        356500000.0000000000
      3      0                       8468002                                        357000000.0000000000
      8      0                       8468004                                        402000000.0000000000
      6      0                       8468006                                        403000000.0000000000
      8      0                       8468008                                        404500000.0000000000
      8      0                       8468010                                        406000000.0000000000
      8      0                       8468012                                        407000000.0000000000
     23      2                       8468013                                        407500000.0000000000
      1      0                       9546353                                        408000000.0000000000
      6      0                       9546357                                        447500000.0000000000
     23      2                       9546358                                        448000000.0000000000
      6      0                       9546359                                        448500000.0000000000
      8      0                       9546361                                        449500000.0000000000
     23      2                       9546366                                        454500000.0000000000
      8      0                       9546367                                        455000000.0000000000
      2      0                      10060007                                        455500000.0000000000
      7      0                      10060011                                        474500000.0000000000
      7      0                      10060015                                        475000000.0000000000
      7      0                      10060021                                        475500000.0000000000
      7      0                      10060023                                        477000000.0000000000
      7      0                      10060025                                        477500000.0000000000
      7      0                      10060027                                        478500000.0000000000
      7      0                      10060033                                        479000000.0000000000
      7      0                      10060035                                        479500000.0000000000
      7      0                      10060039                                        480000000.0000000000
     16      1                      10060042                                        480500000.0000000000
      7      0                      10060043                                        481000000.0000000000
      7      0                      10060047                                        481500000.0000000000
      7      0                      10060049                                        482000000.0000000000
      7      0                      10060051                                        482500000.0000000000
      7      0                      10060053                                        484000000.0000000000
      7      0                      10060055                                        484500000.0000000000
      7      0                      10060057                                        485500000.0000000000
      7      0                      10060059                                        486000000.0000000000
      7      0                      10060063                                        486500000.0000000000
      7      0                      10060065                                        487000000.0000000000
      4      0                      11339748                                        487500000.0000000000
      7      0                      11339750                                        531000000.0000000000
      3      0                      11873499                                        531500000.0000000000
      7      0                      11873503                                        549500000.0000000000
     11      1                      12185919                                        553000000.0000000000
      7      0                      12185920                                        563500000.0000000000
      7      0                      12185924                                        564000000.0000000000
      7      0                      12185928                                        565000000.0000000000
      7      0                      12185934                                        565500000.0000000000
     14      1                      12185939                                        566500000.0000000000
      7      0                      12185942                                        567000000.0000000000
      7      0                      12185946                                        567500000.0000000000
      7      0                      12185948                                        568500000.0000000000
      7      0                      12185952                                        569000000.0000000000
      7      0                      12185956                                        569500000.0000000000
     14      1                      12185959                                        570000000.0000000000
      7      0                      12185964                                        570500000.0000000000
      7      0                      12185966                                        571500000.0000000000
      7      0                      12185968                                        572000000.0000000000
      7      0                      12185970                                        573000000.0000000000
      7      0                      12185972                                        573500000.0000000000
      7      0                      12185974                                        574000000.0000000000
      7      0                      12185976                                        575000000.0000000000
     14      1                      12185977                                        575500000.0000000000
      7      0                      12185978                                        576000000.0000000000
      7      0                      12185982                                        576500000.0000000000
      1      0                      13032520                                        577000000.0000000000
      8      0                      13032522                                        607500000.0000000000
      8      0                      13032524                                        608000000.0000000000
     23      2                      13032525                                        609000000.0000000000
      6      0                      13032526                                        609500000.0000000000
      8      0                      13032528                                        610000000.0000000000
      6      0                      13032530                                        610500000.0000000000
      8      0                      13032532                                        611500000.0000000000
      6      0                      13032534                                        612500000.0000000000
      6      0                      13032536                                        613000000.0000000000
      8      0                      13032538                                        616000000.0000000000
      8      0                      13032540                                        618000000.0000000000
     23      2                      13032543                                        619000000.0000000000
     23      2                      13032545                                        619500000.0000000000
      8      0                      13032546                                        620000000.0000000000
      8      0                      13032548                                        621500000.0000000000
      6      0                      13032550                                        622000000.0000000000
     23      2                      13032551                                        623500000.0000000000
      8      0                      13032552                                        624000000.0000000000
     23      2                      13032553                                        626000000.0000000000
      6      0                      13032554                                        626500000.0000000000
      8      0                      13032556                                        628000000.0000000000
      6      0                      13032560                                        629000000.0000000000
     23      2                      13032561                                        630000000.0000000000
     23      2                      13032563                                        631000000.0000000000
      6      0                      13032564                                        631500000.0000000000
      6      0                      13032566                                        632500000.0000000000
      8      0                      13032570                                        634000000.0000000000
      6      0                      13032572                                        634500000.0000000000
      6      0                      13032574                                        635500000.0000000000
      6      0                      13032576                                        638000000.0000000000
      8      0                      13032578                                        638500000.0000000000
      6      0                      13032580                                        639000000.0000000000
      8      0                      13032582                                        639500000.0000000000
      6      0                      13032584                                        642500000.0000000000
     23      2                      13032587                                        643000000.0000000000
     23      2                      13032589                                        643500000.0000000000
     23      2                      13032591                                        644000000.0000000000
      6      0                      13032594                                        644500000.0000000000
      8      0                      13032596                                        645000000.0000000000
      6      0                      13032598                                        651000000.0000000000
      6      0                      13032600                                        652000000.0000000000
      6      0                      13032602                                        652500000.0000000000
      6      0                      13032604                                        653000000.0000000000
      6      0                      13032606                                        653500000.0000000000
      6      0                      13032608                                        655500000.0000000000
      8      0                      13032610                                        656500000.0000000000
      6      0                      13032612                                        658500000.0000000000
      8      0                      13032614                                        659000000.0000000000
     23      2                      13032615                                        659500000.0000000000
      6      0                      13032618                                        660000000.0000000000
      8      0                      13032620                                        660500000.0000000000
      6      0                      13032622                                        661000000.0000000000
      6      0                      13032624                                        661500000.0000000000
      6      0                      13032626                                        662500000.0000000000
      8      0                      13032628                                        665000000.0000000000
      4      0                      17069175                                        666000000.0000000000
      8      0                      17069177                                        802500000.0000000000
      6      0                      17069179                                        803500000.0000000000
      8      0                      17069181                                        804000000.0000000000
      6      0                      17069183                                        805000000.0000000000
      8      0                      17069185                                        806500000.0000000000
      8      0                      17069189                                        808500000.0000000000
      6      0                      17069191                                        809000000.0000000000
     23      2                      17069192                                        809500000.0000000000
      8      0                      17069193                                        810000000.0000000000
      4      0                      21000937                                        812000000.0000000000
     23      2                      21000938                                        944500000.0000000000
     23      2                      21000940                                        945000000.0000000000
      6      0                      21000941                                        945500000.0000000000
      8      0                      21000943                                        948000000.0000000000
     23      2                      21000946                                        948500000.0000000000
      6      0                      21000947                                        949000000.0000000000
      8      0                      21000949                                        950000000.0000000000
     23      2                      21000952                                        950500000.0000000000
      6      0                      21000953                                        951000000.0000000000
     23      2                      21000956                                        952000000.0000000000
      6      0                      21000957                                        952500000.0000000000
     23      2                      21000960                                        953500000.0000000000
      8      0                      21000963                                        954000000.0000000000
      8      0                      21000965                                        956500000.0000000000
      6      0                      21000967                                        958500000.0000000000
     23      2                      21000968                                        961000000.0000000000
      6      0                      21000971                                        962000000.0000000000
      4      0                      22939130                                        964000000.0000000000
     23      2                      22939130                                       1033436123.5930462485
