      4      0                             0                                                0.0000000000
      4      0                        104859                                           500000.0000000000
      6      0                        104861                                          7000000.0000000000
      6      0                        104863                                          8000000.0000000000
      8      0                        104865                                          9000000.0000000000
      6      0                        104867                                         10000000.0000000000
      8      0                        104869                                         11500000.0000000000
      8      0                        104871                                         12500000.0000000000
     23      2                        104872                                         13000000.0000000000
     23      2                        104874                                         13500000.0000000000
      8      0                        104875                                         14000000.0000000000
     23      2                        104876                                         14500000.0000000000
      6      0                        104879                                         15000000.0000000000
      8      0                        104881                                         15500000.0000000000
      8      0                        104883                                         16000000.0000000000
      8      0                        104885                                         17500000.0000000000
      8      0                        104887                                         18500000.0000000000
      5      0                       1449013                                         19000000.0000000000
      6      0                       1449015                                         68500000.0000000000
      8      0                       1449017                                         69000000.0000000000
      6      0                       1449019                                         70000000.0000000000
     23      2                       1449020                                         70500000.0000000000
      8      0                       1449021                                         71000000.0000000000
      6      0                       1449023                                         71500000.0000000000
      6      0                       1449025                                         72000000.0000000000
      8      0                       1449027                                         72500000.0000000000
      6      0                       1449029                                         74000000.0000000000
      8      0                       1449031                                         75000000.0000000000
     23      2                       1449032                                         75500000.0000000000
      6      0                       1449033                                         76000000.0000000000
      8      0                       1449039                                         76500000.0000000000
      6      0                       1449041                                         78000000.0000000000
      6      0                       1449043                                         78500000.0000000000
      6      0                       1449045                                         79500000.0000000000
      8      0                       1449047                                         80500000.0000000000
      8      0                       1449049                                         81000000.0000000000
      8      0                       1449051                                         82000000.0000000000
      6      0                       1449055                                         82500000.0000000000
     23      2                       1449058                                         83000000.0000000000
      6      0                       1449059                                         83500000.0000000000
      6      0                       1449061                                         85000000.0000000000
      8      0                       1449063                                         88500000.0000000000
      8      0                       1449065                                         89000000.0000000000
      8      0                       1449067                                         90000000.0000000000
      8      0                       1449069                                         91000000.0000000000
      6      0                       1449071                                         92500000.0000000000
      8      0                       1449073                                         93000000.0000000000
     23      2                       1449074                                         94500000.0000000000
      8      0                       1449075                                         95000000.0000000000
      6      0                       1449077                                         95500000.0000000000
     23      2                       1449080                                         96000000.0000000000
      4      0                       3347819                                         96500000.0000000000
      7      0                       3347821                                        161000000.0000000000
      7      0                       3347823                                        161500000.0000000000
      1      0                       8181739                                        162000000.0000000000
      7      0                       8181741                                        325000000.0000000000
      7      0                       8181743                                        325500000.0000000000
      7      0                       8181745                                        326500000.0000000000
      7      0                       8181747                                        327500000.0000000000
      7      0                       8181749                                        328000000.0000000000
      7      0                       8181751                                        329000000.0000000000
      7      0                       8181753                                        331000000.0000000000
      7      0                       8181755                                        331500000.0000000000
      7      0                       8181757                                        332000000.0000000000
      7      0                       8181761                                        333500000.0000000000
      7      0                       8181763                                        334000000.0000000000
      7      0                       8181769                                        336000000.0000000000
     16      1                       8181770                                        336500000.0000000000
     14      1                       8181774                                        337000000.0000000000
      7      0                       8181775                                        337500000.0000000000
      7      0                       8181779                                        338500000.0000000000
      7      0                       8181781                                        339000000.0000000000
      7      0                       8181785                                        340500000.0000000000
      7      0                       8181787                                        341000000.0000000000
      7      0                       8181789                                        343000000.0000000000
      7      0                       8181793                                        343500000.0000000000
      7      0                       8181795                                        344000000.0000000000
      7      0                       8181797                                        344500000.0000000000
      7      0                       8181801                                        345000000.0000000000
      7      0                       8181805                                        345500000.0000000000
      7      0                       8181807                                        346500000.0000000000
      7      0                       8181813                                        347500000.0000000000
      7      0                       8181815                                        349000000.0000000000
      7      0                       8181817                                        350500000.0000000000
      7      0                       8181823                                        351000000.0000000000
      7      0                       8181825                                        351500000.0000000000
     16      1                       8181826                                        352000000.0000000000
      7      0                       8181827                                        352500000.0000000000
      7      0                       8181829                                        354000000.0000000000
      7      0                       8181833                                        354500000.0000000000
      7      0                       8181835                                        355000000.0000000000
      7      0                       8181837                                        355500000.0000000000
      7      0                       8181839                                        356000000.0000000000
      7      0                       8181841                                        358000000.0000000000
     16      1                       8181844                                        358500000.0000000000
      3      0                       8247961                                        359000000.0000000000
      6      0                       8247963                                        361500000.0000000000
      8      0                       8247967                                        363000000.0000000000
     23      2                       8247968                                        363500000.0000000000
      8      0                       8247969                                        364000000.0000000000
      6      0                       8247971                                        371000000.0000000000
      6      0                       8247973                                        372000000.0000000000
      6      0                       8247975                                        372500000.0000000000
      8      0                       8247977                                        373000000.0000000000
     23      2                       8247978                                        373500000.0000000000
      8      0                       8247981                                        374000000.0000000000
      6      0                       8247983                                        374500000.0000000000
      4      0                      10134126                                        375500000.0000000000
      7      0                      10134128                                        439500000.0000000000
      7      0                      10134132                                        440000000.0000000000
      7      0                      10134134                                        441500000.0000000000
      7      0                      10134136                                        442000000.0000000000
      7      0                      10134140                                        442500000.0000000000
     14      1                      10134143                                        445500000.0000000000
      1      0                      12528804                                        446000000.0000000000
     23      2                      12528805                                        527500000.0000000000
      1      0                      13568376                                        528000000.0000000000
     23      2                      13568377                                        568000000.0000000000
      8      0                      13568378                                        568500000.0000000000
      8      0                      13568380                                        569000000.0000000000
     23      2                      13568383                                        571000000.0000000000
      8      0                      13568386                                        571500000.0000000000
      6      0                      13568388                                        572500000.0000000000
      8      0                      13568390                                        573500000.0000000000
      8      0                      13568394                                        575000000.0000000000
     23      2                      13568397                                        576500000.0000000000
      8      0                      13568398                                        577000000.0000000000
      8      0                      13568400                                        577500000.0000000000
     23      2                      13568405                                        579000000.0000000000
      8      0                      13568406                                        579500000.0000000000
      6      0                      13568410                                        581500000.0000000000
      8      0                      13568412                                        582500000.0000000000
      6      0                      13568414                                        583000000.0000000000
      8      0                      13568416                                        584000000.0000000000
      6      0                      13568420                                        585000000.0000000000
     23      2                      13568421                                        588000000.0000000000
      6      0                      13568422                                        588500000.0000000000
     23      2                      13568423                                        589000000.0000000000
      8      0                      13568424                                        589500000.0000000000
      6      0                      13568428                                        590500000.0000000000
      8      0                      13568430                                        593500000.0000000000
      6      0                      13568432                                        594000000.0000000000
      6      0                      13568434                                        596500000.0000000000
     23      2                      13568435                                        597500000.0000000000
      8      0                      13568436                                        598000000.0000000000
     23      2                      13568439                                        598500000.0000000000
      1      0                      14539703                                        599000000.0000000000
      7      0                      14539705                                        634000000.0000000000
      7      0                      14539709                                        634500000.0000000000
      7      0                      14539711                                        635000000.0000000000
     16      1                      14539714                                        635500000.0000000000
      7      0                      14539715                                        636000000.0000000000
      7      0                      14539717                                        637500000.0000000000
      7      0                      14539721                                        639000000.0000000000
      7      0                      14539725                                        639500000.0000000000
      7      0                      14539727                                        640500000.0000000000
      9      1                      14608725                                        641000000.0000000000
     30      3                      14608726                                        643000000.0000000000
     32      3                      14608732                                        643500000.0000000000
     32      3                      14608736                                        644000000.0000000000
     32      3                      14608744                                        644500000.0000000000
     32      3                      14608750                                        645000000.0000000000
     26      3                      15529720                                        645500000.0000000000
     15      1                      15529720                                       1514093041.1725394044
