      3      0                             0                                                0.0000000000
      3      0                        506144                                           500000.0000000000
     16      1                        506147                                         17500000.0000000000
      7      0                        506150                                         18000000.0000000000
      7      0                        506154                                         18500000.0000000000
      7      0                        506156                                         19000000.0000000000
      7      0                        506158                                         19500000.0000000000
      7      0                        506160                                         21000000.0000000000
     16      1                        506165                                         21500000.0000000000
      7      0                        506168                                         22000000.0000000000
      7      0                        506170                                         22500000.0000000000
      7      0                        506172                                         23500000.0000000000
      7      0                        506174                                         24000000.0000000000
      7      0                        506176                                         24500000.0000000000
      7      0                        506182                                         25000000.0000000000
      7      0                        506186                                         25500000.0000000000
      7      0                        506188                                         26000000.0000000000
      7      0                        506190                                         27500000.0000000000
     14      1                        506191                                         28000000.0000000000
      7      0                        506196                                         28500000.0000000000
      7      0                        506198                                         29500000.0000000000
      7      0                        506200                                         30000000.0000000000
      7      0                        506204                                         31500000.0000000000
      7      0                        506206                                         32000000.0000000000
      7      0                        506208                                         32500000.0000000000
      7      0                        506214                                         33000000.0000000000
      7      0                        506216                                         34000000.0000000000
      7      0                        506218                                         34500000.0000000000
      7      0                        506224                                         35000000.0000000000
      7      0                        506230                                         36000000.0000000000
      7      0                        506232                                         38000000.0000000000
      7      0                        506234                                         38500000.0000000000
      7      0                        506240                                         39000000.0000000000
      3      0                       1286362                                         39500000.0000000000
      7      0                       1286364                                         67000000.0000000000
      5      0                       1451426                                         68500000.0000000000
     23      2                       1451427                                         74500000.0000000000
      6      0                       1451430                                         75000000.0000000000
      1      0                       1462056                                         76000000.0000000000
      7      0                       1462058                                         78000000.0000000000
      7      0                       1462060                                         78500000.0000000000
      7      0                       1462064                                         79000000.0000000000
     14      1                       1462067                                         80000000.0000000000
      7      0                       1462070                                         80500000.0000000000
     14      1                       1462071                                         81000000.0000000000
      7      0                       1462076                                         81500000.0000000000
      7      0                       1462080                                         82000000.0000000000
      7      0                       1462082                                         82500000.0000000000
      7      0                       1462084                                         83000000.0000000000
      7      0                       1462086                                         85000000.0000000000
      7      0                       1462090                                         86000000.0000000000
      7      0                       1462092                                         87500000.0000000000
      7      0                       1462094                                         88500000.0000000000
      7      0                       1462096                                         89500000.0000000000
      7      0                       1462098                                         90000000.0000000000
      7      0                       1462102                                         90500000.0000000000
      7      0                       1462108                                         91500000.0000000000
      1      0                       1870759                                         92000000.0000000000
      7      0                       1876234                                        106000000.0000000000
      4      0                       2019731                                        107500000.0000000000
      6      0                       2019733                                        115500000.0000000000
      8      0                       2019737                                        118000000.0000000000
     23      2                       2019738                                        119500000.0000000000
      8      0                       2019739                                        120000000.0000000000
      8      0                       2019741                                        123000000.0000000000
     23      2                       2019744                                        124500000.0000000000
      8      0                       2019745                                        125000000.0000000000
      6      0                       2019747                                        125500000.0000000000
      6      0                       2019749                                        126000000.0000000000
      6      0                       2019751                                        127500000.0000000000
      6      0                       2019753                                        128000000.0000000000
     23      2                       2019754                                        128500000.0000000000
      8      0                       2019755                                        129000000.0000000000
     23      2                       2019756                                        130000000.0000000000
      6      0                       2019757                                        130500000.0000000000
      6      0                       2019759                                        131000000.0000000000
     23      2                       2019760                                        132000000.0000000000
      6      0                       2019763                                        132500000.0000000000
      6      0                       2019765                                        134500000.0000000000
      6      0                       2019767                                        135000000.0000000000
      8      0                       2019769                                        136000000.0000000000
     23      2                       2019770                                        137500000.0000000000
      8      0                       2019771                                        138000000.0000000000
     23      2                       2019772                                        139000000.0000000000
      6      0                       2019775                                        139500000.0000000000
      8      0                       2019777                                        143000000.0000000000
      6      0                       2019781                                        143500000.0000000000
      8      0                       2019783                                        144500000.0000000000
      2      0                       6723766                                        145000000.0000000000
      8      0                       6723768                                        304500000.0000000000
      8      0                       6723770                                        308000000.0000000000
      6      0                       6723772                                        309500000.0000000000
      8      0                       6723774                                        311000000.0000000000
      6      0                       6723776                                        313500000.0000000000
     23      2                       6723777                                        314000000.0000000000
     23      2                       6723779                                        314500000.0000000000
      6      0                       6723780                                        315000000.0000000000
     23      2                       6723783                                        315500000.0000000000
      8      0                       6723786                                        316000000.0000000000
      8      0                       6723788                                        316500000.0000000000
      8      0                       6723790                                        317000000.0000000000
      6      0                       6723792                                        317500000.0000000000
      8      0                       6723794                                        318000000.0000000000
     23      2                       6723795                                        318500000.0000000000
      6      0                       6723796                                        319000000.0000000000
      6      0                       6723798                                        321000000.0000000000
     23      2                       6723801                                        326000000.0000000000
      6      0                       6723804                                        326500000.0000000000
      8      0                       6723808                                        328000000.0000000000
     23      2                       6723811                                        330000000.0000000000
     23      2                       6723813                                        330500000.0000000000
      6      0                       6723814                                        331000000.0000000000
      8      0                       6723816                                        333000000.0000000000
      6      0                       6723818                                        333500000.0000000000
     23      2                       6723819                                        335000000.0000000000
      8      0                       6723822                                        335500000.0000000000
      6      0                       6723824                                        337500000.0000000000
      6      0                       6723826                                        338000000.0000000000
     23      2                       6723827                                        338500000.0000000000
      8      0                       6723828                                        339000000.0000000000
      6      0                       6723830                                        339500000.0000000000
      4      0                      12225787                                        342500000.0000000000
      7      0                      12225789                                        527500000.0000000000
      7      0                      12225791                                        528000000.0000000000
      7      0                      12225793                                        529000000.0000000000
      7      0                      12225795                                        529500000.0000000000
      7      0                      12225797                                        530000000.0000000000
      7      0                      12225799                                        530500000.0000000000
      7      0                      12225803                                        532500000.0000000000
      7      0                      12225805                                        533000000.0000000000
      7      0                      12225809                                        533500000.0000000000
      7      0                      12225811                                        534500000.0000000000
      7      0                      12225813                                        535500000.0000000000
      7      0                      12225817                                        536000000.0000000000
      7      0                      12225821                                        536500000.0000000000
      7      0                      12225823                                        537000000.0000000000
      7      0                      12225825                                        537500000.0000000000
      7      0                      12225829                                        538000000.0000000000
      5      0                      13301455                                        538500000.0000000000
      7      0                      13301459                                        576500000.0000000000
      7      0                      13301461                                        577500000.0000000000
      7      0                      13301465                                        578500000.0000000000
      7      0                      13301469                                        579000000.0000000000
      7      0                      13301471                                        579500000.0000000000
      7      0                      13301475                                        580000000.0000000000
      7      0                      13301477                                        580500000.0000000000
     16      1                      13301478                                        581500000.0000000000
      7      0                      13301479                                        582000000.0000000000
      7      0                      13301481                                        582500000.0000000000
      7      0                      13301483                                        583000000.0000000000
      7      0                      13301487                                        583500000.0000000000
      7      0                      13301489                                        586000000.0000000000
      7      0                      13301491                                        586500000.0000000000
      4      0                      14088831                                        587000000.0000000000
      6      0                      14088833                                        614500000.0000000000
     23      2                      14088834                                        615500000.0000000000
      6      0                      14088835                                        616000000.0000000000
      6      0                      14088839                                        616500000.0000000000
      8      0                      14088843                                        617500000.0000000000
      8      0                      14088845                                        618500000.0000000000
      6      0                      14088847                                        619000000.0000000000
      8      0                      14088849                                        620500000.0000000000
      8      0                      14088853                                        621000000.0000000000
      6      0                      14088855                                        625000000.0000000000
      6      0                      14088857                                        626000000.0000000000
     23      2                      14088858                                        627000000.0000000000
      6      0                      14088859                                        627500000.0000000000
     23      2                      14088860                                        628000000.0000000000
      8      0                      14088861                                        628500000.0000000000
      8      0                      14088863                                        629000000.0000000000
      6      0                      14088865                                        629500000.0000000000
     23      2                      14088866                                        635000000.0000000000
      6      0                      14088867                                        635500000.0000000000
      8      0                      14088869                                        637000000.0000000000
      6      0                      14088871                                        637500000.0000000000
      5      0                      14972656                                        638000000.0000000000
     23      2                      14972657                                        669000000.0000000000
      8      0                      14972658                                        669500000.0000000000
     23      2                      14972659                                        670000000.0000000000
      8      0                      14972660                                        670500000.0000000000
      8      0                      14972662                                        673000000.0000000000
     23      2                      14972663                                        673500000.0000000000
      6      0                      14972664                                        674000000.0000000000
     23      2                      14972667                                        674500000.0000000000
      8      0                      14972668                                        675000000.0000000000
     23      2                      14972669                                        679500000.0000000000
      8      0                      14972672                                        680000000.0000000000
      6      0                      14972674                                        680500000.0000000000
      8      0                      14972676                                        683000000.0000000000
     23      2                      14972677                                        683500000.0000000000
      8      0                      14972680                                        684000000.0000000000
      6      0                      14972682                                        684500000.0000000000
     23      2                      14972683                                        686500000.0000000000
      6      0                      14972684                                        687000000.0000000000
      2      0                      20073687                                        688000000.0000000000
      8      0                      20073689                                        860500000.0000000000
      8      0                      20073691                                        861000000.0000000000
     23      2                      20073692                                        861500000.0000000000
      6      0                      20073693                                        862000000.0000000000
      2      0                      20387835                                        864000000.0000000000
      7      0                      20387837                                        874500000.0000000000
      7      0                      20387839                                        875000000.0000000000
      7      0                      20387843                                        876000000.0000000000
      7      0                      20387845                                        876500000.0000000000
      7      0                      20387847                                        877500000.0000000000
     13      1                      20543620                                        880000000.0000000000
      7      0                      20543621                                        885000000.0000000000
      7      0                      20543623                                        885500000.0000000000
     16      1                      20543626                                        886000000.0000000000
      7      0                      20543629                                        886500000.0000000000
      7      0                      20543633                                        887000000.0000000000
      7      0                      20543639                                        887500000.0000000000
      7      0                      20543641                                        888000000.0000000000
      7      0                      20543643                                        888500000.0000000000
      7      0                      20543647                                        889000000.0000000000
      7      0                      20543649                                        890000000.0000000000
      7      0                      20543651                                        890500000.0000000000
      7      0                      20543653                                        891000000.0000000000
      1      0                      22751264                                        891500000.0000000000
      6      0                      22751266                                        967000000.0000000000
      6      0                      22751268                                        968000000.0000000000
     23      2                      22751269                                        970000000.0000000000
      8      0                      22751270                                        970500000.0000000000
      6      0                      22751272                                        971000000.0000000000
      8      0                      22751274                                        972000000.0000000000
     23      2                      22751277                                        973000000.0000000000
      6      0                      22751280                                        973500000.0000000000
      6      0                      22751282                                        974500000.0000000000
      8      0                      22751284                                        976000000.0000000000
      6      0                      22751286                                        976500000.0000000000
      8      0                      22751288                                        977000000.0000000000
     23      2                      22751289                                        979000000.0000000000
     23      2                      22751293                                        979500000.0000000000
      8      0                      22751294                                        980000000.0000000000
      6      0                      22751296                                        980500000.0000000000
     23      2                      22751297                                        981000000.0000000000
      6      0                      22751298                                        981500000.0000000000
      6      0                      22751300                                        983500000.0000000000
     23      2                      22751301                                        987000000.0000000000
      6      0                      22751302                                        987500000.0000000000
      2      0                      24573471                                        988000000.0000000000
     23      2                      24573471                                       1052211931.8618776131
