     25      3                             0                                                0.0000000000
     25      3                        178069                                           500000.0000000000
     32      3                        178071                                        168000000.0000000000
     30      3                        178079                                        168500000.0000000000
     15      1                        178086                                        169000000.0000000000
     32      3                        178095                                        169500000.0000000000
     30      3                        178099                                        170000000.0000000000
     30      3                        178113                                        170500000.0000000000
     32      3                        178123                                        171000000.0000000000
     15      1                        178126                                        171500000.0000000000
     32      3                        178131                                        172000000.0000000000
     32      3                        178137                                        172500000.0000000000
     32      3                        178145                                        173000000.0000000000
     30      3                        178149                                        173500000.0000000000
     32      3                        178157                                        174000000.0000000000
     32      3                        178159                                        174500000.0000000000
     32      3                        178161                                        175000000.0000000000
     30      3                        178163                                        175500000.0000000000
     30      3                        178175                                        176000000.0000000000
     30      3                        178181                                        176500000.0000000000
     32      3                        178187                                        177000000.0000000000
     32      3                        178195                                        177500000.0000000000
     30      3                        178201                                        178000000.0000000000
     32      3                        178213                                        178500000.0000000000
     30      3                        178219                                        179000000.0000000000
     32      3                        178229                                        179500000.0000000000
     30      3                        178235                                        180000000.0000000000
     32      3                        178237                                        180500000.0000000000
     32      3                        178247                                        181000000.0000000000
     32      3                        178249                                        181500000.0000000000
     32      3                        178255                                        182000000.0000000000
     15      1                        178260                                        182500000.0000000000
     32      3                        178265                                        183000000.0000000000
     32      3                        178277                                        183500000.0000000000
     32      3                        178287                                        184500000.0000000000
     30      3                        178293                                        185000000.0000000000
     15      1                        178302                                        185500000.0000000000
     30      3                        178305                                        186000000.0000000000
     32      3                        178311                                        186500000.0000000000
     32      3                        178317                                        187000000.0000000000
     30      3                        178329                                        187500000.0000000000
     15      1                        178336                                        188000000.0000000000
     30      3                        178339                                        188500000.0000000000
     32      3                        178345                                        189000000.0000000000
     30      3                        178355                                        189500000.0000000000
     30      3                        178359                                        190000000.0000000000
     30      3                        178361                                        190500000.0000000000
     32      3                        178371                                        191000000.0000000000
     30      3                        178379                                        191500000.0000000000
     32      3                        178385                                        192000000.0000000000
     30      3                        178389                                        192500000.0000000000
     32      3                        178395                                        193000000.0000000000
     30      3                        178401                                        193500000.0000000000
     30      3                        178411                                        194000000.0000000000
     32      3                        178417                                        194500000.0000000000
     30      3                        178425                                        195000000.0000000000
     10      1                        880868                                        195500000.0000000000
     32      3                        880871                                        219000000.0000000000
     32      3                        880879                                        219500000.0000000000
     30      3                        880887                                        220000000.0000000000
     32      3                        880895                                        220500000.0000000000
     30      3                        880897                                        221000000.0000000000
     30      3                        880905                                        221500000.0000000000
     32      3                        880917                                        222000000.0000000000
     32      3                        880931                                        222500000.0000000000
     32      3                        880935                                        223000000.0000000000
     32      3                        880939                                        223500000.0000000000
     32      3                        880949                                        224000000.0000000000
     32      3                        880953                                        224500000.0000000000
     15      1                        880964                                        225000000.0000000000
     15      1                        880970                                        225500000.0000000000
     32      3                        880973                                        226000000.0000000000
     13      1                       1141748                                        226500000.0000000000
     30      3                       1141757                                        235500000.0000000000
     30      3                       1141761                                        236000000.0000000000
     32      3                       1141771                                        236500000.0000000000
     30      3                       1141779                                        237000000.0000000000
     15      1                       1141790                                        237500000.0000000000
     15      1                       1141796                                        238000000.0000000000
     15      1                       1141808                                        238500000.0000000000
     30      3                       1141813                                        239000000.0000000000
     30      3                       1141819                                        239500000.0000000000
     30      3                       1141825                                        240000000.0000000000
     30      3                       1141835                                        240500000.0000000000
     30      3                       1141839                                        241000000.0000000000
     32      3                       1141849                                        241500000.0000000000
     30      3                       1141853                                        242000000.0000000000
     32      3                       1141857                                        242500000.0000000000
     30      3                       1141859                                        243000000.0000000000
     13      1                       1785747                                        243500000.0000000000
      7      0                       1785750                                        265500000.0000000000
      7      0                       1785752                                        266500000.0000000000
      7      0                       1785754                                        267500000.0000000000
      7      0                       1785756                                        268500000.0000000000
      7      0                       1785758                                        270000000.0000000000
      7      0                       1785762                                        271000000.0000000000
      7      0                       1785764                                        271500000.0000000000
      7      0                       1785766                                        272000000.0000000000
     13      1                       2079581                                        272500000.0000000000
      7      0                       2079586                                        282500000.0000000000
      7      0                       2079588                                        283000000.0000000000
     16      1                       2079591                                        283500000.0000000000
      7      0                       2079598                                        284000000.0000000000
      7      0                       2079602                                        284500000.0000000000
      7      0                       2079604                                        286000000.0000000000
      7      0                       2079608                                        286500000.0000000000
      7      0                       2079610                                        287000000.0000000000
      7      0                       2079614                                        288500000.0000000000
     14      1                       2079617                                        289000000.0000000000
      7      0                       2079622                                        289500000.0000000000
      7      0                       2079624                                        290000000.0000000000
      7      0                       2079626                                        290500000.0000000000
      7      0                       2079628                                        291000000.0000000000
      7      0                       2079634                                        291500000.0000000000
      7      0                       2079636                                        292500000.0000000000
      7      0                       2079638                                        293000000.0000000000
      7      0                       2079640                                        293500000.0000000000
      2      0                       2454093                                        294000000.0000000000
      1      0                       5574065                                        307000000.0000000000
      7      0                       5574067                                        413500000.0000000000
      7      0                       5574071                                        414000000.0000000000
      7      0                       5574073                                        415500000.0000000000
      7      0                       5574077                                        416000000.0000000000
      7      0                       5574079                                        416500000.0000000000
      7      0                       5574083                                        417500000.0000000000
      7      0                       5574085                                        418500000.0000000000
      7      0                       5574089                                        419000000.0000000000
      7      0                       5574093                                        419500000.0000000000
      7      0                       5574095                                        420000000.0000000000
      7      0                       5574099                                        420500000.0000000000
      7      0                       5574105                                        421000000.0000000000
      7      0                       5574111                                        422500000.0000000000
      7      0                       5574113                                        423500000.0000000000
      7      0                       5574115                                        425000000.0000000000
      7      0                       5574119                                        426000000.0000000000
      7      0                       5574121                                        426500000.0000000000
      7      0                       5574127                                        427500000.0000000000
      7      0                       5574129                                        428000000.0000000000
     14      1                       5574134                                        428500000.0000000000
      7      0                       5574135                                        429000000.0000000000
      7      0                       5574139                                        429500000.0000000000
      7      0                       5574141                                        430500000.0000000000
      7      0                       5574143                                        431000000.0000000000
      7      0                       5574147                                        432000000.0000000000
      7      0                       5574151                                        432500000.0000000000
     10      1                       5966757                                        433000000.0000000000
      7      0                       5966758                                        446500000.0000000000
      5      0                       7181750                                        447000000.0000000000
     23      2                       7181753                                        489500000.0000000000
     23      2                       7188442                                        490000000.0000000000
      6      0                       7188443                                        490500000.0000000000
      6      0                       7188445                                        491000000.0000000000
      8      0                       7188447                                        491500000.0000000000
      8      0                       7188449                                        492000000.0000000000
      6      0                       7188451                                        493500000.0000000000
      6      0                       7188453                                        494000000.0000000000
      8      0                       7188455                                        494500000.0000000000
      6      0                       7188459                                        496000000.0000000000
      8      0                       7188461                                        498000000.0000000000
     23      2                       7188464                                        499000000.0000000000
      6      0                       7188465                                        499500000.0000000000
      8      0                       7188469                                        500000000.0000000000
     23      2                       7188470                                        501500000.0000000000
      6      0                       7188471                                        502000000.0000000000
      6      0                       7188473                                        503000000.0000000000
      8      0                       7188475                                        504000000.0000000000
      6      0                       7188477                                        505000000.0000000000
      8      0                       7188479                                        506500000.0000000000
     23      2                       7188482                                        507000000.0000000000
      6      0                       7188483                                        507500000.0000000000
     23      2                       7188484                                        508500000.0000000000
      6      0                       7188485                                        509000000.0000000000
      8      0                       7188487                                        509500000.0000000000
      6      0                       7188489                                        510000000.0000000000
     23      2                       7188490                                        510500000.0000000000
      8      0                       7188491                                        511000000.0000000000
      6      0                       7188495                                        512000000.0000000000
     23      2                       7188496                                        512500000.0000000000
      8      0                       7188497                                        513000000.0000000000
     23      2                       7188498                                        513500000.0000000000
      3      0                       7377148                                        514000000.0000000000
      6      0                       7377150                                        522000000.0000000000
      6      0                       7377152                                        524000000.0000000000
      6      0                       7377154                                        525000000.0000000000
      6      0                       7377156                                        526500000.0000000000
      8      0                       7377158                                        527500000.0000000000
      8      0                       7377160                                        528500000.0000000000
      8      0                       7377162                                        529000000.0000000000
      8      0                       7377164                                        529500000.0000000000
      2      0                       7982494                                        530500000.0000000000
      6      0                       7982496                                        553500000.0000000000
      8      0                       7982498                                        557000000.0000000000
      8      0                       7982500                                        557500000.0000000000
      8      0                       7982502                                        558500000.0000000000
     23      2                       7982503                                        560000000.0000000000
      6      0                       7982504                                        560500000.0000000000
      5      0                       8481446                                        561000000.0000000000
     23      2                       8481449                                        579500000.0000000000
      8      0                       8481450                                        580000000.0000000000
      8      0                       8481452                                        582000000.0000000000
      6      0                       8481454                                        584000000.0000000000
      8      0                       8481456                                        586500000.0000000000
     23      2                       8481457                                        587500000.0000000000
      8      0                       8481458                                        588000000.0000000000
      6      0                       8481460                                        588500000.0000000000
      8      0                       8481462                                        589000000.0000000000
     23      2                       8481465                                        590500000.0000000000
      6      0                       8481466                                        591000000.0000000000
      6      0                       8481468                                        595000000.0000000000
      8      0                       8481470                                        596000000.0000000000
      8      0                       8481472                                        596500000.0000000000
      6      0                       8481474                                        597000000.0000000000
      6      0                       8481476                                        597500000.0000000000
      8      0                       8481478                                        598000000.0000000000
     23      2                       8481479                                        598500000.0000000000
      6      0                       8481480                                        599000000.0000000000
     23      2                       8481481                                        599500000.0000000000
      6      0                       8481482                                        600000000.0000000000
      6      0                       8481486                                        602000000.0000000000
      6      0                       8481488                                        602500000.0000000000
      1      0                      16625589                                        603000000.0000000000
     23      2                      16625590                                        880500000.0000000000
      8      0                      16625591                                        881000000.0000000000
     23      2                      16625592                                        883500000.0000000000
      8      0                      16625593                                        884000000.0000000000
      6      0                      16625595                                        884500000.0000000000
      6      0                      16625597                                        886500000.0000000000
      6      0                      16625599                                        887500000.0000000000
     23      2                      16625600                                        888500000.0000000000
     23      2                      16625602                                        889000000.0000000000
      6      0                      16625603                                        889500000.0000000000
     23      2                      16625604                                        890500000.0000000000
      8      0                      16625605                                        891000000.0000000000
      8      0                      16625607                                        891500000.0000000000
      6      0                      16625609                                        892500000.0000000000
      8      0                      16625611                                        893000000.0000000000
      6      0                      16625613                                        894500000.0000000000
      6      0                      16625615                                        895500000.0000000000
      6      0                      16625617                                        896500000.0000000000
      8      0                      16625621                                        897000000.0000000000
      8      0                      16625623                                        899000000.0000000000
     23      2                      16625624                                        902000000.0000000000
      8      0                      16625627                                        902500000.0000000000
     23      2                      16625630                                        903000000.0000000000
      8      0                      16625633                                        903500000.0000000000
      6      0                      16625635                                        904000000.0000000000
      8      0                      16625637                                        904500000.0000000000
      6      0                      16625639                                        906000000.0000000000
      6      0                      16625641                                        907000000.0000000000
     23      2                      16625642                                        908500000.0000000000
      6      0                      16625643                                        909000000.0000000000
     23      2                      16625646                                        909500000.0000000000
      6      0                      16625647                                        910000000.0000000000
      6      0                      16625651                                        912000000.0000000000
      6      0                      16625655                                        912500000.0000000000
      6      0                      16625657                                        913000000.0000000000
     23      2                      16625658                                        914000000.0000000000
     23      2                      16625662                                        914500000.0000000000
      6      0                      16625663                                        915000000.0000000000
      6      0                      16625665                                        918000000.0000000000
      8      0                      16625667                                        918500000.0000000000
      8      0                      16625669                                        919000000.0000000000
      8      0                      16625671                                        919500000.0000000000
     23      2                      16625674                                        920500000.0000000000
      6      0                      16625675                                        921000000.0000000000
      8      0                      16625677                                        922000000.0000000000
      1      0                      17715759                                        922500000.0000000000
      6      0                      17715761                                        965000000.0000000000
     23      2                      17715762                                        966500000.0000000000
      8      0                      17715763                                        967000000.0000000000
      8      0                      17715765                                        967500000.0000000000
     23      2                      17715766                                        968000000.0000000000
      6      0                      17715767                                        968500000.0000000000
      6      0                      17715769                                        973500000.0000000000
     23      2                      17715770                                        974000000.0000000000
      8      0                      17715771                                        974500000.0000000000
      8      0                      17715773                                        976500000.0000000000
      6      0                      17715775                                        977000000.0000000000
      8      0                      17715777                                        980500000.0000000000
      6      0                      17715779                                        981000000.0000000000
      8      0                      17715783                                        981500000.0000000000
      8      0                      17715787                                        982500000.0000000000
      6      0                      17715789                                        983500000.0000000000
      6      0                      17715791                                        985500000.0000000000
     23      2                      17715792                                        987000000.0000000000
      8      0                      17715793                                        987500000.0000000000
      6      0                      17715795                                        988500000.0000000000
      6      0                      17715797                                        990000000.0000000000
      8      0                      17715799                                        991500000.0000000000
     23      2                      17715802                                        995500000.0000000000
      3      0                      18667613                                        996000000.0000000000
     16      1                      18667613                                       1028197731.4156930514
