     10      1                             0                                                0.0000000000
     10      1                        246487                                           500000.0000000000
      7      0                        246488                                          8500000.0000000000
      7      0                        246490                                         11000000.0000000000
      7      0                        246494                                         12000000.0000000000
      7      0                        246500                                         12500000.0000000000
      7      0                        246502                                         13000000.0000000000
      7      0                        246506                                         15000000.0000000000
      7      0                        246508                                         15500000.0000000000
     16      1                        246509                                         16000000.0000000000
      7      0                        246510                                         16500000.0000000000
      7      0                        246512                                         17500000.0000000000
      7      0                        246514                                         18000000.0000000000
      7      0                        246518                                         18500000.0000000000
      7      0                        246522                                         20000000.0000000000
      7      0                        246524                                         20500000.0000000000
      7      0                        246526                                         21000000.0000000000
      7      0                        246528                                         21500000.0000000000
      7      0                        246536                                         22000000.0000000000
      7      0                        246542                                         22500000.0000000000
      7      0                        246544                                         23000000.0000000000
      7      0                        246546                                         24000000.0000000000
      4      0                        753717                                         25000000.0000000000
      4      0                       1548663                                         43000000.0000000000
      8      0                       1548665                                         70000000.0000000000
      8      0                       1548667                                         71000000.0000000000
     23      2                       1548668                                         71500000.0000000000
      6      0                       1548669                                         72000000.0000000000
      6      0                       1548673                                         73500000.0000000000
      8      0                       1548677                                         74000000.0000000000
      8      0                       1548679                                         77500000.0000000000
      6      0                       1548681                                         78000000.0000000000
     23      2                       1548682                                         78500000.0000000000
      6      0                       1548683                                         79000000.0000000000
     23      2                       1548684                                         79500000.0000000000
      8      0                       1548687                                         80000000.0000000000
      6      0                       1548689                                         80500000.0000000000
      8      0                       1548693                                         81000000.0000000000
     23      2                       1548694                                         81500000.0000000000
      8      0                       1548695                                         82000000.0000000000
      6      0                       1548697                                         84500000.0000000000
     23      2                       1548700                                         86500000.0000000000
      8      0                       1548701                                         87000000.0000000000
     23      2                       1548704                                         87500000.0000000000
      1      0                       3097268                                         88000000.0000000000
      6      0                       3097270                                        140500000.0000000000
     23      2                       3097271                                        142000000.0000000000
     23      2                       3097273                                        143000000.0000000000
      6      0                       3097274                                        143500000.0000000000
      8      0                       3097276                                        144500000.0000000000
      6      0                       3097278                                        145000000.0000000000
      6      0                       3097282                                        145500000.0000000000
     23      2                       3097285                                        147000000.0000000000
      6      0                       3097286                                        147500000.0000000000
      8      0                       3097288                                        149500000.0000000000
     23      2                       3097289                                        151000000.0000000000
      8      0                       3097292                                        151500000.0000000000
      6      0                       3097294                                        152000000.0000000000
      6      0                       3097296                                        153000000.0000000000
     23      2                       3097297                                        153500000.0000000000
      6      0                       3097298                                        154000000.0000000000
      6      0                       3097300                                        157500000.0000000000
      6      0                       3097302                                        158500000.0000000000
      1      0                       4006119                                        160000000.0000000000
      6      0                       4006123                                        192500000.0000000000
     23      2                       4006126                                        193000000.0000000000
      6      0                       4006127                                        193500000.0000000000
     23      2                       4006128                                        195000000.0000000000
      6      0                       4006129                                        195500000.0000000000
     23      2                       4006130                                        196000000.0000000000
      3      0                       4693458                                        196500000.0000000000
      7      0                       4693460                                        220500000.0000000000
      7      0                       4693464                                        221500000.0000000000
      7      0                       4693468                                        222000000.0000000000
      7      0                       4693470                                        222500000.0000000000
     16      1                       4693475                                        223000000.0000000000
      7      0                       4693478                                        223500000.0000000000
      7      0                       4693480                                        224500000.0000000000
     14      1                       4693483                                        225000000.0000000000
     16      1                       4693485                                        225500000.0000000000
      7      0                       4693486                                        226000000.0000000000
      7      0                       4693490                                        226500000.0000000000
      4      0                       5430445                                        227000000.0000000000
     23      2                       5430448                                        253500000.0000000000
      6      0                       5430449                                        254000000.0000000000
      8      0                       5430451                                        254500000.0000000000
      6      0                       5430453                                        255000000.0000000000
      6      0                       5430455                                        256500000.0000000000
      8      0                       5430457                                        257000000.0000000000
      8      0                       5430459                                        257500000.0000000000
      8      0                       5430461                                        258000000.0000000000
      5      0                       5442410                                        259000000.0000000000
      8      0                       5442414                                        260000000.0000000000
      8      0                       5442416                                        261500000.0000000000
     23      2                       5442419                                        262500000.0000000000
      6      0                       5442422                                        263000000.0000000000
      6      0                       5442424                                        265500000.0000000000
      6      0                       5442426                                        266000000.0000000000
      6      0                       5442428                                        266500000.0000000000
      8      0                       5442430                                        268000000.0000000000
     23      2                       5442431                                        270000000.0000000000
      6      0                       5442432                                        270500000.0000000000
     23      2                       5442435                                        271000000.0000000000
      6      0                       5442436                                        271500000.0000000000
      8      0                       5442438                                        272000000.0000000000
     23      2                       5442439                                        273000000.0000000000
      8      0                       5442440                                        273500000.0000000000
     23      2                       5442441                                        277000000.0000000000
      6      0                       5442442                                        277500000.0000000000
      6      0                       5442444                                        278000000.0000000000
      6      0                       5442446                                        279500000.0000000000
      8      0                       5442448                                        280000000.0000000000
      6      0                       5442450                                        281000000.0000000000
     23      2                       5442451                                        281500000.0000000000
      6      0                       5442454                                        282000000.0000000000
      8      0                       5442456                                        285500000.0000000000
     23      2                       5442457                                        287500000.0000000000
      6      0                       5442460                                        288000000.0000000000
     23      2                       5442461                                        289500000.0000000000
      6      0                       5442462                                        290000000.0000000000
     23      2                       5442463                                        291500000.0000000000
      6      0                       5442464                                        292000000.0000000000
      6      0                       5442466                                        293500000.0000000000
      6      0                       5442468                                        294500000.0000000000
      6      0                       5442470                                        296500000.0000000000
      6      0                       5442472                                        297500000.0000000000
      3      0                       6667115                                        299000000.0000000000
      3      0                       7532234                                        343000000.0000000000
      7      0                       7532240                                        373000000.0000000000
      7      0                       7532242                                        374500000.0000000000
      7      0                       7532246                                        375000000.0000000000
     14      1                       7532247                                        375500000.0000000000
      7      0                       7532248                                        376000000.0000000000
      7      0                       7532252                                        377000000.0000000000
      7      0                       7532256                                        378000000.0000000000
      7      0                       7532258                                        378500000.0000000000
      7      0                       7532260                                        379000000.0000000000
      7      0                       7532264                                        379500000.0000000000
      7      0                       7532270                                        380000000.0000000000
      7      0                       7532272                                        380500000.0000000000
      7      0                       7532274                                        382000000.0000000000
      7      0                       7532276                                        382500000.0000000000
      7      0                       7532278                                        383500000.0000000000
      7      0                       7532280                                        384000000.0000000000
      2      0                       7603802                                        384500000.0000000000
      8      0                       7603804                                        390500000.0000000000
     23      2                       7603805                                        391000000.0000000000
      6      0                       7603806                                        391500000.0000000000
      6      0                       7603808                                        393000000.0000000000
      8      0                       7603810                                        393500000.0000000000
     23      2                       7603811                                        394000000.0000000000
      6      0                       7603812                                        394500000.0000000000
      8      0                       7603814                                        396500000.0000000000
     23      2                       7603815                                        399000000.0000000000
      6      0                       7603816                                        399500000.0000000000
      8      0                       7603818                                        401500000.0000000000
     23      2                       7603819                                        408000000.0000000000
      8      0                       7603820                                        408500000.0000000000
      8      0                       7603822                                        411000000.0000000000
      2      0                      11408763                                        412000000.0000000000
      2      0                      13867191                                        540500000.0000000000
      8      0                      13867193                                        624500000.0000000000
      8      0                      13867195                                        626500000.0000000000
     23      2                      13867198                                        628500000.0000000000
      6      0                      13867199                                        629000000.0000000000
     23      2                      13867202                                        629500000.0000000000
      6      0                      13867203                                        630000000.0000000000
      2      0                      14181800                                        630500000.0000000000
      7      0                      14181806                                        642500000.0000000000
      7      0                      14181810                                        643000000.0000000000
      7      0                      14181812                                        644000000.0000000000
      7      0                      14181814                                        644500000.0000000000
      7      0                      14181816                                        645500000.0000000000
      7      0                      14181818                                        646000000.0000000000
      7      0                      14181820                                        646500000.0000000000
      7      0                      14181822                                        647000000.0000000000
      7      0                      14181824                                        647500000.0000000000
      7      0                      14181826                                        648000000.0000000000
      7      0                      14181828                                        649000000.0000000000
      7      0                      14181832                                        650000000.0000000000
      7      0                      14181834                                        650500000.0000000000
      7      0                      14181836                                        651000000.0000000000
      7      0                      14181838                                        651500000.0000000000
      7      0                      14181840                                        652500000.0000000000
      7      0                      14181842                                        654500000.0000000000
      7      0                      14181844                                        655000000.0000000000
      7      0                      14181846                                        655500000.0000000000
      7      0                      14181848                                        656000000.0000000000
      7      0                      14181852                                        657000000.0000000000
      7      0                      14181854                                        657500000.0000000000
      7      0                      14181856                                        658500000.0000000000
      7      0                      14181858                                        659000000.0000000000
      7      0                      14181862                                        660000000.0000000000
      7      0                      14181864                                        661000000.0000000000
      7      0                      14181866                                        661500000.0000000000
      7      0                      14181870                                        663000000.0000000000
      7      0                      14181872                                        664000000.0000000000
      7      0                      14181874                                        665000000.0000000000
      7      0                      14181876                                        666000000.0000000000
      7      0                      14181878                                        666500000.0000000000
      7      0                      14181880                                        667000000.0000000000
      7      0                      14181882                                        670500000.0000000000
      7      0                      14181884                                        671000000.0000000000
      7      0                      14181886                                        673000000.0000000000
      7      0                      14181888                                        673500000.0000000000
      7      0                      14181890                                        674000000.0000000000
      7      0                      14181894                                        674500000.0000000000
      7      0                      14181896                                        675000000.0000000000
      7      0                      14181898                                        676000000.0000000000
      7      0                      14181900                                        676500000.0000000000
      7      0                      14181904                                        677500000.0000000000
      7      0                      14181906                                        678000000.0000000000
      7      0                      14181910                                        678500000.0000000000
     16      1                      14181915                                        679000000.0000000000
      7      0                      14181916                                        679500000.0000000000
      7      0                      14181918                                        680500000.0000000000
      7      0                      14181920                                        681000000.0000000000
     16      1                      14181921                                        682500000.0000000000
      7      0                      14181922                                        683000000.0000000000
     14      1                      14181925                                        683500000.0000000000
      7      0                      14181930                                        684000000.0000000000
      7      0                      14181934                                        685000000.0000000000
      7      0                      14181936                                        685500000.0000000000
      7      0                      14181946                                        686000000.0000000000
      7      0                      14181948                                        686500000.0000000000
      7      0                      14181950                                        687500000.0000000000
      7      0                      14181952                                        688000000.0000000000
      7      0                      14181954                                        688500000.0000000000
      1      0                      15369388                                        689500000.0000000000
      8      0                      15369390                                        730000000.0000000000
     23      2                      15369391                                        734000000.0000000000
      6      0                      15369394                                        734500000.0000000000
     23      2                      15369397                                        735000000.0000000000
      8      0                      15369400                                        735500000.0000000000
     23      2                      15369401                                        736500000.0000000000
      8      0                      15369402                                        737000000.0000000000
      6      0                      15369406                                        739500000.0000000000
     23      2                      15369409                                        740500000.0000000000
      4      0                      25556023                                        741000000.0000000000
     23      2                      25556023                                       1084505857.9126962745
