     16      1                             0                                                0.0000000000
      7      0                             4                                           500000.0000000000
      7      0                             8                                          1000000.0000000000
      7      0                            10                                          2000000.0000000000
      7      0                            12                                          2500000.0000000000
      7      0                            18                                          4000000.0000000000
      7      0                            22                                          5500000.0000000000
     14      1                            25                                          6000000.0000000000
      7      0                            28                                          6500000.0000000000
      7      0                            30                                          7000000.0000000000
      7      0                            32                                          8500000.0000000000
      7      0                            34                                          9000000.0000000000
      7      0                            36                                          9500000.0000000000
     16      1                            37                                         10000000.0000000000
      7      0                            38                                         10500000.0000000000
      7      0                            40                                         11000000.0000000000
      7      0                            46                                         11500000.0000000000
      7      0                            48                                         12000000.0000000000
      7      0                            52                                         13000000.0000000000
     14      1                            53                                         14000000.0000000000
      7      0                            54                                         14500000.0000000000
      7      0                            56                                         15500000.0000000000
      7      0                            60                                         16000000.0000000000
      7      0                            62                                         16500000.0000000000
      7      0                            64                                         17500000.0000000000
     16      1                            67                                         18500000.0000000000
      7      0                            70                                         19000000.0000000000
      7      0                            72                                         19500000.0000000000
      7      0                            74                                         20000000.0000000000
     14      1                            75                                         20500000.0000000000
      4      0                       1337067                                         21000000.0000000000
      8      0                       1337069                                         66500000.0000000000
      8      0                       1337071                                         67500000.0000000000
     23      2                       1337074                                         68000000.0000000000
      8      0                       1337075                                         68500000.0000000000
      6      0                       1337077                                         71500000.0000000000
      6      0                       1337079                                         73000000.0000000000
      8      0                       1337083                                         74500000.0000000000
     23      2                       1337084                                         75500000.0000000000
      6      0                       1337087                                         76000000.0000000000
      8      0                       1337089                                         77500000.0000000000
      8      0                       1337091                                         79000000.0000000000
     23      2                       1337094                                         79500000.0000000000
      6      0                       1337095                                         80000000.0000000000
     23      2                       1337096                                         80500000.0000000000
      6      0                       1337097                                         81000000.0000000000
     23      2                       1337102                                         82000000.0000000000
      8      0                       1337105                                         82500000.0000000000
     23      2                       1337106                                         83000000.0000000000
      8      0                       1337107                                         83500000.0000000000
      8      0                       1337109                                         84500000.0000000000
     23      2                       1337110                                         85000000.0000000000
      8      0                       1337113                                         85500000.0000000000
      6      0                       1337115                                         86000000.0000000000
      6      0                       1337117                                         86500000.0000000000
      6      0                       1337119                                         87000000.0000000000
     23      2                       1337120                                         87500000.0000000000
      8      0                       1337121                                         88000000.0000000000
      6      0                       1337123                                         90500000.0000000000
      6      0                       1337125                                         91000000.0000000000
      6      0                       1337127                                         92000000.0000000000
      8      0                       1337129                                         92500000.0000000000
     23      2                       1337130                                         93000000.0000000000
      8      0                       1337131                                         93500000.0000000000
     23      2                       1337132                                         95000000.0000000000
     23      2                       1337134                                         95500000.0000000000
     23      2                       1337136                                         96000000.0000000000
      6      0                       1337137                                         96500000.0000000000
      6      0                       1337139                                         97000000.0000000000
     23      2                       1337140                                         98500000.0000000000
      6      0                       1337141                                         99000000.0000000000
     23      2                       1337142                                        100000000.0000000000
      6      0                       1337143                                        100500000.0000000000
     23      2                       1337144                                        101500000.0000000000
      6      0                       1337147                                        102000000.0000000000
     23      2                       1337148                                        102500000.0000000000
      6      0                       1337149                                        103000000.0000000000
      8      0                       1337151                                        103500000.0000000000
     23      2                       1337152                                        105000000.0000000000
      8      0                       1337155                                        105500000.0000000000
      6      0                       1337157                                        107000000.0000000000
     23      2                       1337158                                        108000000.0000000000
      8      0                       1337159                                        108500000.0000000000
     23      2                       1337160                                        109500000.0000000000
      8      0                       1337161                                        110000000.0000000000
      8      0                       1337163                                        111000000.0000000000
      6      0                       1337165                                        111500000.0000000000
     23      2                       1337166                                        113000000.0000000000
      8      0                       1337167                                        113500000.0000000000
     23      2                       1337168                                        114000000.0000000000
      6      0                       1337169                                        114500000.0000000000
      6      0                       1337171                                        115500000.0000000000
      6      0                       1337173                                        116500000.0000000000
     23      2                       1337174                                        117500000.0000000000
      6      0                       1337175                                        118000000.0000000000
      6      0                       1337181                                        121500000.0000000000
      6      0                       1337183                                        122000000.0000000000
      8      0                       1337185                                        123500000.0000000000
     23      2                       1337186                                        124500000.0000000000
      8      0                       1337187                                        125000000.0000000000
      6      0                       1337189                                        126500000.0000000000
      6      0                       1337191                                        128500000.0000000000
      6      0                       1337193                                        130000000.0000000000
     23      2                       1337194                                        130500000.0000000000
      6      0                       1337195                                        131000000.0000000000
      4      0                       1471741                                        131500000.0000000000
      6      0                       1471743                                        136000000.0000000000
      6      0                       1471745                                        136500000.0000000000
      3      0                       1836330                                        137000000.0000000000
      2      0                       4879249                                        151500000.0000000000
     14      1                       4879252                                        255500000.0000000000
      7      0                       4879257                                        256000000.0000000000
      1      0                       4974378                                        256500000.0000000000
      7      0                       4974380                                        261500000.0000000000
      2      0                       5999505                                        264000000.0000000000
      6      0                       5999507                                        300000000.0000000000
      8      0                       5999509                                        301000000.0000000000
      8      0                       5999511                                        303500000.0000000000
      8      0                       5999513                                        304500000.0000000000
      8      0                       5999515                                        306000000.0000000000
     23      2                       5999516                                        308000000.0000000000
     23      2                       5999520                                        308500000.0000000000
      6      0                       5999521                                        309000000.0000000000
      8      0                       5999525                                        309500000.0000000000
      6      0                       5999527                                        310000000.0000000000
      6      0                       5999529                                        311500000.0000000000
      6      0                       5999533                                        312000000.0000000000
      8      0                       5999537                                        312500000.0000000000
      6      0                       5999539                                        314000000.0000000000
      6      0                       5999541                                        314500000.0000000000
      6      0                       5999543                                        318000000.0000000000
      8      0                       5999545                                        319000000.0000000000
     23      2                       5999546                                        322500000.0000000000
      8      0                       5999549                                        323000000.0000000000
      8      0                       5999551                                        326000000.0000000000
      8      0                       5999553                                        326500000.0000000000
     23      2                       5999554                                        328500000.0000000000
     23      2                       5999556                                        329000000.0000000000
      6      0                       5999557                                        329500000.0000000000
      6      0                       5999561                                        331000000.0000000000
      6      0                       5999563                                        332000000.0000000000
      8      0                       5999565                                        334000000.0000000000
      6      0                       5999567                                        338000000.0000000000
      6      0                       5999569                                        338500000.0000000000
     23      2                       5999570                                        339000000.0000000000
      6      0                       5999573                                        339500000.0000000000
      6      0                       5999575                                        340500000.0000000000
      6      0                       5999577                                        341500000.0000000000
      3      0                       9125695                                        343500000.0000000000
      8      0                       9125697                                        449500000.0000000000
     23      2                       9125698                                        451500000.0000000000
      8      0                       9125699                                        452000000.0000000000
     23      2                       9125700                                        452500000.0000000000
      3      0                       9998803                                        453000000.0000000000
      7      0                       9998805                                        484500000.0000000000
      7      0                       9998809                                        485500000.0000000000
      1      0                      14768279                                        487000000.0000000000
     23      2                      14768282                                        650000000.0000000000
      8      0                      14768285                                        650500000.0000000000
     23      2                      14768286                                        653000000.0000000000
      6      0                      14768291                                        653500000.0000000000
      6      0                      14768293                                        654000000.0000000000
     23      2                      14768294                                        654500000.0000000000
      6      0                      14768295                                        655000000.0000000000
     23      2                      14768296                                        655500000.0000000000
      6      0                      14768297                                        656000000.0000000000
     23      2                      14768298                                        656500000.0000000000
      8      0                      14768299                                        657000000.0000000000
      8      0                      14768303                                        657500000.0000000000
      6      0                      14768305                                        658500000.0000000000
      8      0                      14768307                                        659500000.0000000000
      8      0                      14768309                                        660000000.0000000000
     23      2                      14768310                                        660500000.0000000000
      8      0                      14768311                                        661000000.0000000000
      8      0                      14768313                                        661500000.0000000000
     23      2                      14768314                                        664000000.0000000000
      6      0                      14768319                                        664500000.0000000000
     23      2                      14768322                                        665000000.0000000000
      6      0                      14768323                                        665500000.0000000000
     23      2                      14768324                                        668000000.0000000000
      8      0                      14768327                                        668500000.0000000000
      1      0                      17044695                                        669500000.0000000000
      7      0                      17044697                                        747000000.0000000000
      7      0                      17044701                                        749500000.0000000000
      7      0                      17044705                                        750000000.0000000000
      7      0                      17044709                                        750500000.0000000000
     16      1                      17044712                                        751000000.0000000000
      7      0                      17044715                                        751500000.0000000000
      4      0                      17123743                                        752000000.0000000000
      7      0                      17123745                                        755000000.0000000000
      7      0                      17123747                                        755500000.0000000000
      7      0                      17123749                                        756000000.0000000000
      7      0                      17123753                                        756500000.0000000000
      7      0                      17123755                                        757000000.0000000000
      7      0                      17123761                                        758000000.0000000000
      7      0                      17123763                                        759000000.0000000000
      7      0                      17123765                                        759500000.0000000000
      7      0                      17123767                                        760000000.0000000000
     14      1                      17123770                                        760500000.0000000000
      7      0                      17123771                                        761000000.0000000000
      7      0                      17123775                                        761500000.0000000000
      7      0                      17123777                                        763000000.0000000000
      7      0                      17123781                                        764000000.0000000000
      3      0                      17682384                                        764500000.0000000000
      7      0                      17682386                                        784000000.0000000000
      7      0                      17682392                                        785000000.0000000000
     14      1                      17682393                                        786500000.0000000000
      7      0                      17682396                                        787000000.0000000000
     14      1                      17682399                                        787500000.0000000000
      2      0                      17752702                                        788000000.0000000000
      7      0                      17752706                                        791500000.0000000000
      7      0                      17752708                                        792500000.0000000000
      7      0                      17752710                                        793000000.0000000000
      7      0                      17752712                                        793500000.0000000000
      5      0                      18627864                                        794000000.0000000000
      6      0                      18627866                                        826000000.0000000000
      8      0                      18627868                                        828000000.0000000000
     23      2                      18627871                                        828500000.0000000000
      6      0                      18627872                                        829000000.0000000000
     23      2                      18627875                                        829500000.0000000000
      8      0                      18627876                                        830000000.0000000000
     23      2                      18627877                                        833500000.0000000000
      8      0                      18627878                                        834000000.0000000000
     23      2                      18627879                                        834500000.0000000000
      8      0                      18627882                                        835000000.0000000000
     23      2                      18627883                                        836500000.0000000000
      8      0                      18627884                                        837000000.0000000000
      6      0                      18627886                                        838000000.0000000000
      6      0                      18627888                                        838500000.0000000000
     23      2                      18627889                                        839000000.0000000000
      1      0                      20521176                                        839500000.0000000000
      1      0                      20714221                                        904500000.0000000000
      8      0                      20714223                                        913000000.0000000000
      6      0                      20714225                                        915000000.0000000000
     23      2                      20714228                                        916000000.0000000000
      6      0                      20714229                                        916500000.0000000000
      8      0                      20714231                                        917000000.0000000000
      8      0                      20714233                                        918000000.0000000000
     23      2                      20714234                                        919500000.0000000000
      6      0                      20714239                                        920000000.0000000000
      8      0                      20714241                                        922000000.0000000000
      6      0                      20714243                                        922500000.0000000000
      6      0                      20714245                                        926000000.0000000000
      8      0                      20714247                                        926500000.0000000000
      6      0                      20714249                                        927000000.0000000000
      6      0                      20714251                                        932000000.0000000000
      6      0                      20714253                                        932500000.0000000000
      6      0                      20714255                                        933000000.0000000000
      8      0                      20714257                                        933500000.0000000000
     23      2                      20714260                                        935000000.0000000000
      8      0                      20714263                                        935500000.0000000000
     23      2                      20714266                                        937000000.0000000000
      8      0                      20714267                                        937500000.0000000000
      8      0                      20714269                                        939000000.0000000000
      6      0                      20714271                                        940500000.0000000000
      6      0                      20714273                                        942000000.0000000000
      6      0                      20714275                                        943000000.0000000000
      6      0                      20714277                                        946500000.0000000000
      6      0                      20714281                                        949000000.0000000000
      8      0                      20714283                                        950500000.0000000000
     23      2                      20714284                                        951000000.0000000000
     23      2                      20714286                                        951500000.0000000000
      8      0                      20714287                                        952000000.0000000000
      8      0                      20714289                                        953500000.0000000000
      6      0                      20714291                                        954000000.0000000000
      8      0                      20714293                                        955000000.0000000000
      8      0                      20714295                                        957500000.0000000000
      6      0                      20714297                                        958500000.0000000000
     23      2                      20714300                                        962000000.0000000000
      8      0                      20714301                                        962500000.0000000000
      6      0                      20714303                                        963500000.0000000000
      8      0                      20714307                                        964500000.0000000000
      6      0                      20714309                                        966000000.0000000000
      8      0                      20714311                                        967000000.0000000000
      1      0                      21008112                                        968500000.0000000000
      7      0                      21008116                                        979500000.0000000000
      7      0                      21008120                                        980000000.0000000000
      7      0                      21008124                                        980500000.0000000000
     16      1                      21008127                                        982000000.0000000000
      7      0                      21008130                                        982500000.0000000000
      7      0                      21008134                                        984500000.0000000000
      7      0                      21008138                                        985000000.0000000000
      7      0                      21008142                                        985500000.0000000000
      7      0                      21008144                                        986000000.0000000000
     14      1                      21008145                                        986500000.0000000000
      7      0                      21008148                                        987000000.0000000000
      7      0                      21008150                                        987500000.0000000000
      7      0                      21008156                                        988000000.0000000000
     16      1                      21008157                                        988500000.0000000000
      7      0                      21008162                                        989000000.0000000000
      7      0                      21008164                                        989500000.0000000000
      7      0                      21008166                                        990500000.0000000000
      7      0                      21008168                                        992500000.0000000000
      7      0                      21008176                                        993000000.0000000000
      7      0                      21008178                                        994000000.0000000000
      7      0                      21008180                                        996500000.0000000000
      7      0                      21008182                                        997000000.0000000000
     14      1                      21008185                                        998000000.0000000000
      7      0                      21008188                                        998500000.0000000000
      7      0                      21008190                                        999000000.0000000000
      7      0                      21008194                                       1000000000.0000000000
     16      1                      21008194                                       1000381446.4543462958
