     16      1                             0                                                0.0000000000
      5      0                       1100762                                           500000.0000000000
      7      0                       1100770                                         38000000.0000000000
      7      0                       1100772                                         39000000.0000000000
      4      0                       2490435                                         40500000.0000000000
      6      0                       2490437                                         88000000.0000000000
     23      2                       2490440                                         89000000.0000000000
      8      0                       2490441                                         89500000.0000000000
      6      0                       2490443                                         90000000.0000000000
      8      0                       2490445                                         95000000.0000000000
      6      0                       2490447                                         96000000.0000000000
      8      0                       2490449                                         97000000.0000000000
     23      2                       2490450                                         97500000.0000000000
      8      0                       2490451                                         98000000.0000000000
     23      2                       2490452                                         98500000.0000000000
      6      0                       2490453                                         99000000.0000000000
      6      0                       2490455                                        100000000.0000000000
      8      0                       2490457                                        100500000.0000000000
      8      0                       2490459                                        101000000.0000000000
     23      2                       2490460                                        101500000.0000000000
      8      0                       2490461                                        102000000.0000000000
      8      0                       2490463                                        103500000.0000000000
     23      2                       2490464                                        104000000.0000000000
      6      0                       2490465                                        104500000.0000000000
     23      2                       2490466                                        105000000.0000000000
      8      0                       2490467                                        105500000.0000000000
     23      2                       2490468                                        106000000.0000000000
      6      0                       2490469                                        106500000.0000000000
      6      0                       2490471                                        109500000.0000000000
      6      0                       2490473                                        111000000.0000000000
     23      2                       2490476                                        113500000.0000000000
      6      0                       2490477                                        114000000.0000000000
     23      2                       2490478                                        115000000.0000000000
      8      0                       2490481                                        115500000.0000000000
      6      0                       2490483                                        117000000.0000000000
      1      0                       3353464                                        117500000.0000000000
      7      0                       3353468                                        147000000.0000000000
      7      0                       3353470                                        147500000.0000000000
      7      0                       3353472                                        148000000.0000000000
      7      0                       3353474                                        148500000.0000000000
     11      1                       3675116                                        149000000.0000000000
     12      1                       3785351                                        160000000.0000000000
     30      3                       3785358                                        164000000.0000000000
     32      3                       3785364                                        164500000.0000000000
     32      3                       3785374                                        165000000.0000000000
     30      3                       3785380                                        165500000.0000000000
     32      3                       3785392                                        166000000.0000000000
     32      3                       3785396                                        166500000.0000000000
     11      1                       3970441                                        167000000.0000000000
      7      0                       3970442                                        173000000.0000000000
      7      0                       3970446                                        173500000.0000000000
      7      0                       3970448                                        174500000.0000000000
     14      1                       3970449                                        176000000.0000000000
      7      0                       3970454                                        176500000.0000000000
      7      0                       3970456                                        177000000.0000000000
      4      0                       5624126                                        177500000.0000000000
     14      1                       5624127                                        233500000.0000000000
      7      0                       5624132                                        234000000.0000000000
     16      1                       5624135                                        235000000.0000000000
      7      0                       5624136                                        235500000.0000000000
      7      0                       5624138                                        236000000.0000000000
     14      1                       5624139                                        236500000.0000000000
      7      0                       5624142                                        237000000.0000000000
      7      0                       5624146                                        238000000.0000000000
      7      0                       5624148                                        239000000.0000000000
      7      0                       5624150                                        240000000.0000000000
      7      0                       5624152                                        242000000.0000000000
      7      0                       5624156                                        242500000.0000000000
      7      0                       5624158                                        243000000.0000000000
      7      0                       5624162                                        243500000.0000000000
      7      0                       5624164                                        244000000.0000000000
      7      0                       5624166                                        245000000.0000000000
     10      1                       5855542                                        245500000.0000000000
      7      0                       5855545                                        253500000.0000000000
      7      0                       5855547                                        254000000.0000000000
      7      0                       5855549                                        254500000.0000000000
      7      0                       5855551                                        255500000.0000000000
      7      0                       5855553                                        256000000.0000000000
      7      0                       5855557                                        256500000.0000000000
      7      0                       5855563                                        257000000.0000000000
      7      0                       5855565                                        258500000.0000000000
      7      0                       5855569                                        259000000.0000000000
     14      1                       5855570                                        259500000.0000000000
      7      0                       5855571                                        260000000.0000000000
      7      0                       5855575                                        261500000.0000000000
      7      0                       5855581                                        265000000.0000000000
      7      0                       5855583                                        265500000.0000000000
     14      1                       5855586                                        266000000.0000000000
      7      0                       5855589                                        266500000.0000000000
      7      0                       5855591                                        267000000.0000000000
      7      0                       5855593                                        268000000.0000000000
      7      0                       5855597                                        269000000.0000000000
      7      0                       5855601                                        269500000.0000000000
      7      0                       5855607                                        271000000.0000000000
      7      0                       5855609                                        271500000.0000000000
      7      0                       5855613                                        272500000.0000000000
      7      0                       5855617                                        273000000.0000000000
      7      0                       5855619                                        273500000.0000000000
      4      0                       9363728                                        274500000.0000000000
     16      1                       9363729                                        393000000.0000000000
      7      0                       9363730                                        393500000.0000000000
     16      1                       9363733                                        394000000.0000000000
      7      0                       9363734                                        394500000.0000000000
      7      0                       9363736                                        395000000.0000000000
      4      0                      12145837                                        395500000.0000000000
     23      2                      12145838                                        491000000.0000000000
      6      0                      12145841                                        491500000.0000000000
      8      0                      12145843                                        492000000.0000000000
     23      2                      12145844                                        493000000.0000000000
      8      0                      12145847                                        493500000.0000000000
      6      0                      12145849                                        494000000.0000000000
      6      0                      12145851                                        495000000.0000000000
      6      0                      12145855                                        497500000.0000000000
     23      2                      12145856                                        498500000.0000000000
      8      0                      12145857                                        499000000.0000000000
      8      0                      12145859                                        500000000.0000000000
      8      0                      12145861                                        501000000.0000000000
      6      0                      12145865                                        501500000.0000000000
      8      0                      12145867                                        502000000.0000000000
      8      0                      12145869                                        503000000.0000000000
      3      0                      12508468                                        503500000.0000000000
      8      0                      12508472                                        520000000.0000000000
      6      0                      12508474                                        522000000.0000000000
      6      0                      12508476                                        523000000.0000000000
      8      0                      12508478                                        525500000.0000000000
      2      0                      16786176                                        526500000.0000000000
      2      0                      17303547                                        674500000.0000000000
      8      0                      17303549                                        696000000.0000000000
      4      0                      18996530                                        697000000.0000000000
     23      2                      18996531                                        756000000.0000000000
      6      0                      18996532                                        756500000.0000000000
      6      0                      18996534                                        757500000.0000000000
     23      2                      18996535                                        758000000.0000000000
      6      0                      18996536                                        758500000.0000000000
     23      2                      18996537                                        759500000.0000000000
      8      0                      18996538                                        760000000.0000000000
      6      0                      18996540                                        760500000.0000000000
      6      0                      18996542                                        761000000.0000000000
      6      0                      18996544                                        762000000.0000000000
      6      0                      18996546                                        763000000.0000000000
      6      0                      18996550                                        763500000.0000000000
     23      2                      18996551                                        764500000.0000000000
     23      2                      18996553                                        765000000.0000000000
      8      0                      18996554                                        765500000.0000000000
      6      0                      18996556                                        766000000.0000000000
      6      0                      18996558                                        768000000.0000000000
     23      2                      18996559                                        769000000.0000000000
      8      0                      18996560                                        769500000.0000000000
      8      0                      18996562                                        771500000.0000000000
      8      0                      18996566                                        772000000.0000000000
      2      0                      19673528                                        774500000.0000000000
      1      0                      19810305                                        799000000.0000000000
     23      2                      19810306                                        804500000.0000000000
      8      0                      19810307                                        805000000.0000000000
      6      0                      19810309                                        805500000.0000000000
      6      0                      19810311                                        806000000.0000000000
      8      0                      19810313                                        806500000.0000000000
     23      2                      19810314                                        807500000.0000000000
      6      0                      19810315                                        808000000.0000000000
      8      0                      19810317                                        812500000.0000000000
      6      0                      19810319                                        813000000.0000000000
      6      0                      19810321                                        813500000.0000000000
      6      0                      19810323                                        814000000.0000000000
      8      0                      19810325                                        815000000.0000000000
     23      2                      19810326                                        816000000.0000000000
      8      0                      19810327                                        816500000.0000000000
     23      2                      19810328                                        817000000.0000000000
      8      0                      19810331                                        817500000.0000000000
     23      2                      19810334                                        818000000.0000000000
      8      0                      19810335                                        818500000.0000000000
      6      0                      19810337                                        819500000.0000000000
      1      0                      20172596                                        820500000.0000000000
      6      0                      20172598                                        833500000.0000000000
      6      0                      20172600                                        836000000.0000000000
      6      0                      20172602                                        837000000.0000000000
      6      0                      20172604                                        839500000.0000000000
      8      0                      20172606                                        841000000.0000000000
     23      2                      20172607                                        843000000.0000000000
     23      2                      20172609                                        843500000.0000000000
      8      0                      20172610                                        844000000.0000000000
     23      2                      20172611                                        845000000.0000000000
      8      0                      20172614                                        845500000.0000000000
     23      2                      20172615                                        846500000.0000000000
      6      0                      20172616                                        847000000.0000000000
     23      2                      20172617                                        847500000.0000000000
      8      0                      20172618                                        848000000.0000000000
      8      0                      20172620                                        848500000.0000000000
      8      0                      20172622                                        849000000.0000000000
      8      0                      20172624                                        849500000.0000000000
     23      2                      20172625                                        850000000.0000000000
      6      0                      20172626                                        850500000.0000000000
      3      0                      20351349                                        851000000.0000000000
     23      2                      20351350                                        858000000.0000000000
      6      0                      20351351                                        858500000.0000000000
      6      0                      20351353                                        859500000.0000000000
     23      2                      20351354                                        861500000.0000000000
      8      0                      20351355                                        862000000.0000000000
      6      0                      20351357                                        864500000.0000000000
      8      0                      20351359                                        867000000.0000000000
      2      0                      23747968                                        868500000.0000000000
      8      0                      23747970                                        986000000.0000000000
      6      0                      23747972                                        987500000.0000000000
      6      0                      23747974                                        989000000.0000000000
      1      0                      24573110                                        990000000.0000000000
     23      2                      24573110                                       1019475405.2040974896
