     24      2                             0                                                0.0000000000
     24      2                             5                                           500000.0000000000
     22      2                             9                                          1000000.0000000000
     31      3                            14                                          1500000.0000000000
     22      2                            19                                          2000000.0000000000
     31      3                            20                                          2500000.0000000000
     22      2                            25                                          3000000.0000000000
     22      2                            29                                          3500000.0000000000
     24      2                            31                                          4000000.0000000000
     24      2                            33                                          4500000.0000000000
     31      3                            38                                          5000000.0000000000
     19      2                        197860                                          5500000.0000000000
     31      3                        197863                                        241500000.0000000000
     24      2                        197866                                        242000000.0000000000
     24      2                        197868                                        242500000.0000000000
     24      2                        197872                                        243000000.0000000000
     24      2                        197874                                        244000000.0000000000
     22      2                        197876                                        244500000.0000000000
     31      3                        197881                                        245000000.0000000000
     22      2                        197882                                        245500000.0000000000
     31      3                        197887                                        246500000.0000000000
     24      2                        197892                                        247000000.0000000000
     22      2                        197896                                        247500000.0000000000
     22      2                        197900                                        248000000.0000000000
     31      3                        197903                                        248500000.0000000000
     24      2                        197906                                        249000000.0000000000
     31      3                        197909                                        249500000.0000000000
     31      3                        197913                                        250000000.0000000000
     22      2                        197914                                        250500000.0000000000
     22      2                        197916                                        251500000.0000000000
     31      3                        197919                                        252500000.0000000000
     22      2                        197920                                        253000000.0000000000
     24      2                        197922                                        254000000.0000000000
     31      3                        197925                                        254500000.0000000000
     31      3                        197931                                        255000000.0000000000
     24      2                        197934                                        255500000.0000000000
     31      3                        197935                                        256500000.0000000000
     24      2                        197938                                        257000000.0000000000
     31      3                        197941                                        257500000.0000000000
     31      3                        197947                                        258000000.0000000000
     22      2                        197950                                        258500000.0000000000
     24      2                        197954                                        259000000.0000000000
     24      2                        197958                                        260000000.0000000000
     31      3                        197961                                        260500000.0000000000
     24      2                        197968                                        261000000.0000000000
     31      3                        197971                                        261500000.0000000000
     22      2                        197974                                        262000000.0000000000
     31      3                        197977                                        262500000.0000000000
     22      2                        197982                                        263000000.0000000000
     24      2                        197984                                        263500000.0000000000
     24      2                        197986                                        264000000.0000000000
     22      2                        197988                                        265000000.0000000000
     24      2                        197994                                        265500000.0000000000
     22      2                        197998                                        266000000.0000000000
     22      2                        198006                                        266500000.0000000000
     22      2                        198010                                        267000000.0000000000
     22      2                        198014                                        267500000.0000000000
     24      2                        198018                                        268000000.0000000000
     31      3                        198019                                        268500000.0000000000
     24      2                        198022                                        269000000.0000000000
     31      3                        198025                                        269500000.0000000000
     22      2                        198028                                        270000000.0000000000
     22      2                        198030                                        271000000.0000000000
     22      2                        198032                                        271500000.0000000000
     22      2                        198034                                        272000000.0000000000
     24      2                        198036                                        272500000.0000000000
     22      2                        198040                                        273000000.0000000000
     22      2                        198042                                        273500000.0000000000
     24      2                        198048                                        274000000.0000000000
     24      2                        198052                                        274500000.0000000000
     24      2                        198056                                        275000000.0000000000
     31      3                        198061                                        275500000.0000000000
     24      2                        198066                                        276000000.0000000000
     31      3                        198071                                        276500000.0000000000
     22      2                        198072                                        277000000.0000000000
     22      2                        198074                                        277500000.0000000000
     24      2                        198082                                        278000000.0000000000
     22      2                        198084                                        278500000.0000000000
     22      2                        198086                                        279000000.0000000000
     24      2                        198088                                        279500000.0000000000
     24      2                        198090                                        280000000.0000000000
     22      2                        198098                                        280500000.0000000000
     31      3                        198103                                        281000000.0000000000
     22      2                        198104                                        281500000.0000000000
     31      3                        198111                                        282000000.0000000000
     24      2                        198116                                        282500000.0000000000
     22      2                        198120                                        283500000.0000000000
     31      3                        198123                                        284000000.0000000000
     24      2                        198128                                        284500000.0000000000
     24      2                        198134                                        285000000.0000000000
     22      2                        198138                                        286000000.0000000000
     24      2                        198140                                        286500000.0000000000
     31      3                        198141                                        287000000.0000000000
     22      2                        198146                                        287500000.0000000000
     22      2                        198148                                        288000000.0000000000
     22      2                        198152                                        289500000.0000000000
     24      2                        198154                                        290000000.0000000000
     22      2                        198156                                        290500000.0000000000
     24      2                        198160                                        291000000.0000000000
     24      2                        198164                                        291500000.0000000000
     31      3                        198167                                        292000000.0000000000
     24      2                        198170                                        292500000.0000000000
     24      2                        198178                                        293000000.0000000000
     22      2                        198180                                        293500000.0000000000
     31      3                        198181                                        295000000.0000000000
     22      2                        198182                                        295500000.0000000000
     24      2                        198186                                        296000000.0000000000
     31      3                        198187                                        296500000.0000000000
     31      3                        198193                                        297000000.0000000000
     22      2                        198194                                        297500000.0000000000
     24      2                        198198                                        299000000.0000000000
     22      2                        198200                                        299500000.0000000000
     22      2                        198202                                        300000000.0000000000
     22      2                        198208                                        300500000.0000000000
     22      2                        198216                                        301000000.0000000000
     31      3                        198219                                        301500000.0000000000
     22      2                        198220                                        302000000.0000000000
     22      2                        198226                                        302500000.0000000000
     24      2                        198230                                        303000000.0000000000
     24      2                        198234                                        303500000.0000000000
     22      2                        198238                                        304000000.0000000000
     24      2                        198240                                        305000000.0000000000
     22      2                        198242                                        306500000.0000000000
     22      2                        198248                                        307000000.0000000000
     24      2                        198252                                        308500000.0000000000
     31      3                        198253                                        309500000.0000000000
     24      2                        198256                                        310000000.0000000000
     22      2                        198260                                        310500000.0000000000
     22      2                        198264                                        313500000.0000000000
     24      2                        198266                                        314000000.0000000000
     31      3                        198267                                        315000000.0000000000
     24      2                        198268                                        315500000.0000000000
     22      2                        198276                                        316000000.0000000000
     24      2                        198280                                        316500000.0000000000
     22      2                        198288                                        317000000.0000000000
     24      2                        198290                                        317500000.0000000000
     31      3                        198297                                        318000000.0000000000
     22      2                        198298                                        318500000.0000000000
     31      3                        198303                                        319000000.0000000000
     31      3                        198309                                        319500000.0000000000
     31      3                        198313                                        320000000.0000000000
     24      2                        198316                                        320500000.0000000000
     24      2                        198320                                        321000000.0000000000
     22      2                        198326                                        322000000.0000000000
     24      2                        198328                                        322500000.0000000000
     22      2                        198332                                        323000000.0000000000
     31      3                        198337                                        323500000.0000000000
     22      2                        198340                                        324000000.0000000000
     24      2                        198346                                        324500000.0000000000
     24      2                        198348                                        325000000.0000000000
     31      3                        198353                                        325500000.0000000000
     24      2                        198354                                        326000000.0000000000
     31      3                        198357                                        326500000.0000000000
     22      2                        198360                                        327000000.0000000000
     31      3                        198367                                        327500000.0000000000
     22      2                        198370                                        328000000.0000000000
     22      2                        198376                                        328500000.0000000000
     24      2                        198378                                        329000000.0000000000
     31      3                        198383                                        329500000.0000000000
     31      3                        198387                                        330000000.0000000000
     22      2                        198390                                        330500000.0000000000
     31      3                        198391                                        331500000.0000000000
     31      3                        198393                                        332000000.0000000000
     22      2                        198394                                        332500000.0000000000
     22      2                        198396                                        333000000.0000000000
     22      2                        198398                                        333500000.0000000000
     24      2                        198402                                        334000000.0000000000
     22      2                        198408                                        334500000.0000000000
     24      2                        198410                                        335500000.0000000000
     24      2                        198412                                        336000000.0000000000
     22      2                        198414                                        336500000.0000000000
     24      2                        198418                                        337000000.0000000000
     24      2                        198420                                        337500000.0000000000
     24      2                        198422                                        338000000.0000000000
     22      2                        198426                                        338500000.0000000000
     24      2                        198434                                        339000000.0000000000
     31      3                        198437                                        339500000.0000000000
     31      3                        198441                                        340000000.0000000000
     22      2                        198446                                        340500000.0000000000
     19      2                        518990                                        341000000.0000000000
     24      2                        518992                                        723500000.0000000000
     24      2                        518996                                        724000000.0000000000
     24      2                        519002                                        724500000.0000000000
     24      2                        519004                                        725000000.0000000000
     22      2                        519008                                        725500000.0000000000
     24      2                        519014                                        726000000.0000000000
     22      2                        519016                                        726500000.0000000000
     24      2                        519022                                        727000000.0000000000
     31      3                        519025                                        727500000.0000000000
     24      2                        519026                                        728000000.0000000000
     24      2                        519032                                        728500000.0000000000
     18      2                       2244406                                        729000000.0000000000
      6      0                       2244406                                       2785441227.3775310894
