     12      1                             0                                                0.0000000000
     12      1                        164332                                           500000.0000000000
      7      0                        164335                                          6000000.0000000000
     16      1                        164336                                          6500000.0000000000
      7      0                        164337                                          7000000.0000000000
      7      0                        164339                                          7500000.0000000000
      7      0                        164341                                          8000000.0000000000
     11      1                        188079                                          8500000.0000000000
      7      0                        188082                                          9500000.0000000000
      7      0                        188084                                         10000000.0000000000
     14      1                        188087                                         10500000.0000000000
      7      0                        188090                                         11000000.0000000000
      7      0                        188092                                         11500000.0000000000
      7      0                        188094                                         12000000.0000000000
      7      0                        188096                                         13500000.0000000000
      7      0                        188098                                         14000000.0000000000
      7      0                        188102                                         14500000.0000000000
      7      0                        188104                                         16000000.0000000000
      7      0                        188108                                         16500000.0000000000
      7      0                        188110                                         17000000.0000000000
      7      0                        188112                                         17500000.0000000000
      7      0                        188114                                         18000000.0000000000
      7      0                        188116                                         18500000.0000000000
      7      0                        188118                                         19500000.0000000000
      7      0                        188120                                         20000000.0000000000
      7      0                        188122                                         21000000.0000000000
      7      0                        188126                                         21500000.0000000000
      7      0                        188130                                         22500000.0000000000
      7      0                        188132                                         23500000.0000000000
      7      0                        188134                                         24500000.0000000000
      7      0                        188136                                         25000000.0000000000
     14      1                        188137                                         25500000.0000000000
      7      0                        188138                                         26000000.0000000000
      4      0                       1164848                                         27500000.0000000000
      7      0                       1164852                                         61500000.0000000000
      7      0                       1164854                                         62000000.0000000000
      7      0                       1164856                                         62500000.0000000000
      7      0                       1164860                                         63500000.0000000000
      7      0                       1164862                                         64000000.0000000000
      7      0                       1164864                                         65000000.0000000000
      7      0                       1164868                                         66500000.0000000000
      7      0                       1164870                                         67000000.0000000000
     14      1                       1164873                                         67500000.0000000000
      7      0                       1164874                                         68000000.0000000000
      7      0                       1164876                                         68500000.0000000000
      7      0                       1164878                                         69000000.0000000000
      7      0                       1164882                                         70500000.0000000000
      7      0                       1164888                                         72000000.0000000000
     11      1                       1289737                                         73500000.0000000000
      7      0                       1289740                                         78000000.0000000000
      7      0                       1289742                                         79500000.0000000000
      7      0                       1289748                                         80000000.0000000000
     16      1                       1289749                                         81500000.0000000000
      7      0                       1289754                                         82000000.0000000000
      7      0                       1289758                                         84000000.0000000000
      7      0                       1289760                                         84500000.0000000000
     16      1                       1289763                                         85000000.0000000000
      7      0                       1289764                                         85500000.0000000000
      7      0                       1289766                                         86500000.0000000000
      7      0                       1289770                                         87500000.0000000000
      7      0                       1289772                                         88500000.0000000000
      7      0                       1289774                                         89500000.0000000000
     16      1                       1289775                                         90000000.0000000000
      1      0                       2048265                                         90500000.0000000000
      6      0                       2048267                                        116500000.0000000000
      6      0                       2048269                                        119000000.0000000000
     23      2                       2048270                                        124500000.0000000000
      6      0                       2048271                                        125000000.0000000000
      8      0                       2048273                                        125500000.0000000000
      8      0                       2048275                                        126500000.0000000000
      5      0                       4290105                                        127500000.0000000000
     23      2                       4290106                                        205000000.0000000000
      8      0                       4290107                                        205500000.0000000000
      8      0                       4290109                                        206000000.0000000000
      6      0                       4290113                                        206500000.0000000000
      6      0                       4290115                                        208000000.0000000000
     23      2                       4290116                                        209500000.0000000000
      6      0                       4290117                                        210000000.0000000000
     23      2                       4290118                                        210500000.0000000000
      8      0                       4290121                                        211000000.0000000000
      6      0                       4290123                                        212000000.0000000000
     23      2                       4290124                                        214000000.0000000000
      6      0                       4290125                                        214500000.0000000000
      8      0                       4290127                                        215000000.0000000000
     23      2                       4290128                                        216500000.0000000000
      5      0                       4581970                                        217000000.0000000000
     23      2                       4581971                                        229000000.0000000000
      6      0                       4581972                                        230000000.0000000000
     23      2                       4581973                                        230500000.0000000000
      6      0                       4581974                                        231000000.0000000000
      8      0                       4581976                                        231500000.0000000000
      6      0                       4581978                                        232000000.0000000000
      8      0                       4581980                                        235500000.0000000000
     23      2                       4581981                                        236500000.0000000000
     23      2                       4581985                                        237000000.0000000000
     23      2                       4581987                                        237500000.0000000000
      8      0                       4581988                                        238000000.0000000000
      6      0                       4581990                                        239000000.0000000000
      4      0                       6079633                                        243000000.0000000000
      6      0                       6079635                                        294500000.0000000000
      8      0                       6079637                                        297500000.0000000000
     23      2                       6079638                                        299000000.0000000000
      6      0                       6079641                                        299500000.0000000000
     23      2                       6079644                                        300500000.0000000000
      8      0                       6079649                                        301000000.0000000000
     23      2                       6079652                                        303500000.0000000000
      4      0                       6149890                                        304000000.0000000000
      8      0                       6149892                                        307000000.0000000000
      8      0                       6149894                                        308000000.0000000000
      6      0                       6149896                                        308500000.0000000000
     23      2                       6149899                                        309000000.0000000000
      6      0                       6149902                                        309500000.0000000000
      8      0                       6149904                                        311000000.0000000000
     23      2                       6149905                                        311500000.0000000000
      2      0                      10388979                                        312000000.0000000000
      7      0                      10388981                                        455000000.0000000000
      7      0                      10388985                                        455500000.0000000000
      7      0                      10388987                                        456000000.0000000000
      7      0                      10388989                                        457500000.0000000000
     13      1                      10457491                                        458500000.0000000000
     30      3                      10457492                                        460500000.0000000000
     30      3                      10457502                                        461000000.0000000000
     30      3                      10457506                                        461500000.0000000000
     32      3                      10457512                                        462000000.0000000000
     32      3                      10457516                                        462500000.0000000000
     30      3                      10457520                                        463000000.0000000000
     30      3                      10457524                                        463500000.0000000000
     30      3                      10457534                                        464000000.0000000000
     32      3                      10457546                                        464500000.0000000000
     32      3                      10457550                                        465500000.0000000000
     15      1                      10457551                                        466000000.0000000000
     15      1                      10457561                                        466500000.0000000000
     30      3                      10457566                                        467000000.0000000000
     30      3                      10457570                                        467500000.0000000000
     32      3                      10457574                                        468000000.0000000000
     30      3                      10457582                                        468500000.0000000000
     30      3                      10457584                                        469000000.0000000000
     15      1                      10457593                                        469500000.0000000000
     30      3                      10457600                                        470000000.0000000000
     30      3                      10457604                                        470500000.0000000000
     32      3                      10457610                                        471000000.0000000000
     30      3                      10457616                                        471500000.0000000000
     30      3                      10457622                                        472000000.0000000000
     30      3                      10457628                                        472500000.0000000000
     32      3                      10457636                                        473000000.0000000000
     30      3                      10457646                                        473500000.0000000000
     30      3                      10457650                                        474000000.0000000000
     30      3                      10457654                                        474500000.0000000000
     32      3                      10457656                                        475000000.0000000000
     32      3                      10457664                                        475500000.0000000000
     30      3                      10457674                                        476000000.0000000000
     30      3                      10457684                                        476500000.0000000000
     32      3                      10457692                                        477000000.0000000000
     30      3                      10457698                                        477500000.0000000000
     30      3                      10457708                                        478000000.0000000000
     32      3                      10457712                                        478500000.0000000000
     30      3                      10457720                                        479000000.0000000000
     32      3                      10457728                                        479500000.0000000000
     32      3                      10457738                                        480000000.0000000000
     30      3                      10457742                                        481000000.0000000000
     30      3                      10457748                                        481500000.0000000000
     32      3                      10457750                                        482000000.0000000000
     32      3                      10457754                                        482500000.0000000000
     30      3                      10457760                                        483000000.0000000000
     30      3                      10457766                                        483500000.0000000000
     32      3                      10457772                                        484000000.0000000000
     32      3                      10457778                                        484500000.0000000000
     30      3                      10457782                                        485000000.0000000000
     32      3                      10457792                                        485500000.0000000000
     32      3                      10457796                                        486000000.0000000000
     32      3                      10457802                                        486500000.0000000000
     30      3                      10457806                                        487000000.0000000000
     30      3                      10457808                                        487500000.0000000000
     32      3                      10457820                                        488000000.0000000000
     32      3                      10457830                                        488500000.0000000000
     30      3                      10457834                                        489000000.0000000000
     32      3                      10457840                                        489500000.0000000000
     15      1                      10457847                                        490000000.0000000000
     32      3                      10457856                                        490500000.0000000000
     30      3                      10457866                                        491000000.0000000000
     32      3                      10457876                                        491500000.0000000000
     30      3                      10457886                                        492000000.0000000000
     30      3                      10457892                                        492500000.0000000000
     32      3                      10457896                                        493000000.0000000000
     30      3                      10457898                                        493500000.0000000000
     32      3                      10457900                                        494000000.0000000000
     32      3                      10457904                                        494500000.0000000000
     32      3                      10457912                                        495000000.0000000000
     32      3                      10457918                                        495500000.0000000000
     30      3                      10457920                                        496000000.0000000000
     32      3                      10457926                                        496500000.0000000000
     30      3                      10457932                                        497000000.0000000000
     32      3                      10457938                                        497500000.0000000000
      9      1                      11486101                                        498000000.0000000000
      7      0                      11486102                                        532500000.0000000000
     14      1                      11486105                                        533000000.0000000000
      7      0                      11486110                                        533500000.0000000000
      7      0                      11486112                                        534000000.0000000000
      7      0                      11486114                                        535000000.0000000000
      7      0                      11486116                                        535500000.0000000000
      7      0                      11486118                                        536000000.0000000000
      7      0                      11486122                                        537000000.0000000000
      4      0                      14675823                                        537500000.0000000000
      7      0                      14675825                                        645500000.0000000000
      7      0                      14675827                                        646000000.0000000000
      7      0                      14675829                                        646500000.0000000000
      7      0                      14675831                                        647000000.0000000000
      7      0                      14675833                                        648000000.0000000000
      7      0                      14675835                                        649000000.0000000000
      7      0                      14675837                                        649500000.0000000000
      7      0                      14675839                                        650000000.0000000000
      7      0                      14675841                                        651000000.0000000000
      7      0                      14675843                                        652000000.0000000000
      7      0                      14675845                                        653500000.0000000000
      7      0                      14675847                                        654000000.0000000000
      5      0                      15705450                                        655500000.0000000000
     24      2                      15705452                                        690500000.0000000000
     22      2                      15705456                                        691000000.0000000000
     24      2                      15705460                                        692000000.0000000000
     24      2                      15705464                                        692500000.0000000000
     31      3                      15705467                                        693000000.0000000000
     22      2                      15705474                                        693500000.0000000000
     24      2                      15705480                                        694000000.0000000000
     24      2                      15705484                                        694500000.0000000000
     31      3                      15705485                                        695000000.0000000000
     24      2                      15705486                                        695500000.0000000000
     31      3                      15705489                                        696000000.0000000000
     22      2                      15705492                                        696500000.0000000000
     24      2                      15705494                                        697000000.0000000000
     24      2                      15705498                                        697500000.0000000000
     22      2                      15705502                                        698000000.0000000000
     22      2                      15705508                                        698500000.0000000000
     24      2                      15705514                                        699500000.0000000000
     24      2                      15705520                                        700000000.0000000000
     31      3                      15705523                                        701000000.0000000000
     31      3                      15705525                                        701500000.0000000000
     22      2                      15705530                                        702000000.0000000000
     31      3                      15705531                                        702500000.0000000000
     22      2                      15705536                                        703000000.0000000000
     31      3                      15705537                                        703500000.0000000000
     24      2                      15705540                                        704000000.0000000000
     31      3                      15705545                                        704500000.0000000000
     31      3                      15705551                                        705000000.0000000000
     31      3                      15705557                                        705500000.0000000000
     24      2                      15705560                                        706000000.0000000000
     24      2                      15705564                                        706500000.0000000000
     24      2                      15705570                                        707000000.0000000000
     22      2                      15705572                                        707500000.0000000000
     24      2                      15705574                                        708000000.0000000000
     22      2                      15705576                                        708500000.0000000000
     21      2                      16054545                                        709000000.0000000000
      6      0                      16054545                                       1124597917.1214517953
