     26      3                             0                                                0.0000000000
     26      3                        231593                                           500000.0000000000
     22      2                        231594                                        218500000.0000000000
     22      2                        231598                                        219000000.0000000000
     31      3                        231599                                        219500000.0000000000
     22      2                        231604                                        220000000.0000000000
     22      2                        231608                                        221000000.0000000000
     22      2                        231610                                        221500000.0000000000
     24      2                        231614                                        222000000.0000000000
     22      2                        231616                                        222500000.0000000000
     31      3                        231617                                        223000000.0000000000
     22      2                        231620                                        223500000.0000000000
     22      2                        231622                                        224000000.0000000000
     24      2                        231624                                        224500000.0000000000
     24      2                        231628                                        225000000.0000000000
     24      2                        231632                                        225500000.0000000000
     24      2                        231634                                        226000000.0000000000
     24      2                        231636                                        227000000.0000000000
     22      2                        231638                                        227500000.0000000000
     22      2                        231640                                        228000000.0000000000
     24      2                        231644                                        229000000.0000000000
     24      2                        231654                                        229500000.0000000000
     31      3                        231657                                        230000000.0000000000
     24      2                        231660                                        230500000.0000000000
     24      2                        231664                                        231000000.0000000000
     22      2                        231666                                        231500000.0000000000
     24      2                        231668                                        232000000.0000000000
     22      2                        231670                                        233000000.0000000000
     22      2                        231672                                        233500000.0000000000
     24      2                        231678                                        234000000.0000000000
     22      2                        231682                                        234500000.0000000000
     22      2                        231684                                        235000000.0000000000
     24      2                        231686                                        235500000.0000000000
     24      2                        231688                                        236000000.0000000000
     22      2                        231690                                        236500000.0000000000
     22      2                        231692                                        237000000.0000000000
     24      2                        231696                                        237500000.0000000000
     24      2                        231698                                        238500000.0000000000
     20      2                        267253                                        239000000.0000000000
     31      3                        267254                                        282000000.0000000000
     31      3                        267256                                        282500000.0000000000
     22      2                        267257                                        283000000.0000000000
     31      3                        267260                                        284000000.0000000000
     22      2                        267261                                        284500000.0000000000
     31      3                        267264                                        285000000.0000000000
     24      2                        267267                                        285500000.0000000000
     22      2                        267271                                        286000000.0000000000
     31      3                        267274                                        286500000.0000000000
     22      2                        267277                                        287000000.0000000000
     22      2                        267279                                        287500000.0000000000
     22      2                        267281                                        288000000.0000000000
     22      2                        267285                                        288500000.0000000000
     22      2                        267287                                        289000000.0000000000
     22      2                        267289                                        289500000.0000000000
     31      3                        267290                                        290000000.0000000000
     24      2                        267291                                        290500000.0000000000
     31      3                        267294                                        291000000.0000000000
     24      2                        267295                                        291500000.0000000000
     31      3                        267298                                        292000000.0000000000
     31      3                        267302                                        292500000.0000000000
     24      2                        267307                                        293000000.0000000000
     22      2                        267311                                        293500000.0000000000
     31      3                        267316                                        294000000.0000000000
     24      2                        267321                                        294500000.0000000000
     24      2                        267327                                        295000000.0000000000
     24      2                        267329                                        295500000.0000000000
     31      3                        267332                                        296000000.0000000000
     24      2                        267339                                        296500000.0000000000
     22      2                        267343                                        297500000.0000000000
     22      2                        267347                                        298000000.0000000000
     22      2                        267349                                        298500000.0000000000
     22      2                        267351                                        299000000.0000000000
     22      2                        267353                                        299500000.0000000000
     31      3                        267356                                        300000000.0000000000
     22      2                        267357                                        300500000.0000000000
     31      3                        267362                                        301000000.0000000000
     24      2                        267367                                        301500000.0000000000
     22      2                        267371                                        302000000.0000000000
     24      2                        267377                                        302500000.0000000000
     31      3                        267380                                        303000000.0000000000
     24      2                        267383                                        303500000.0000000000
     24      2                        267387                                        304000000.0000000000
     22      2                        267389                                        304500000.0000000000
     22      2                        267395                                        305000000.0000000000
     22      2                        267399                                        305500000.0000000000
     24      2                        267405                                        306000000.0000000000
     22      2                        267407                                        306500000.0000000000
     31      3                        267408                                        307000000.0000000000
     24      2                        267411                                        308000000.0000000000
     24      2                        267419                                        308500000.0000000000
     24      2                        267423                                        309000000.0000000000
     31      3                        267424                                        309500000.0000000000
     22      2                        267429                                        310000000.0000000000
     31      3                        267430                                        310500000.0000000000
     22      2                        267431                                        311000000.0000000000
     24      2                        267435                                        312000000.0000000000
     22      2                        267439                                        312500000.0000000000
     22      2                        267441                                        313000000.0000000000
     22      2                        267443                                        313500000.0000000000
     22      2                        267445                                        314500000.0000000000
     22      2                        267447                                        315500000.0000000000
     31      3                        267450                                        318000000.0000000000
     24      2                        267455                                        318500000.0000000000
     24      2                        267459                                        319000000.0000000000
     22      2                        267463                                        320000000.0000000000
     31      3                        267466                                        320500000.0000000000
     31      3                        267472                                        321000000.0000000000
     24      2                        267475                                        321500000.0000000000
     31      3                        267476                                        322000000.0000000000
     24      2                        267483                                        322500000.0000000000
     31      3                        267486                                        323500000.0000000000
     24      2                        267493                                        324000000.0000000000
     24      2                        267497                                        324500000.0000000000
     24      2                        267499                                        325500000.0000000000
     24      2                        267501                                        326000000.0000000000
     22      2                        267505                                        326500000.0000000000
     22      2                        267511                                        327000000.0000000000
     24      2                        267513                                        329500000.0000000000
     22      2                        267515                                        330000000.0000000000
     22      2                        267517                                        330500000.0000000000
     31      3                        267522                                        331500000.0000000000
     24      2                        267525                                        332000000.0000000000
     24      2                        267529                                        332500000.0000000000
     24      2                        267531                                        333000000.0000000000
     31      3                        267536                                        333500000.0000000000
     22      2                        267541                                        334000000.0000000000
     22      2                        267545                                        335000000.0000000000
     22      2                        267547                                        335500000.0000000000
     31      3                        267550                                        336000000.0000000000
     31      3                        267552                                        336500000.0000000000
     31      3                        267554                                        337000000.0000000000
     22      2                        267557                                        337500000.0000000000
     24      2                        267563                                        338500000.0000000000
     22      2                        267567                                        339000000.0000000000
     22      2                        267573                                        339500000.0000000000
     24      2                        267577                                        340000000.0000000000
     22      2                        267579                                        341000000.0000000000
     22      2                        267581                                        342000000.0000000000
     24      2                        267585                                        342500000.0000000000
     24      2                        267591                                        343000000.0000000000
     24      2                        267599                                        343500000.0000000000
     22      2                        267601                                        344000000.0000000000
     22      2                        267603                                        344500000.0000000000
     22      2                        267609                                        345000000.0000000000
     22      2                        267611                                        346000000.0000000000
     24      2                        267615                                        346500000.0000000000
     24      2                        267617                                        347000000.0000000000
     22      2                        267621                                        347500000.0000000000
     24      2                        267623                                        348000000.0000000000
     31      3                        267626                                        348500000.0000000000
     22      2                        267627                                        349000000.0000000000
     24      2                        267633                                        349500000.0000000000
     24      2                        267637                                        350000000.0000000000
     22      2                        267639                                        350500000.0000000000
     24      2                        267641                                        351000000.0000000000
     31      3                        267644                                        352500000.0000000000
     24      2                        267649                                        353000000.0000000000
     24      2                        267653                                        353500000.0000000000
     24      2                        267655                                        354000000.0000000000
     31      3                        267658                                        354500000.0000000000
     22      2                        267661                                        355000000.0000000000
     22      2                        267663                                        355500000.0000000000
     22      2                        267665                                        356000000.0000000000
     31      3                        267666                                        356500000.0000000000
     31      3                        267668                                        357000000.0000000000
     22      2                        267671                                        357500000.0000000000
     22      2                        267673                                        358500000.0000000000
     24      2                        267679                                        359000000.0000000000
     31      3                        267682                                        360000000.0000000000
     22      2                        267689                                        360500000.0000000000
     24      2                        267693                                        361000000.0000000000
     22      2                        267695                                        361500000.0000000000
     22      2                        267697                                        362000000.0000000000
     22      2                        267699                                        362500000.0000000000
     22      2                        267705                                        363000000.0000000000
     24      2                        267709                                        363500000.0000000000
     24      2                        267711                                        364000000.0000000000
     22      2                        267715                                        364500000.0000000000
     22      2                        267721                                        365500000.0000000000
     24      2                        267723                                        366000000.0000000000
     22      2                        267727                                        366500000.0000000000
     22      2                        267733                                        367000000.0000000000
     24      2                        267735                                        368000000.0000000000
     31      3                        267736                                        368500000.0000000000
     22      2                        267739                                        369000000.0000000000
     24      2                        267741                                        369500000.0000000000
     24      2                        267745                                        370000000.0000000000
     22      2                        267749                                        370500000.0000000000
     31      3                        267754                                        371000000.0000000000
     21      2                        394914                                        371500000.0000000000
      8      0                        394915                                        523500000.0000000000
      8      0                        394917                                        524000000.0000000000
     23      2                        394918                                        524500000.0000000000
      8      0                        394919                                        525000000.0000000000
      6      0                        394921                                        525500000.0000000000
     23      2                        394924                                        526000000.0000000000
      6      0                        394927                                        526500000.0000000000
      8      0                        394931                                        527500000.0000000000
      8      0                        394933                                        530500000.0000000000
     23      2                        394934                                        532500000.0000000000
      8      0                        394935                                        533000000.0000000000
     23      2                        394936                                        533500000.0000000000
      6      0                        394937                                        534000000.0000000000
     23      2                        394940                                        534500000.0000000000
      6      0                        394941                                        535000000.0000000000
      8      0                        394943                                        535500000.0000000000
      6      0                        394945                                        536000000.0000000000
      6      0                        394947                                        537500000.0000000000
      8      0                        394949                                        540000000.0000000000
      2      0                       1665169                                        544500000.0000000000
      6      0                       1665171                                        590500000.0000000000
     23      2                       1665174                                        591000000.0000000000
      6      0                       1665177                                        591500000.0000000000
      8      0                       1665179                                        592000000.0000000000
      8      0                       1665181                                        594000000.0000000000
      6      0                       1665183                                        598500000.0000000000
      8      0                       1665185                                        599000000.0000000000
      6      0                       1665187                                        600000000.0000000000
      8      0                       1665189                                        600500000.0000000000
      6      0                       1665191                                        601000000.0000000000
     23      2                       1665192                                        601500000.0000000000
      8      0                       1665193                                        602000000.0000000000
      6      0                       1665195                                        605500000.0000000000
      6      0                       1665197                                        607000000.0000000000
      1      0                       2977521                                        607500000.0000000000
     14      1                       2977522                                        652000000.0000000000
      7      0                       2977523                                        652500000.0000000000
      7      0                       2977527                                        654000000.0000000000
      7      0                       2977529                                        655000000.0000000000
      7      0                       2977531                                        655500000.0000000000
      7      0                       2977533                                        656000000.0000000000
      7      0                       2977535                                        656500000.0000000000
      7      0                       2977537                                        657000000.0000000000
      7      0                       2977539                                        658000000.0000000000
      7      0                       2977545                                        659500000.0000000000
      7      0                       2977547                                        660000000.0000000000
      7      0                       2977549                                        660500000.0000000000
      7      0                       2977553                                        661000000.0000000000
      7      0                       2977555                                        661500000.0000000000
      7      0                       2977557                                        662500000.0000000000
      7      0                       2977559                                        663000000.0000000000
      7      0                       2977561                                        663500000.0000000000
      7      0                       2977563                                        664000000.0000000000
      7      0                       2977565                                        664500000.0000000000
      7      0                       2977567                                        665000000.0000000000
      7      0                       2977569                                        665500000.0000000000
      7      0                       2977571                                        666500000.0000000000
      7      0                       2977573                                        667000000.0000000000
      7      0                       2977575                                        668000000.0000000000
      7      0                       2977577                                        669000000.0000000000
      7      0                       2977581                                        669500000.0000000000
      7      0                       2977583                                        670000000.0000000000
      7      0                       2977589                                        670500000.0000000000
      7      0                       2977593                                        671500000.0000000000
      7      0                       2977595                                        672000000.0000000000
     14      1                       2977596                                        674000000.0000000000
      7      0                       2977599                                        674500000.0000000000
      7      0                       2977601                                        675500000.0000000000
     14      1                       2977602                                        676000000.0000000000
      7      0                       2977607                                        676500000.0000000000
      7      0                       2977609                                        677500000.0000000000
      7      0                       2977611                                        678000000.0000000000
      7      0                       2977613                                        678500000.0000000000
      7      0                       2977615                                        679500000.0000000000
      7      0                       2977617                                        680000000.0000000000
      7      0                       2977619                                        681000000.0000000000
      7      0                       2977621                                        681500000.0000000000
      7      0                       2977623                                        682500000.0000000000
      7      0                       2977625                                        683500000.0000000000
      7      0                       2977627                                        684000000.0000000000
      7      0                       2977629                                        684500000.0000000000
      7      0                       2977631                                        685000000.0000000000
      7      0                       2977633                                        686000000.0000000000
      7      0                       2977637                                        686500000.0000000000
      7      0                       2977639                                        687000000.0000000000
      7      0                       2977643                                        687500000.0000000000
      7      0                       2977647                                        688500000.0000000000
     14      1                       2977648                                        689000000.0000000000
      3      0                      10946002                                        689500000.0000000000
      7      0                      10946004                                        959000000.0000000000
      7      0                      10946006                                        959500000.0000000000
      7      0                      10946012                                        960000000.0000000000
      7      0                      10946014                                        960500000.0000000000
      7      0                      10946016                                        962000000.0000000000
      7      0                      10946018                                        962500000.0000000000
      7      0                      10946022                                        963000000.0000000000
     13      1                      11027661                                        963500000.0000000000
      7      0                      11027662                                        966500000.0000000000
      7      0                      11027666                                        967000000.0000000000
      7      0                      11027668                                        967500000.0000000000
      7      0                      11027670                                        968000000.0000000000
      7      0                      11027676                                        968500000.0000000000
     16      1                      11027677                                        970500000.0000000000
      7      0                      11027678                                        971000000.0000000000
     14      1                      11027683                                        971500000.0000000000
      7      0                      11027684                                        972000000.0000000000
      7      0                      11027688                                        972500000.0000000000
      7      0                      11027690                                        973000000.0000000000
      7      0                      11027692                                        973500000.0000000000
      7      0                      11027696                                        974500000.0000000000
      7      0                      11027698                                        975000000.0000000000
     14      1                      11027699                                        975500000.0000000000
      7      0                      11027700                                        976000000.0000000000
      7      0                      11027702                                        976500000.0000000000
      7      0                      11027706                                        977000000.0000000000
      7      0                      11027708                                        977500000.0000000000
      7      0                      11027710                                        978000000.0000000000
     14      1                      11027713                                        978500000.0000000000
      7      0                      11027718                                        979000000.0000000000
      7      0                      11027720                                        979500000.0000000000
      7      0                      11027724                                        980000000.0000000000
     16      1                      11027727                                        980500000.0000000000
      7      0                      11027728                                        981000000.0000000000
      3      0                      12173855                                        981500000.0000000000
     23      2                      12173855                                       1021831307.0503732224
