     25      3                             0                                                0.0000000000
     25      3                          3037                                           500000.0000000000
     30      3                          3045                                          3000000.0000000000
     15      1                          3052                                          3500000.0000000000
     15      1                          3060                                          4000000.0000000000
     15      1                          3068                                          4500000.0000000000
     30      3                          3075                                          5000000.0000000000
     30      3                          3077                                          5500000.0000000000
     32      3                          3079                                          6000000.0000000000
     30      3                          3089                                          6500000.0000000000
     30      3                          3103                                          7000000.0000000000
     32      3                          3109                                          7500000.0000000000
     32      3                          3119                                          8000000.0000000000
     32      3                          3129                                          8500000.0000000000
     30      3                          3133                                          9000000.0000000000
     30      3                          3141                                          9500000.0000000000
     32      3                          3149                                         10000000.0000000000
     30      3                          3153                                         10500000.0000000000
     32      3                          3159                                         11000000.0000000000
     32      3                          3165                                         11500000.0000000000
     30      3                          3171                                         12000000.0000000000
     32      3                          3185                                         12500000.0000000000
     30      3                          3191                                         13000000.0000000000
     30      3                          3197                                         13500000.0000000000
     32      3                          3203                                         14000000.0000000000
     15      1                          3208                                         14500000.0000000000
     30      3                          3211                                         15000000.0000000000
     30      3                          3215                                         15500000.0000000000
     32      3                          3217                                         16000000.0000000000
     30      3                          3229                                         16500000.0000000000
     30      3                          3243                                         17000000.0000000000
     32      3                          3253                                         17500000.0000000000
     15      1                          3260                                         18000000.0000000000
     30      3                          3273                                         18500000.0000000000
     32      3                          3283                                         19000000.0000000000
     30      3                          3291                                         19500000.0000000000
     30      3                          3297                                         20000000.0000000000
     32      3                          3303                                         20500000.0000000000
     30      3                          3309                                         21000000.0000000000
     30      3                          3311                                         21500000.0000000000
     30      3                          3315                                         22000000.0000000000
     15      1                          3322                                         22500000.0000000000
     32      3                          3335                                         23000000.0000000000
     32      3                          3339                                         23500000.0000000000
     15      1                          3350                                         24000000.0000000000
     15      1                          3358                                         24500000.0000000000
     32      3                          3361                                         25000000.0000000000
     30      3                          3367                                         25500000.0000000000
     32      3                          3369                                         26000000.0000000000
     30      3                          3373                                         26500000.0000000000
     30      3                          3383                                         27000000.0000000000
     32      3                          3391                                         27500000.0000000000
     30      3                          3397                                         28000000.0000000000
     30      3                          3403                                         28500000.0000000000
     32      3                          3417                                         29000000.0000000000
     32      3                          3429                                         29500000.0000000000
     30      3                          3433                                         30000000.0000000000
     32      3                          3439                                         30500000.0000000000
     30      3                          3447                                         31000000.0000000000
     30      3                          3453                                         31500000.0000000000
     32      3                          3461                                         32000000.0000000000
     32      3                          3467                                         32500000.0000000000
     30      3                          3471                                         33000000.0000000000
     32      3                          3473                                         34000000.0000000000
     32      3                          3477                                         34500000.0000000000
     15      1                          3482                                         35000000.0000000000
     30      3                          3483                                         35500000.0000000000
     32      3                          3489                                         36500000.0000000000
     32      3                          3497                                         37000000.0000000000
     32      3                          3503                                         37500000.0000000000
     15      1                          3506                                         38000000.0000000000
     30      3                          3511                                         38500000.0000000000
     30      3                          3519                                         39000000.0000000000
     15      1                          3526                                         39500000.0000000000
     30      3                          3535                                         40000000.0000000000
     30      3                          3539                                         40500000.0000000000
     32      3                          3545                                         41000000.0000000000
     30      3                          3549                                         41500000.0000000000
     30      3                          3551                                         42000000.0000000000
     32      3                          3559                                         42500000.0000000000
     15      1                          3566                                         43000000.0000000000
     30      3                          3577                                         43500000.0000000000
     32      3                          3587                                         44000000.0000000000
     30      3                          3591                                         44500000.0000000000
     32      3                          3603                                         45000000.0000000000
     30      3                          3607                                         45500000.0000000000
     10      1                        305583                                         46000000.0000000000
      7      0                        305590                                         56500000.0000000000
      7      0                        305594                                         57000000.0000000000
      7      0                        305596                                         57500000.0000000000
      7      0                        305600                                         58000000.0000000000
     14      1                        305605                                         59000000.0000000000
      7      0                        305608                                         59500000.0000000000
      7      0                        305610                                         60500000.0000000000
      7      0                        305614                                         61000000.0000000000
      7      0                        305616                                         62000000.0000000000
      7      0                        305618                                         62500000.0000000000
      7      0                        305622                                         64500000.0000000000
      7      0                        305626                                         65000000.0000000000
      7      0                        305628                                         66500000.0000000000
      7      0                        305630                                         67000000.0000000000
      7      0                        305634                                         67500000.0000000000
     14      1                        305637                                         68000000.0000000000
      7      0                        305640                                         68500000.0000000000
      4      0                        817094                                         69000000.0000000000
      7      0                        817096                                         86500000.0000000000
      4      0                       1874809                                         87500000.0000000000
      7      0                       1874813                                        125500000.0000000000
      7      0                       1874815                                        127000000.0000000000
      7      0                       1874819                                        127500000.0000000000
      7      0                       1874821                                        128000000.0000000000
      7      0                       1874825                                        131000000.0000000000
      7      0                       1874827                                        132000000.0000000000
      7      0                       1874831                                        132500000.0000000000
      7      0                       1874833                                        133500000.0000000000
      7      0                       1874835                                        134500000.0000000000
      7      0                       1874837                                        135000000.0000000000
      7      0                       1874839                                        135500000.0000000000
      7      0                       1874841                                        136000000.0000000000
      7      0                       1874845                                        136500000.0000000000
      7      0                       1874847                                        137000000.0000000000
      7      0                       1874851                                        138000000.0000000000
      7      0                       1874853                                        139000000.0000000000
      7      0                       1874855                                        139500000.0000000000
     16      1                       1874860                                        141500000.0000000000
      7      0                       1874865                                        142000000.0000000000
      7      0                       1874871                                        142500000.0000000000
      7      0                       1874873                                        144000000.0000000000
      7      0                       1874875                                        145000000.0000000000
      7      0                       1874877                                        145500000.0000000000
      7      0                       1874879                                        146000000.0000000000
      7      0                       1874881                                        146500000.0000000000
      7      0                       1874883                                        147000000.0000000000
      7      0                       1874885                                        147500000.0000000000
      7      0                       1874889                                        148000000.0000000000
     14      1                       1874890                                        148500000.0000000000
      7      0                       1874891                                        149000000.0000000000
      7      0                       1874893                                        150000000.0000000000
      7      0                       1874897                                        150500000.0000000000
      7      0                       1874899                                        151000000.0000000000
      7      0                       1874901                                        151500000.0000000000
     16      1                       1874902                                        152000000.0000000000
      7      0                       1874903                                        152500000.0000000000
      4      0                       2842031                                        153000000.0000000000
     11      1                       3494968                                        186500000.0000000000
      7      0                       3494969                                        208500000.0000000000
      7      0                       3494973                                        209000000.0000000000
      7      0                       3494977                                        209500000.0000000000
      7      0                       3494979                                        210000000.0000000000
     16      1                       3494982                                        210500000.0000000000
      7      0                       3494985                                        211000000.0000000000
      7      0                       3494987                                        211500000.0000000000
     12      1                       3593173                                        212000000.0000000000
     32      3                       3593176                                        215500000.0000000000
     30      3                       3593178                                        216000000.0000000000
     32      3                       3593184                                        216500000.0000000000
     15      1                       3593193                                        217000000.0000000000
     30      3                       3593204                                        217500000.0000000000
     32      3                       3593206                                        218000000.0000000000
     32      3                       3593214                                        218500000.0000000000
     15      1                       3593219                                        219000000.0000000000
     30      3                       3593226                                        219500000.0000000000
     30      3                       3593232                                        220000000.0000000000
     32      3                       3593238                                        220500000.0000000000
     15      1                       3593239                                        221500000.0000000000
     30      3                       3593248                                        222000000.0000000000
     32      3                       3593258                                        222500000.0000000000
     30      3                       3593264                                        223000000.0000000000
     32      3                       3593270                                        223500000.0000000000
     32      3                       3593274                                        224000000.0000000000
     30      3                       3593282                                        224500000.0000000000
     15      1                       3593287                                        225000000.0000000000
     32      3                       3593296                                        225500000.0000000000
     30      3                       3593302                                        226000000.0000000000
     30      3                       3593306                                        226500000.0000000000
     30      3                       3593310                                        227000000.0000000000
     15      1                       3593317                                        227500000.0000000000
     15      1                       3593327                                        228000000.0000000000
     32      3                       3593330                                        228500000.0000000000
     15      1                       3593341                                        229000000.0000000000
     32      3                       3593348                                        229500000.0000000000
     32      3                       3593354                                        230000000.0000000000
     30      3                       3593362                                        230500000.0000000000
     30      3                       3593368                                        231000000.0000000000
     30      3                       3593372                                        231500000.0000000000
     15      1                       3593377                                        232000000.0000000000
     32      3                       3593384                                        232500000.0000000000
     32      3                       3593388                                        233000000.0000000000
     32      3                       3593392                                        233500000.0000000000
     15      1                       3593399                                        234000000.0000000000
     30      3                       3593410                                        234500000.0000000000
     32      3                       3593416                                        235000000.0000000000
     32      3                       3593422                                        235500000.0000000000
     30      3                       3593424                                        236000000.0000000000
     32      3                       3593430                                        236500000.0000000000
     32      3                       3593434                                        237000000.0000000000
     32      3                       3593438                                        237500000.0000000000
     32      3                       3593446                                        238000000.0000000000
     32      3                       3593450                                        238500000.0000000000
     32      3                       3593456                                        239000000.0000000000
     30      3                       3593464                                        239500000.0000000000
     32      3                       3593476                                        240000000.0000000000
     32      3                       3593478                                        240500000.0000000000
     30      3                       3593482                                        241000000.0000000000
     15      1                       3593489                                        241500000.0000000000
     30      3                       3593494                                        242000000.0000000000
     32      3                       3593496                                        242500000.0000000000
     32      3                       3593506                                        243000000.0000000000
     30      3                       3593514                                        243500000.0000000000
     15      1                       3593521                                        244000000.0000000000
     30      3                       3593528                                        244500000.0000000000
     32      3                       3593532                                        245000000.0000000000
     32      3                       3593536                                        245500000.0000000000
     30      3                       3593538                                        246000000.0000000000
     30      3                       3593546                                        246500000.0000000000
     15      1                       3593553                                        247000000.0000000000
     32      3                       3593560                                        247500000.0000000000
     30      3                       3593572                                        248000000.0000000000
     30      3                       3593574                                        248500000.0000000000
     30      3                       3593580                                        249000000.0000000000
     30      3                       3593584                                        249500000.0000000000
     32      3                       3593590                                        250000000.0000000000
     30      3                       3593594                                        250500000.0000000000
     30      3                       3593600                                        251000000.0000000000
     32      3                       3593606                                        251500000.0000000000
     30      3                       3593618                                        252000000.0000000000
     32      3                       3593626                                        252500000.0000000000
     32      3                       3593634                                        253000000.0000000000
     15      1                       3593641                                        253500000.0000000000
     32      3                       3593652                                        254000000.0000000000
     30      3                       3593658                                        254500000.0000000000
     32      3                       3593666                                        255000000.0000000000
     15      1                       3593677                                        255500000.0000000000
     30      3                       3593686                                        256000000.0000000000
     30      3                       3593688                                        256500000.0000000000
     32      3                       3593694                                        257500000.0000000000
     32      3                       3593702                                        258000000.0000000000
     30      3                       3593710                                        258500000.0000000000
     32      3                       3593712                                        259000000.0000000000
     32      3                       3593724                                        259500000.0000000000
     32      3                       3593728                                        260000000.0000000000
     32      3                       3593734                                        260500000.0000000000
     30      3                       3593736                                        261000000.0000000000
     32      3                       3593742                                        261500000.0000000000
     30      3                       3593746                                        262000000.0000000000
     32      3                       3593752                                        262500000.0000000000
     30      3                       3593760                                        263000000.0000000000
     30      3                       3593766                                        263500000.0000000000
     30      3                       3593772                                        264000000.0000000000
     15      1                       3593777                                        265000000.0000000000
     30      3                       3593790                                        265500000.0000000000
     30      3                       3593798                                        266000000.0000000000
     32      3                       3593808                                        266500000.0000000000
     30      3                       3593812                                        267000000.0000000000
     28      3                       3823183                                        267500000.0000000000
     30      3                       3823187                                        484000000.0000000000
     30      3                       3823193                                        484500000.0000000000
     30      3                       3823195                                        485000000.0000000000
     30      3                       3823207                                        485500000.0000000000
     32      3                       3823215                                        486000000.0000000000
     30      3                       3823219                                        486500000.0000000000
     30      3                       3823227                                        487000000.0000000000
     15      1                       3823236                                        487500000.0000000000
     30      3                       3823243                                        488000000.0000000000
     30      3                       3823249                                        488500000.0000000000
     30      3                       3823261                                        489000000.0000000000
     32      3                       3823271                                        489500000.0000000000
     30      3                       3823273                                        490000000.0000000000
     30      3                       3823277                                        490500000.0000000000
     15      1                       3823286                                        491000000.0000000000
     32      3                       3823295                                        491500000.0000000000
     30      3                       3823307                                        492000000.0000000000
     15      1                       3823310                                        492500000.0000000000
     32      3                       3823311                                        493000000.0000000000
     30      3                       3823319                                        493500000.0000000000
     30      3                       3823329                                        494000000.0000000000
     15      1                       3823338                                        494500000.0000000000
     32      3                       3823345                                        495000000.0000000000
     30      3                       3823355                                        495500000.0000000000
     15      1                       3823360                                        496000000.0000000000
     30      3                       3823365                                        496500000.0000000000
     32      3                       3823375                                        497000000.0000000000
     32      3                       3823379                                        497500000.0000000000
     30      3                       3823381                                        498000000.0000000000
     32      3                       3823387                                        498500000.0000000000
     30      3                       3823397                                        499000000.0000000000
     30      3                       3823401                                        499500000.0000000000
     30      3                       3823405                                        500000000.0000000000
     32      3                       3823411                                        500500000.0000000000
     30      3                       3823417                                        501000000.0000000000
     15      1                       3823424                                        501500000.0000000000
     13      1                       4317510                                        502000000.0000000000
     30      3                       4317519                                        519000000.0000000000
     15      1                       4317522                                        519500000.0000000000
     15      1                       4317534                                        520000000.0000000000
     30      3                       4317535                                        520500000.0000000000
     32      3                       4317539                                        521000000.0000000000
     30      3                       4317547                                        521500000.0000000000
     30      3                       4317551                                        522000000.0000000000
     30      3                       4317559                                        522500000.0000000000
     30      3                       4317565                                        523000000.0000000000
     30      3                       4317573                                        523500000.0000000000
     30      3                       4317575                                        524000000.0000000000
     32      3                       4317579                                        524500000.0000000000
     30      3                       4317587                                        525000000.0000000000
     32      3                       4317593                                        525500000.0000000000
     15      1                       4317602                                        526000000.0000000000
     32      3                       4317611                                        526500000.0000000000
     32      3                       4317615                                        527000000.0000000000
     32      3                       4317625                                        527500000.0000000000
     30      3                       4317629                                        528000000.0000000000
     15      1                       4317640                                        528500000.0000000000
     32      3                       4317649                                        529000000.0000000000
     32      3                       4317657                                        529500000.0000000000
     12      1                       4323267                                        530000000.0000000000
      7      0                       4323268                                        530500000.0000000000
      7      0                       4323270                                        531000000.0000000000
      7      0                       4323272                                        531500000.0000000000
      7      0                       4323276                                        532000000.0000000000
      7      0                       4323278                                        532500000.0000000000
      7      0                       4323280                                        533000000.0000000000
      7      0                       4323286                                        533500000.0000000000
      7      0                       4323290                                        534000000.0000000000
      7      0                       4323292                                        534500000.0000000000
      7      0                       4323294                                        535000000.0000000000
      7      0                       4323298                                        535500000.0000000000
      7      0                       4323300                                        536500000.0000000000
      7      0                       4323304                                        537000000.0000000000
      7      0                       4323306                                        537500000.0000000000
      1      0                       5229463                                        538500000.0000000000
      6      0                       5229465                                        571500000.0000000000
     23      2                       5229466                                        572000000.0000000000
      6      0                       5229467                                        572500000.0000000000
      8      0                       5229469                                        573000000.0000000000
      8      0                       5229473                                        573500000.0000000000
      8      0                       5229475                                        574000000.0000000000
      8      0                       5229479                                        575000000.0000000000
      8      0                       5229481                                        578000000.0000000000
     23      2                       5229482                                        579500000.0000000000
      8      0                       5229485                                        580000000.0000000000
      6      0                       5229487                                        583000000.0000000000
      6      0                       5229491                                        585000000.0000000000
      4      0                       8461461                                        590000000.0000000000
     23      2                       8461462                                        699500000.0000000000
      8      0                       8461463                                        700000000.0000000000
     23      2                       8461466                                        704500000.0000000000
      6      0                       8461467                                        705000000.0000000000
     23      2                       8461468                                        707500000.0000000000
      6      0                       8461471                                        708000000.0000000000
      8      0                       8461473                                        709000000.0000000000
      6      0                       8461475                                        709500000.0000000000
      6      0                       8461477                                        710500000.0000000000
      8      0                       8461479                                        711000000.0000000000
      6      0                       8461481                                        711500000.0000000000
     23      2                       8461482                                        712000000.0000000000
      6      0                       8461483                                        712500000.0000000000
      8      0                       8461485                                        713000000.0000000000
     23      2                       8461486                                        714000000.0000000000
      6      0                       8461487                                        714500000.0000000000
      6      0                       8461489                                        715000000.0000000000
      6      0                       8461491                                        716000000.0000000000
      6      0                       8461493                                        717500000.0000000000
     23      2                       8461494                                        718000000.0000000000
      6      0                       8461495                                        718500000.0000000000
      8      0                       8461497                                        719000000.0000000000
      6      0                       8461499                                        722000000.0000000000
     23      2                       8461500                                        723500000.0000000000
      6      0                       8461503                                        724000000.0000000000
      8      0                       8461505                                        724500000.0000000000
      8      0                       8461509                                        726000000.0000000000
      8      0                       8461511                                        728500000.0000000000
      6      0                       8461513                                        729500000.0000000000
      8      0                       8461515                                        730500000.0000000000
      6      0                       8461519                                        731000000.0000000000
     23      2                       8461520                                        731500000.0000000000
      6      0                       8461523                                        732000000.0000000000
      8      0                       8461525                                        733000000.0000000000
      8      0                       8461527                                        733500000.0000000000
     23      2                       8461528                                        734500000.0000000000
      8      0                       8461529                                        735000000.0000000000
      6      0                       8461531                                        737000000.0000000000
     23      2                       8461532                                        738000000.0000000000
      6      0                       8461533                                        738500000.0000000000
      8      0                       8461535                                        739000000.0000000000
      8      0                       8461537                                        740000000.0000000000
      6      0                       8461539                                        741500000.0000000000
      8      0                       8461541                                        742000000.0000000000
      8      0                       8461545                                        744000000.0000000000
     23      2                       8461546                                        744500000.0000000000
      8      0                       8461549                                        745000000.0000000000
      6      0                       8461551                                        745500000.0000000000
      8      0                       8461553                                        746000000.0000000000
     23      2                       8461556                                        746500000.0000000000
      8      0                       8461557                                        747500000.0000000000
     23      2                       8461558                                        751500000.0000000000
      3      0                      12155186                                        752000000.0000000000
      8      0                      12155188                                        878500000.0000000000
      8      0                      12155190                                        879000000.0000000000
      8      0                      12155192                                        879500000.0000000000
      6      0                      12155194                                        881000000.0000000000
     23      2                      12155197                                        882000000.0000000000
      6      0                      12155198                                        882500000.0000000000
      8      0                      12155200                                        883000000.0000000000
      4      0                      15312302                                        883500000.0000000000
      8      0                      15312304                                        995000000.0000000000
      8      0                      15312306                                        995500000.0000000000
      6      0                      15312308                                        996000000.0000000000
      8      0                      15312310                                        997000000.0000000000
      8      0                      15312312                                        999000000.0000000000
      6      0                      15312314                                       1000000000.0000000000
     23      2                      15312314                                       1000024180.5815081605
