     10      1                             0                                                0.0000000000
     10      1                        420910                                           500000.0000000000
     32      3                        420915                                         14500000.0000000000
     15      1                        420918                                         15000000.0000000000
     32      3                        420927                                         15500000.0000000000
     30      3                        420935                                         16000000.0000000000
     30      3                        420947                                         16500000.0000000000
     30      3                        420951                                         17000000.0000000000
     30      3                        420955                                         17500000.0000000000
     30      3                        420959                                         18000000.0000000000
     32      3                        420963                                         18500000.0000000000
     32      3                        420965                                         19000000.0000000000
     15      1                        420974                                         19500000.0000000000
     30      3                        420977                                         20000000.0000000000
     32      3                        420987                                         20500000.0000000000
     15      1                        421000                                         21000000.0000000000
     30      3                        421009                                         21500000.0000000000
     30      3                        421023                                         22000000.0000000000
     30      3                        421027                                         22500000.0000000000
     30      3                        421029                                         23000000.0000000000
     30      3                        421039                                         23500000.0000000000
     32      3                        421047                                         24000000.0000000000
     30      3                        421051                                         24500000.0000000000
     30      3                        421063                                         25000000.0000000000
     30      3                        421071                                         25500000.0000000000
     30      3                        421075                                         26000000.0000000000
     32      3                        421085                                         26500000.0000000000
     15      1                        421098                                         27000000.0000000000
     32      3                        421109                                         27500000.0000000000
     15      1                        421114                                         28000000.0000000000
     30      3                        421117                                         28500000.0000000000
     15      1                        421124                                         29000000.0000000000
     32      3                        421131                                         29500000.0000000000
     32      3                        421139                                         30000000.0000000000
     30      3                        421147                                         30500000.0000000000
     15      1                        421152                                         31000000.0000000000
     15      1                        421158                                         31500000.0000000000
     30      3                        421163                                         32000000.0000000000
     30      3                        421167                                         32500000.0000000000
     30      3                        421173                                         33000000.0000000000
     32      3                        421177                                         33500000.0000000000
     32      3                        421189                                         34000000.0000000000
     12      1                        513313                                         34500000.0000000000
      7      0                        513314                                         37500000.0000000000
      7      0                        513316                                         39500000.0000000000
      7      0                        513318                                         40000000.0000000000
      7      0                        513320                                         41500000.0000000000
     11      1                        548314                                         42500000.0000000000
     30      3                        548315                                         44000000.0000000000
     30      3                        548319                                         44500000.0000000000
     30      3                        548335                                         45000000.0000000000
     30      3                        548341                                         45500000.0000000000
     30      3                        548345                                         46000000.0000000000
     32      3                        548353                                         46500000.0000000000
     30      3                        548365                                         47000000.0000000000
     30      3                        548371                                         47500000.0000000000
     15      1                        548380                                         48000000.0000000000
     30      3                        548387                                         48500000.0000000000
     30      3                        548395                                         49000000.0000000000
     32      3                        548399                                         49500000.0000000000
     30      3                        548407                                         50000000.0000000000
     32      3                        548409                                         50500000.0000000000
     32      3                        548419                                         51000000.0000000000
      9      1                        582862                                         51500000.0000000000
     16      1                        582868                                         53000000.0000000000
      7      0                        582871                                         53500000.0000000000
      7      0                        582873                                         54000000.0000000000
      7      0                        582875                                         55500000.0000000000
      7      0                        582877                                         57500000.0000000000
      1      0                        697384                                         58000000.0000000000
      8      0                        697388                                         63500000.0000000000
      8      0                        697390                                         64000000.0000000000
     23      2                        697391                                         65000000.0000000000
      8      0                        697392                                         65500000.0000000000
      1      0                       3789764                                         68500000.0000000000
      8      0                       3789768                                        175000000.0000000000
      6      0                       3789770                                        176000000.0000000000
      8      0                       3789772                                        176500000.0000000000
     23      2                       3789773                                        178500000.0000000000
      8      0                       3789774                                        179000000.0000000000
      6      0                       3789776                                        182500000.0000000000
      5      0                       4517863                                        183000000.0000000000
      6      0                       4517865                                        209500000.0000000000
      6      0                       4517867                                        210000000.0000000000
      8      0                       4517869                                        213000000.0000000000
      8      0                       4517871                                        213500000.0000000000
      8      0                       4517873                                        214500000.0000000000
     23      2                       4517876                                        217500000.0000000000
      6      0                       4517877                                        218000000.0000000000
     23      2                       4517878                                        219500000.0000000000
      6      0                       4517879                                        220000000.0000000000
      8      0                       4517881                                        221500000.0000000000
     23      2                       4517882                                        222500000.0000000000
     23      2                       4517884                                        223000000.0000000000
      6      0                       4517885                                        223500000.0000000000
      6      0                       4517887                                        227000000.0000000000
     23      2                       4517888                                        228500000.0000000000
      6      0                       4517889                                        229000000.0000000000
     23      2                       4517890                                        229500000.0000000000
      8      0                       4517891                                        230000000.0000000000
      6      0                       4517893                                        230500000.0000000000
     23      2                       4517894                                        232000000.0000000000
      3      0                       6007359                                        232500000.0000000000
      7      0                       6007361                                        283500000.0000000000
      1      0                       7155819                                        284500000.0000000000
      6      0                       7155821                                        324000000.0000000000
      8      0                       7155823                                        325500000.0000000000
      8      0                       7155825                                        326000000.0000000000
      6      0                       7155827                                        327000000.0000000000
      6      0                       7155829                                        329000000.0000000000
      6      0                       7155831                                        329500000.0000000000
      8      0                       7155833                                        330500000.0000000000
      8      0                       7155835                                        332500000.0000000000
     23      2                       7155836                                        334000000.0000000000
      5      0                       8372766                                        334500000.0000000000
      7      0                       8372768                                        376500000.0000000000
      7      0                       8372770                                        377000000.0000000000
     16      1                       8372771                                        377500000.0000000000
      7      0                       8372772                                        378000000.0000000000
     16      1                       8372775                                        378500000.0000000000
      1      0                       9290647                                        379000000.0000000000
     23      2                       9290650                                        411500000.0000000000
      8      0                       9290651                                        412000000.0000000000
     23      2                       9290652                                        413500000.0000000000
      6      0                       9290655                                        414000000.0000000000
     23      2                       9290656                                        415500000.0000000000
      8      0                       9290659                                        416000000.0000000000
      8      0                       9290661                                        416500000.0000000000
     23      2                       9290664                                        417000000.0000000000
      8      0                       9290665                                        417500000.0000000000
      6      0                       9290667                                        418000000.0000000000
      6      0                       9290669                                        419000000.0000000000
      6      0                       9290671                                        420000000.0000000000
      6      0                       9290673                                        420500000.0000000000
      6      0                       9290675                                        422000000.0000000000
     23      2                       9290676                                        424500000.0000000000
      8      0                       9290677                                        425000000.0000000000
      6      0                       9290679                                        426000000.0000000000
      8      0                       9290681                                        426500000.0000000000
      8      0                       9290683                                        428000000.0000000000
     23      2                       9290684                                        429500000.0000000000
     23      2                       9290686                                        430000000.0000000000
      6      0                       9290687                                        430500000.0000000000
      6      0                       9290689                                        432000000.0000000000
      8      0                       9290691                                        433000000.0000000000
      8      0                       9290693                                        434500000.0000000000
      8      0                       9290695                                        435000000.0000000000
     23      2                       9290696                                        436000000.0000000000
      8      0                       9290701                                        436500000.0000000000
      8      0                       9290703                                        438500000.0000000000
      8      0                       9290707                                        440500000.0000000000
      6      0                       9290709                                        442000000.0000000000
      6      0                       9290711                                        443500000.0000000000
      8      0                       9290713                                        446000000.0000000000
      5      0                      12752335                                        448000000.0000000000
     23      2                      12752338                                        568000000.0000000000
      8      0                      12752341                                        568500000.0000000000
     23      2                      12752342                                        569000000.0000000000
     23      2                      12752344                                        569500000.0000000000
      6      0                      12752345                                        570000000.0000000000
      6      0                      12752347                                        570500000.0000000000
      6      0                      12752349                                        571500000.0000000000
      6      0                      12752351                                        572000000.0000000000
      8      0                      12752353                                        574000000.0000000000
      8      0                      12752355                                        575000000.0000000000
     23      2                      12752358                                        577000000.0000000000
      8      0                      12752359                                        577500000.0000000000
      6      0                      12752361                                        578500000.0000000000
      6      0                      12752363                                        580000000.0000000000
     23      2                      12752364                                        581000000.0000000000
      8      0                      12752365                                        581500000.0000000000
      8      0                      12752367                                        583500000.0000000000
      6      0                      12752371                                        584500000.0000000000
     23      2                      12752372                                        585000000.0000000000
      6      0                      12752375                                        585500000.0000000000
      6      0                      12752377                                        586500000.0000000000
     23      2                      12752378                                        588500000.0000000000
      8      0                      12752379                                        589000000.0000000000
      6      0                      12752381                                        590000000.0000000000
     23      2                      12752382                                        591000000.0000000000
      8      0                      12752383                                        591500000.0000000000
      8      0                      12752385                                        595000000.0000000000
     23      2                      12752388                                        595500000.0000000000
      8      0                      12752389                                        596000000.0000000000
     23      2                      12752392                                        597000000.0000000000
      6      0                      12752393                                        597500000.0000000000
      6      0                      12752395                                        598500000.0000000000
      8      0                      12752397                                        601000000.0000000000
     23      2                      12752398                                        602500000.0000000000
      6      0                      12752399                                        603000000.0000000000
     23      2                      12752400                                        604000000.0000000000
      6      0                      12752401                                        604500000.0000000000
      6      0                      12752403                                        608500000.0000000000
      6      0                      12752407                                        609500000.0000000000
     23      2                      12752410                                        610000000.0000000000
      6      0                      12752411                                        610500000.0000000000
      1      0                      15095923                                        611500000.0000000000
     16      1                      15095926                                        691500000.0000000000
      7      0                      15095929                                        692000000.0000000000
      7      0                      15095931                                        693000000.0000000000
     16      1                      15095934                                        693500000.0000000000
      7      0                      15095935                                        694000000.0000000000
      7      0                      15095937                                        695000000.0000000000
      7      0                      15095939                                        695500000.0000000000
      7      0                      15095941                                        696000000.0000000000
      7      0                      15095943                                        696500000.0000000000
      7      0                      15095947                                        697000000.0000000000
     14      1                      15095950                                        698000000.0000000000
      7      0                      15095955                                        698500000.0000000000
      7      0                      15095959                                        699000000.0000000000
      7      0                      15095961                                        699500000.0000000000
      1      0                      17655594                                        700000000.0000000000
      6      0                      17655598                                        788000000.0000000000
      6      0                      17655600                                        789000000.0000000000
      6      0                      17655602                                        791500000.0000000000
      6      0                      17655604                                        792000000.0000000000
     23      2                      17655605                                        794000000.0000000000
      8      0                      17655606                                        794500000.0000000000
      6      0                      17655608                                        796500000.0000000000
      1      0                      19989518                                        797000000.0000000000
      7      0                      19989520                                        877000000.0000000000
      7      0                      19989524                                        878000000.0000000000
      7      0                      19989530                                        878500000.0000000000
      7      0                      19989532                                        880000000.0000000000
     16      1                      19989537                                        880500000.0000000000
      7      0                      19989540                                        881000000.0000000000
      7      0                      19989542                                        881500000.0000000000
      7      0                      19989544                                        882500000.0000000000
      7      0                      19989546                                        883000000.0000000000
      7      0                      19989548                                        884000000.0000000000
     16      1                      19989549                                        884500000.0000000000
      7      0                      19989552                                        885000000.0000000000
      7      0                      19989554                                        886000000.0000000000
      7      0                      19989558                                        886500000.0000000000
      4      0                      20986101                                        887500000.0000000000
      8      0                      20986103                                        921500000.0000000000
     23      2                      20986104                                        922000000.0000000000
      6      0                      20986105                                        922500000.0000000000
     23      2                      20986106                                        923500000.0000000000
     23      2                      20986108                                        924000000.0000000000
     23      2                      20986110                                        924500000.0000000000
     23      2                      20986112                                        925000000.0000000000
     23      2                      20986114                                        925500000.0000000000
     23      2                      20986116                                        926000000.0000000000
      6      0                      20986117                                        926500000.0000000000
      8      0                      20986119                                        927000000.0000000000
      6      0                      20986121                                        927500000.0000000000
     23      2                      20986122                                        928000000.0000000000
     23      2                      20986124                                        928500000.0000000000
      6      0                      20986125                                        929000000.0000000000
      6      0                      20986127                                        930000000.0000000000
     23      2                      20986128                                        930500000.0000000000
      8      0                      20986129                                        931000000.0000000000
      5      0                      22108400                                        931500000.0000000000
     23      2                      22108403                                        973000000.0000000000
      6      0                      22108404                                        973500000.0000000000
      6      0                      22108408                                        975000000.0000000000
     23      2                      22108409                                        976500000.0000000000
     23      2                      22108413                                        977000000.0000000000
      6      0                      22108414                                        977500000.0000000000
     23      2                      22108415                                        978500000.0000000000
      8      0                      22108416                                        979000000.0000000000
      8      0                      22108418                                        979500000.0000000000
      8      0                      22108420                                        981500000.0000000000
     23      2                      22108421                                        982000000.0000000000
      6      0                      22108422                                        982500000.0000000000
      6      0                      22108424                                        983000000.0000000000
      8      0                      22108426                                        984000000.0000000000
      6      0                      22108428                                        985500000.0000000000
      8      0                      22108430                                        987500000.0000000000
      8      0                      22108432                                        988500000.0000000000
      6      0                      22108436                                        989000000.0000000000
     23      2                      22108439                                        989500000.0000000000
      6      0                      22108440                                        990000000.0000000000
     23      2                      22108443                                        990500000.0000000000
      3      0                      23862285                                        991000000.0000000000
     23      2                      23862285                                       1050645610.2583216426
