     11      1                             0                                                0.0000000000
     11      1                        116491                                           500000.0000000000
     30      3                        116492                                          4000000.0000000000
     32      3                        116494                                          4500000.0000000000
     30      3                        116498                                          5000000.0000000000
     15      1                        116507                                          5500000.0000000000
     30      3                        116516                                          6000000.0000000000
     32      3                        116526                                          6500000.0000000000
     30      3                        116530                                          7000000.0000000000
     30      3                        116538                                          7500000.0000000000
     32      3                        116542                                          8500000.0000000000
     15      1                        116545                                          9000000.0000000000
     15      1                        116551                                          9500000.0000000000
     30      3                        116556                                         10000000.0000000000
     32      3                        116562                                         10500000.0000000000
     32      3                        116566                                         11000000.0000000000
     32      3                        116572                                         11500000.0000000000
     30      3                        116574                                         12000000.0000000000
     32      3                        116578                                         12500000.0000000000
     32      3                        116592                                         13000000.0000000000
     32      3                        116596                                         13500000.0000000000
     32      3                        116606                                         14000000.0000000000
     15      1                        116609                                         14500000.0000000000
     15      1                        116619                                         15000000.0000000000
     15      1                        116635                                         15500000.0000000000
     32      3                        116646                                         16000000.0000000000
     32      3                        116654                                         16500000.0000000000
     30      3                        116658                                         17000000.0000000000
     32      3                        116662                                         17500000.0000000000
     30      3                        116666                                         18000000.0000000000
     30      3                        116678                                         18500000.0000000000
     32      3                        116690                                         19000000.0000000000
     30      3                        116696                                         19500000.0000000000
     32      3                        116704                                         20000000.0000000000
     15      1                        116707                                         20500000.0000000000
     32      3                        116712                                         21000000.0000000000
     30      3                        116718                                         21500000.0000000000
     30      3                        116720                                         22000000.0000000000
     30      3                        116726                                         22500000.0000000000
     15      1                        116737                                         23500000.0000000000
     30      3                        116742                                         24000000.0000000000
     15      1                        116751                                         24500000.0000000000
     32      3                        116756                                         25000000.0000000000
     30      3                        116762                                         25500000.0000000000
     15      1                        116765                                         26000000.0000000000
     15      1                        116769                                         26500000.0000000000
     30      3                        116774                                         27000000.0000000000
     30      3                        116780                                         27500000.0000000000
     30      3                        116784                                         28000000.0000000000
     32      3                        116790                                         28500000.0000000000
     32      3                        116792                                         29000000.0000000000
     32      3                        116800                                         29500000.0000000000
     32      3                        116804                                         30000000.0000000000
     32      3                        116810                                         30500000.0000000000
     30      3                        116818                                         31000000.0000000000
     32      3                        116826                                         31500000.0000000000
     15      1                        116835                                         32000000.0000000000
     15      1                        116841                                         32500000.0000000000
     32      3                        116850                                         33000000.0000000000
     32      3                        116856                                         33500000.0000000000
     32      3                        116862                                         34000000.0000000000
     32      3                        116864                                         34500000.0000000000
     30      3                        116872                                         35000000.0000000000
     32      3                        116882                                         35500000.0000000000
     32      3                        116886                                         36000000.0000000000
     15      1                        116891                                         36500000.0000000000
     32      3                        116902                                         37000000.0000000000
     32      3                        116908                                         37500000.0000000000
     32      3                        116910                                         38000000.0000000000
     32      3                        116916                                         38500000.0000000000
     32      3                        116922                                         39000000.0000000000
     32      3                        116928                                         39500000.0000000000
     15      1                        116943                                         40000000.0000000000
     15      1                        116949                                         40500000.0000000000
     32      3                        116954                                         41000000.0000000000
     30      3                        116968                                         41500000.0000000000
     30      3                        116972                                         42000000.0000000000
     30      3                        116976                                         42500000.0000000000
     32      3                        116980                                         43000000.0000000000
     30      3                        116984                                         43500000.0000000000
     32      3                        116992                                         44000000.0000000000
     30      3                        116998                                         44500000.0000000000
     30      3                        117004                                         45000000.0000000000
     32      3                        117010                                         45500000.0000000000
     32      3                        117020                                         46000000.0000000000
     32      3                        117030                                         46500000.0000000000
     30      3                        117040                                         47000000.0000000000
     30      3                        117042                                         47500000.0000000000
     32      3                        117048                                         48000000.0000000000
     30      3                        117060                                         48500000.0000000000
     30      3                        117068                                         49000000.0000000000
     32      3                        117076                                         49500000.0000000000
     30      3                        117080                                         50000000.0000000000
     32      3                        117094                                         50500000.0000000000
     30      3                        117100                                         51000000.0000000000
     30      3                        117104                                         51500000.0000000000
     32      3                        117108                                         52000000.0000000000
     32      3                        117110                                         52500000.0000000000
     30      3                        117122                                         53000000.0000000000
     30      3                        117126                                         53500000.0000000000
     32      3                        117136                                         54000000.0000000000
     30      3                        117144                                         54500000.0000000000
     30      3                        117148                                         55000000.0000000000
     32      3                        117160                                         55500000.0000000000
     15      1                        117171                                         56000000.0000000000
     30      3                        117182                                         56500000.0000000000
     32      3                        117188                                         57000000.0000000000
     30      3                        117192                                         57500000.0000000000
     32      3                        117200                                         58000000.0000000000
     15      1                        117203                                         58500000.0000000000
     30      3                        117204                                         59000000.0000000000
     30      3                        117212                                         59500000.0000000000
     32      3                        117220                                         60000000.0000000000
     30      3                        117228                                         60500000.0000000000
     30      3                        117236                                         61000000.0000000000
     30      3                        117240                                         61500000.0000000000
     32      3                        117246                                         62000000.0000000000
     32      3                        117252                                         62500000.0000000000
     32      3                        117262                                         63000000.0000000000
     32      3                        117266                                         63500000.0000000000
     32      3                        117272                                         64000000.0000000000
     15      1                        117279                                         64500000.0000000000
     30      3                        117284                                         65000000.0000000000
     30      3                        117292                                         65500000.0000000000
     32      3                        117298                                         66000000.0000000000
     32      3                        117302                                         66500000.0000000000
     30      3                        117306                                         67000000.0000000000
     30      3                        117308                                         67500000.0000000000
     32      3                        117312                                         68000000.0000000000
     32      3                        117322                                         68500000.0000000000
     32      3                        117324                                         69000000.0000000000
     32      3                        117332                                         69500000.0000000000
     30      3                        117346                                         70000000.0000000000
     30      3                        117350                                         70500000.0000000000
     32      3                        117354                                         71000000.0000000000
     32      3                        117358                                         71500000.0000000000
     32      3                        117366                                         72000000.0000000000
     32      3                        117374                                         72500000.0000000000
     32      3                        117382                                         73000000.0000000000
     15      1                        117387                                         73500000.0000000000
     32      3                        117394                                         74000000.0000000000
     28      3                        139863                                         74500000.0000000000
     30      3                        139867                                         96000000.0000000000
     30      3                        139873                                         96500000.0000000000
     30      3                        139885                                         97000000.0000000000
     15      1                        139890                                         97500000.0000000000
     15      1                        139896                                         98000000.0000000000
     30      3                        139903                                         98500000.0000000000
     15      1                        139912                                         99000000.0000000000
     30      3                        139915                                         99500000.0000000000
     30      3                        139919                                        100000000.0000000000
     30      3                        139933                                        100500000.0000000000
     30      3                        139935                                        101000000.0000000000
     32      3                        139941                                        101500000.0000000000
     30      3                        139947                                        102000000.0000000000
     30      3                        139961                                        102500000.0000000000
     32      3                        139967                                        103000000.0000000000
     30      3                        139973                                        103500000.0000000000
     30      3                        139981                                        104000000.0000000000
     30      3                        139995                                        104500000.0000000000
     32      3                        140003                                        105000000.0000000000
     32      3                        140007                                        105500000.0000000000
     15      1                        140014                                        106000000.0000000000
     15      1                        140020                                        106500000.0000000000
     30      3                        140023                                        107000000.0000000000
     32      3                        140027                                        107500000.0000000000
     30      3                        140033                                        108000000.0000000000
     30      3                        140041                                        108500000.0000000000
     30      3                        140049                                        109000000.0000000000
     30      3                        140055                                        109500000.0000000000
     32      3                        140065                                        110000000.0000000000
     15      1                        140074                                        110500000.0000000000
     15      1                        140076                                        111000000.0000000000
     32      3                        140081                                        111500000.0000000000
     32      3                        140089                                        112000000.0000000000
     32      3                        140099                                        112500000.0000000000
     32      3                        140107                                        113000000.0000000000
     30      3                        140111                                        113500000.0000000000
     32      3                        140113                                        114000000.0000000000
     30      3                        140123                                        114500000.0000000000
     30      3                        140129                                        115000000.0000000000
     30      3                        140133                                        115500000.0000000000
     30      3                        140135                                        116000000.0000000000
     30      3                        140143                                        116500000.0000000000
     32      3                        140151                                        117000000.0000000000
     30      3                        140155                                        117500000.0000000000
     32      3                        140163                                        118000000.0000000000
     32      3                        140169                                        118500000.0000000000
     15      1                        140176                                        119000000.0000000000
     15      1                        140184                                        119500000.0000000000
     32      3                        140187                                        120000000.0000000000
     32      3                        140191                                        120500000.0000000000
     32      3                        140197                                        121000000.0000000000
     32      3                        140203                                        121500000.0000000000
     30      3                        140207                                        122000000.0000000000
     30      3                        140211                                        122500000.0000000000
     15      1                        140220                                        123000000.0000000000
     32      3                        140231                                        123500000.0000000000
     30      3                        140235                                        124000000.0000000000
     30      3                        140239                                        124500000.0000000000
     30      3                        140247                                        125000000.0000000000
     30      3                        140251                                        125500000.0000000000
     15      1                        140254                                        126000000.0000000000
     32      3                        140263                                        126500000.0000000000
     30      3                        140267                                        127000000.0000000000
     15      1                        140278                                        127500000.0000000000
     30      3                        140285                                        128000000.0000000000
     30      3                        140289                                        128500000.0000000000
     30      3                        140295                                        129000000.0000000000
     30      3                        140301                                        129500000.0000000000
     32      3                        140305                                        130000000.0000000000
     32      3                        140307                                        130500000.0000000000
     32      3                        140313                                        131000000.0000000000
     15      1                        140318                                        131500000.0000000000
     30      3                        140335                                        132000000.0000000000
     32      3                        140339                                        132500000.0000000000
     15      1                        140346                                        133000000.0000000000
     32      3                        140349                                        133500000.0000000000
     32      3                        140355                                        134000000.0000000000
     32      3                        140359                                        134500000.0000000000
     30      3                        140365                                        135000000.0000000000
     30      3                        140369                                        135500000.0000000000
     30      3                        140377                                        136000000.0000000000
     32      3                        140385                                        136500000.0000000000
     32      3                        140389                                        137000000.0000000000
     30      3                        140399                                        137500000.0000000000
     30      3                        140405                                        138000000.0000000000
     30      3                        140415                                        138500000.0000000000
     32      3                        140423                                        139000000.0000000000
     15      1                        140432                                        139500000.0000000000
     30      3                        140443                                        140000000.0000000000
     30      3                        140449                                        140500000.0000000000
     30      3                        140459                                        141000000.0000000000
     32      3                        140463                                        141500000.0000000000
     30      3                        140471                                        142000000.0000000000
     32      3                        140473                                        142500000.0000000000
     30      3                        140479                                        143000000.0000000000
     32      3                        140481                                        143500000.0000000000
     32      3                        140485                                        144000000.0000000000
     30      3                        140499                                        144500000.0000000000
     32      3                        140507                                        145000000.0000000000
     32      3                        140513                                        145500000.0000000000
     30      3                        140523                                        146000000.0000000000
     32      3                        140527                                        146500000.0000000000
     32      3                        140529                                        147000000.0000000000
     32      3                        140533                                        147500000.0000000000
     30      3                        140539                                        148000000.0000000000
     30      3                        140547                                        148500000.0000000000
     30      3                        140557                                        149000000.0000000000
     15      1                        140564                                        149500000.0000000000
     30      3                        140569                                        150000000.0000000000
     30      3                        140575                                        150500000.0000000000
     32      3                        140583                                        151000000.0000000000
     32      3                        140593                                        151500000.0000000000
     30      3                        140599                                        152000000.0000000000
     30      3                        140615                                        153000000.0000000000
     30      3                        140625                                        153500000.0000000000
     30      3                        140631                                        154000000.0000000000
     32      3                        140635                                        154500000.0000000000
     32      3                        140641                                        155000000.0000000000
     15      1                        140652                                        155500000.0000000000
     30      3                        140659                                        156000000.0000000000
      9      1                        438957                                        156500000.0000000000
     30      3                        438958                                        166500000.0000000000
     15      1                        438963                                        167000000.0000000000
     32      3                        438970                                        167500000.0000000000
     32      3                        438976                                        168500000.0000000000
     15      1                        438977                                        169000000.0000000000
     32      3                        438984                                        169500000.0000000000
     32      3                        438990                                        170000000.0000000000
     30      3                        438994                                        170500000.0000000000
     30      3                        439000                                        171000000.0000000000
     32      3                        439008                                        171500000.0000000000
     32      3                        439014                                        172000000.0000000000
     30      3                        439020                                        172500000.0000000000
     32      3                        439024                                        173000000.0000000000
     32      3                        439030                                        173500000.0000000000
     32      3                        439032                                        174000000.0000000000
     30      3                        439038                                        174500000.0000000000
     32      3                        439040                                        175000000.0000000000
     32      3                        439044                                        175500000.0000000000
     32      3                        439048                                        176000000.0000000000
     15      1                        439049                                        176500000.0000000000
     32      3                        439056                                        177000000.0000000000
     32      3                        439064                                        177500000.0000000000
     32      3                        439070                                        178000000.0000000000
     30      3                        439074                                        178500000.0000000000
     30      3                        439082                                        179000000.0000000000
     13      1                        709916                                        179500000.0000000000
      7      0                        709917                                        188500000.0000000000
      7      0                        709919                                        190000000.0000000000
     14      1                        709922                                        190500000.0000000000
      3      0                       1071001                                        191000000.0000000000
      8      0                       1071003                                        204000000.0000000000
     23      2                       1071004                                        204500000.0000000000
      6      0                       1071007                                        205000000.0000000000
      6      0                       1071009                                        207000000.0000000000
     23      2                       1071012                                        207500000.0000000000
      8      0                       1071013                                        208000000.0000000000
      6      0                       1071017                                        210000000.0000000000
      8      0                       1071019                                        211500000.0000000000
      8      0                       1071021                                        213500000.0000000000
      6      0                       1071023                                        214000000.0000000000
     23      2                       1071024                                        215000000.0000000000
      8      0                       1071025                                        215500000.0000000000
     23      2                       1071026                                        217000000.0000000000
      8      0                       1071027                                        217500000.0000000000
      6      0                       1071029                                        218000000.0000000000
     23      2                       1071030                                        218500000.0000000000
      6      0                       1071033                                        219000000.0000000000
      8      0                       1071035                                        220500000.0000000000
     23      2                       1071036                                        221500000.0000000000
      8      0                       1071037                                        222000000.0000000000
     23      2                       1071038                                        222500000.0000000000
      6      0                       1071039                                        223000000.0000000000
      6      0                       1071043                                        224000000.0000000000
     23      2                       1071044                                        224500000.0000000000
      8      0                       1071045                                        225000000.0000000000
      8      0                       1071047                                        225500000.0000000000
      6      0                       1071049                                        227500000.0000000000
      1      0                       2092046                                        229000000.0000000000
      2      0                       2209169                                        266000000.0000000000
      6      0                       2209171                                        272000000.0000000000
      6      0                       2209173                                        274500000.0000000000
     23      2                       2209174                                        275500000.0000000000
      8      0                       2209175                                        276000000.0000000000
      6      0                       2209177                                        277000000.0000000000
      8      0                       2209179                                        278000000.0000000000
     23      2                       2209180                                        280500000.0000000000
      8      0                       2209181                                        281000000.0000000000
     23      2                       2209182                                        281500000.0000000000
      8      0                       2209183                                        282000000.0000000000
      8      0                       2209185                                        282500000.0000000000
      6      0                       2209189                                        283000000.0000000000
      6      0                       2209191                                        284500000.0000000000
     23      2                       2209192                                        285000000.0000000000
      2      0                       3668369                                        285500000.0000000000
      7      0                       3668371                                        336500000.0000000000
      7      0                       3668375                                        337000000.0000000000
      7      0                       3668381                                        337500000.0000000000
      7      0                       3668383                                        338000000.0000000000
      7      0                       3668385                                        339000000.0000000000
      7      0                       3668387                                        340000000.0000000000
      7      0                       3668389                                        340500000.0000000000
      7      0                       3668391                                        341000000.0000000000
      7      0                       3668395                                        341500000.0000000000
      7      0                       3668397                                        342000000.0000000000
      7      0                       3668401                                        342500000.0000000000
      7      0                       3668403                                        343500000.0000000000
      7      0                       3668405                                        344000000.0000000000
      7      0                       3668407                                        344500000.0000000000
      7      0                       3668409                                        345000000.0000000000
     16      1                       3668410                                        346500000.0000000000
      7      0                       3668411                                        347000000.0000000000
      7      0                       3668413                                        348000000.0000000000
      7      0                       3668415                                        348500000.0000000000
      7      0                       3668419                                        349500000.0000000000
      7      0                       3668423                                        350000000.0000000000
      7      0                       3668431                                        351000000.0000000000
      7      0                       3668433                                        351500000.0000000000
      7      0                       3668437                                        352000000.0000000000
      7      0                       3668439                                        352500000.0000000000
     16      1                       3668444                                        353000000.0000000000
      7      0                       3668445                                        353500000.0000000000
      7      0                       3668451                                        354000000.0000000000
      7      0                       3668453                                        354500000.0000000000
     16      1                       3668454                                        355500000.0000000000
      1      0                       3736761                                        356000000.0000000000
      8      0                       3736763                                        359500000.0000000000
      6      0                       3736765                                        363500000.0000000000
      6      0                       3736767                                        367000000.0000000000
     23      2                       3736768                                        369000000.0000000000
      8      0                       3736771                                        369500000.0000000000
      8      0                       3736773                                        370500000.0000000000
      8      0                       3736775                                        371000000.0000000000
      6      0                       3736777                                        371500000.0000000000
      6      0                       3736779                                        372000000.0000000000
      8      0                       3736781                                        373000000.0000000000
     23      2                       3736782                                        374500000.0000000000
      6      0                       3736783                                        375000000.0000000000
      8      0                       3736787                                        375500000.0000000000
     23      2                       3736790                                        379500000.0000000000
      6      0                       3736793                                        380000000.0000000000
      6      0                       3736795                                        380500000.0000000000
     23      2                       3736796                                        381500000.0000000000
      6      0                       3736799                                        382000000.0000000000
      8      0                       3736801                                        382500000.0000000000
      8      0                       3736803                                        383000000.0000000000
      6      0                       3736805                                        384000000.0000000000
      6      0                       3736807                                        384500000.0000000000
      6      0                       3736811                                        386000000.0000000000
      8      0                       3736813                                        387000000.0000000000
     23      2                       3736814                                        388000000.0000000000
      6      0                       3736815                                        388500000.0000000000
      6      0                       3736817                                        389000000.0000000000
      6      0                       3736819                                        390000000.0000000000
      6      0                       3736821                                        390500000.0000000000
      8      0                       3736823                                        392000000.0000000000
      6      0                       3736825                                        393000000.0000000000
     23      2                       3736828                                        394000000.0000000000
      6      0                       3736829                                        394500000.0000000000
     23      2                       3736830                                        396500000.0000000000
      8      0                       3736831                                        397000000.0000000000
      8      0                       3736833                                        400500000.0000000000
     23      2                       3736834                                        401000000.0000000000
      4      0                       3853168                                        401500000.0000000000
      7      0                       3853170                                        408500000.0000000000
      7      0                       3853172                                        409000000.0000000000
      7      0                       3853174                                        410000000.0000000000
      7      0                       3853176                                        412000000.0000000000
      7      0                       3853178                                        412500000.0000000000
      7      0                       3853180                                        415500000.0000000000
      7      0                       3853182                                        416000000.0000000000
      7      0                       3853184                                        416500000.0000000000
      7      0                       3853188                                        417000000.0000000000
      7      0                       3853190                                        417500000.0000000000
      7      0                       3853192                                        418000000.0000000000
      7      0                       3853196                                        419000000.0000000000
      7      0                       3853198                                        419500000.0000000000
      7      0                       3853200                                        421000000.0000000000
      7      0                       3853202                                        421500000.0000000000
      7      0                       3853204                                        422000000.0000000000
      7      0                       3853208                                        422500000.0000000000
      7      0                       3853212                                        423000000.0000000000
      7      0                       3853216                                        423500000.0000000000
      7      0                       3853218                                        424000000.0000000000
      7      0                       3853220                                        425500000.0000000000
      7      0                       3853222                                        426000000.0000000000
      7      0                       3853224                                        427000000.0000000000
      5      0                       3988085                                        427500000.0000000000
     23      2                       3988088                                        434500000.0000000000
      6      0                       3988091                                        435000000.0000000000
      6      0                       3988093                                        435500000.0000000000
      8      0                       3988095                                        436500000.0000000000
      8      0                       3988097                                        439000000.0000000000
     23      2                       3988100                                        444500000.0000000000
      8      0                       3988101                                        445000000.0000000000
      8      0                       3988103                                        446000000.0000000000
     23      2                       3988104                                        446500000.0000000000
      8      0                       3988105                                        447000000.0000000000
     23      2                       3988106                                        448000000.0000000000
      6      0                       3988107                                        449000000.0000000000
     23      2                       3988108                                        450000000.0000000000
      1      0                       4669405                                        450500000.0000000000
      7      0                       4669409                                        475000000.0000000000
      7      0                       4669411                                        476000000.0000000000
      7      0                       4669413                                        477000000.0000000000
      7      0                       4669417                                        479500000.0000000000
      7      0                       4669419                                        480000000.0000000000
      7      0                       4669421                                        480500000.0000000000
      7      0                       4669427                                        481000000.0000000000
     16      1                       4669428                                        482500000.0000000000
      7      0                       4669429                                        483000000.0000000000
      7      0                       4669431                                        483500000.0000000000
      7      0                       4669439                                        484000000.0000000000
     14      1                       4669442                                        484500000.0000000000
      7      0                       4669443                                        485000000.0000000000
      7      0                       4669445                                        485500000.0000000000
      7      0                       4669447                                        487000000.0000000000
      7      0                       4669449                                        487500000.0000000000
      3      0                       7259712                                        488000000.0000000000
      7      0                       7259714                                        576000000.0000000000
      1      0                      10531361                                        576500000.0000000000
     23      2                      10531364                                        687500000.0000000000
      6      0                      10531365                                        688000000.0000000000
      6      0                      10531367                                        689000000.0000000000
      8      0                      10531369                                        690500000.0000000000
     23      2                      10531370                                        691000000.0000000000
      8      0                      10531371                                        691500000.0000000000
      3      0                      10688137                                        692000000.0000000000
      8      0                      10688139                                        700500000.0000000000
      8      0                      10688141                                        704000000.0000000000
     23      2                      10688142                                        706000000.0000000000
      8      0                      10688143                                        706500000.0000000000
      6      0                      10688145                                        707000000.0000000000
      8      0                      10688147                                        707500000.0000000000
      6      0                      10688149                                        709500000.0000000000
      6      0                      10688151                                        711000000.0000000000
     23      2                      10688152                                        713000000.0000000000
      8      0                      10688153                                        713500000.0000000000
     23      2                      10688154                                        714000000.0000000000
      6      0                      10688155                                        714500000.0000000000
      8      0                      10688157                                        715000000.0000000000
     23      2                      10688158                                        715500000.0000000000
     23      2                      10688160                                        716000000.0000000000
      8      0                      10688161                                        716500000.0000000000
      6      0                      10688163                                        717000000.0000000000
      6      0                      10688165                                        718000000.0000000000
     23      2                      10688168                                        718500000.0000000000
      8      0                      10688169                                        719500000.0000000000
      6      0                      10688171                                        721500000.0000000000
      8      0                      10688173                                        722000000.0000000000
      6      0                      10688177                                        723500000.0000000000
     23      2                      10688178                                        725000000.0000000000
      6      0                      10688179                                        725500000.0000000000
      8      0                      10688181                                        726000000.0000000000
      6      0                      10688187                                        727500000.0000000000
     23      2                      10688190                                        728000000.0000000000
      6      0                      10688191                                        728500000.0000000000
     23      2                      10688192                                        729500000.0000000000
     23      2                      10688194                                        730000000.0000000000
      6      0                      10688195                                        730500000.0000000000
      8      0                      10688199                                        732000000.0000000000
     23      2                      10688202                                        735500000.0000000000
      8      0                      10688203                                        736000000.0000000000
     23      2                      10688206                                        738000000.0000000000
      6      0                      10688207                                        738500000.0000000000
      6      0                      10688209                                        741500000.0000000000
      6      0                      10688211                                        742500000.0000000000
      6      0                      10688213                                        743500000.0000000000
     23      2                      10688214                                        747000000.0000000000
      6      0                      10688215                                        747500000.0000000000
      6      0                      10688217                                        750000000.0000000000
     23      2                      10688218                                        750500000.0000000000
      6      0                      10688219                                        751000000.0000000000
     23      2                      10688220                                        752000000.0000000000
      8      0                      10688223                                        752500000.0000000000
      8      0                      10688225                                        753000000.0000000000
      8      0                      10688227                                        754000000.0000000000
     23      2                      10688228                                        755500000.0000000000
      6      0                      10688233                                        756000000.0000000000
      6      0                      10688235                                        757500000.0000000000
      8      0                      10688237                                        758000000.0000000000
      8      0                      10688239                                        759000000.0000000000
      8      0                      10688241                                        760000000.0000000000
      6      0                      10688243                                        761000000.0000000000
      6      0                      10688245                                        762000000.0000000000
      8      0                      10688247                                        762500000.0000000000
     23      2                      10688248                                        764000000.0000000000
      6      0                      10688251                                        764500000.0000000000
      6      0                      10688253                                        766000000.0000000000
      4      0                      12942976                                        768000000.0000000000
      7      0                      12942978                                        844000000.0000000000
      7      0                      12942980                                        844500000.0000000000
      7      0                      12942982                                        845000000.0000000000
      7      0                      12942986                                        845500000.0000000000
      7      0                      12942988                                        846000000.0000000000
      7      0                      12942992                                        846500000.0000000000
      7      0                      12942994                                        847000000.0000000000
      7      0                      12942998                                        848500000.0000000000
      4      0                      15910007                                        849000000.0000000000
      8      0                      15910009                                        950500000.0000000000
      8      0                      15910011                                        952500000.0000000000
      8      0                      15910013                                        955500000.0000000000
      8      0                      15910015                                        957000000.0000000000
      6      0                      15910019                                        959500000.0000000000
      8      0                      15910021                                        960000000.0000000000
      4      0                      16051130                                        961500000.0000000000
      7      0                      16051132                                        968500000.0000000000
      7      0                      16051136                                        969000000.0000000000
      7      0                      16051142                                        969500000.0000000000
      7      0                      16051144                                        970500000.0000000000
      7      0                      16051150                                        971500000.0000000000
      7      0                      16051154                                        972500000.0000000000
      7      0                      16051156                                        973000000.0000000000
      7      0                      16051158                                        974000000.0000000000
      7      0                      16051160                                        975000000.0000000000
      7      0                      16051162                                        975500000.0000000000
      7      0                      16051164                                        977000000.0000000000
      7      0                      16051166                                        977500000.0000000000
      7      0                      16051168                                        978000000.0000000000
      7      0                      16051170                                        978500000.0000000000
     16      1                      16051171                                        980500000.0000000000
      5      0                      16616348                                        981000000.0000000000
      7      0                      16616350                                       1000000000.0000000000
     16      1                      16616350                                       1000052496.6363572820
