      1      0                             0                                                0.0000000000
      1      0                       4610362                                           500000.0000000000
      6      0                       4610364                                        155500000.0000000000
      8      0                       4610366                                        156000000.0000000000
     23      2                       4610367                                        156500000.0000000000
     23      2                       4610369                                        157000000.0000000000
      6      0                       4610370                                        157500000.0000000000
      6      0                       4610374                                        158000000.0000000000
     23      2                       4610375                                        158500000.0000000000
      6      0                       4610376                                        159000000.0000000000
      8      0                       4610378                                        160000000.0000000000
     23      2                       4610379                                        162000000.0000000000
      8      0                       4610380                                        162500000.0000000000
     23      2                       4610381                                        164000000.0000000000
      8      0                       4610382                                        164500000.0000000000
      8      0                       4610384                                        165500000.0000000000
      8      0                       4610386                                        167500000.0000000000
      6      0                       4610390                                        169000000.0000000000
      8      0                       4610392                                        171000000.0000000000
      5      0                       4841500                                        173000000.0000000000
      7      0                       4841504                                        184000000.0000000000
      7      0                       4841510                                        184500000.0000000000
      7      0                       4841516                                        185000000.0000000000
      7      0                       4841520                                        186000000.0000000000
      7      0                       4841522                                        186500000.0000000000
      7      0                       4841528                                        187000000.0000000000
      3      0                       5089296                                        188000000.0000000000
      7      0                       5089298                                        197000000.0000000000
      7      0                       5089302                                        198000000.0000000000
      7      0                       5089304                                        198500000.0000000000
      7      0                       5089306                                        199000000.0000000000
      7      0                       5089310                                        199500000.0000000000
      7      0                       5089312                                        200500000.0000000000
      7      0                       5089314                                        201000000.0000000000
     16      1                       5089317                                        201500000.0000000000
      7      0                       5089320                                        202000000.0000000000
      7      0                       5089324                                        203000000.0000000000
      7      0                       5089326                                        203500000.0000000000
     30      3                       5092001                                        204000000.0000000000
     30      3                       5092007                                        204500000.0000000000
     32      3                       5092017                                        205000000.0000000000
     32      3                       5092021                                        205500000.0000000000
     32      3                       5092027                                        206000000.0000000000
     30      3                       5092033                                        206500000.0000000000
     32      3                       5092039                                        207000000.0000000000
     32      3                       5092045                                        207500000.0000000000
     32      3                       5092053                                        208000000.0000000000
     30      3                       5092057                                        208500000.0000000000
     30      3                       5092067                                        209000000.0000000000
     32      3                       5092071                                        209500000.0000000000
     30      3                       5092073                                        210000000.0000000000
     30      3                       5092079                                        210500000.0000000000
     32      3                       5092085                                        211000000.0000000000
     32      3                       5092091                                        211500000.0000000000
     30      3                       5092099                                        212000000.0000000000
     30      3                       5092103                                        212500000.0000000000
     32      3                       5092105                                        213000000.0000000000
     30      3                       5092107                                        213500000.0000000000
     30      3                       5092115                                        214000000.0000000000
     30      3                       5092123                                        214500000.0000000000
     15      1                       5092132                                        215000000.0000000000
     30      3                       5092137                                        215500000.0000000000
     32      3                       5092145                                        216000000.0000000000
     30      3                       5092153                                        216500000.0000000000
     30      3                       5092159                                        217000000.0000000000
     32      3                       5092165                                        217500000.0000000000
     32      3                       5092169                                        218000000.0000000000
     32      3                       5092179                                        218500000.0000000000
     30      3                       5092183                                        219000000.0000000000
     30      3                       5092187                                        220000000.0000000000
     30      3                       5092195                                        220500000.0000000000
     30      3                       5092197                                        221000000.0000000000
     32      3                       5092203                                        221500000.0000000000
     15      1                       5092206                                        222000000.0000000000
     32      3                       5092213                                        222500000.0000000000
     32      3                       5092221                                        223000000.0000000000
     32      3                       5092231                                        223500000.0000000000
     30      3                       5092237                                        224000000.0000000000
     32      3                       5092247                                        224500000.0000000000
     30      3                       5092249                                        225000000.0000000000
     12      1                       5210963                                        225500000.0000000000
      7      0                       5210964                                        229500000.0000000000
     14      1                       5210967                                        230000000.0000000000
      7      0                       5210970                                        230500000.0000000000
      7      0                       5210974                                        231000000.0000000000
      7      0                       5210980                                        231500000.0000000000
      7      0                       5210982                                        232500000.0000000000
      7      0                       5210984                                        233500000.0000000000
      7      0                       5210986                                        234500000.0000000000
      7      0                       5210990                                        235000000.0000000000
      7      0                       5210992                                        235500000.0000000000
     14      1                       5210993                                        236000000.0000000000
      7      0                       5210994                                        236500000.0000000000
      7      0                       5210996                                        237000000.0000000000
      7      0                       5210998                                        238000000.0000000000
      5      0                       8250881                                        239000000.0000000000
      7      0                       8250883                                        341500000.0000000000
      7      0                       8250885                                        343000000.0000000000
     10      1                       8390653                                        343500000.0000000000
      7      0                       8390656                                        348500000.0000000000
      7      0                       8390658                                        349500000.0000000000
      7      0                       8390660                                        350000000.0000000000
      7      0                       8390662                                        352000000.0000000000
      7      0                       8390664                                        353500000.0000000000
      7      0                       8390666                                        355000000.0000000000
     16      1                       8390671                                        355500000.0000000000
      7      0                       8390674                                        356000000.0000000000
      7      0                       8390676                                        356500000.0000000000
      7      0                       8390680                                        357000000.0000000000
     16      1                       8390685                                        357500000.0000000000
      7      0                       8390686                                        358000000.0000000000
      7      0                       8390688                                        358500000.0000000000
     16      1                       8390689                                        359500000.0000000000
      7      0                       8390692                                        360000000.0000000000
      7      0                       8390694                                        360500000.0000000000
      7      0                       8390696                                        361500000.0000000000
      7      0                       8390698                                        362000000.0000000000
      7      0                       8390704                                        362500000.0000000000
      7      0                       8390706                                        363000000.0000000000
      7      0                       8390708                                        364000000.0000000000
      7      0                       8390710                                        364500000.0000000000
      7      0                       8390712                                        365500000.0000000000
      7      0                       8390714                                        366000000.0000000000
      7      0                       8390716                                        368000000.0000000000
      7      0                       8390720                                        368500000.0000000000
      7      0                       8390722                                        369000000.0000000000
      7      0                       8390724                                        370500000.0000000000
      7      0                       8390726                                        371000000.0000000000
      7      0                       8390732                                        372000000.0000000000
      7      0                       8390734                                        372500000.0000000000
      7      0                       8390736                                        373000000.0000000000
      7      0                       8390742                                        373500000.0000000000
      7      0                       8390744                                        375000000.0000000000
      7      0                       8390746                                        375500000.0000000000
      7      0                       8390748                                        376500000.0000000000
      7      0                       8390752                                        377000000.0000000000
      7      0                       8390754                                        377500000.0000000000
      7      0                       8390756                                        378000000.0000000000
      7      0                       8390758                                        378500000.0000000000
     16      1                       8390759                                        379000000.0000000000
      2      0                      10701006                                        379500000.0000000000
     23      2                      10701007                                        459000000.0000000000
      8      0                      10701008                                        459500000.0000000000
      3      0                      13083346                                        461000000.0000000000
     23      2                      13083349                                        544000000.0000000000
      6      0                      13083350                                        544500000.0000000000
      8      0                      13083352                                        547500000.0000000000
      6      0                      13083354                                        551000000.0000000000
      6      0                      13083358                                        554000000.0000000000
     23      2                      13083363                                        555500000.0000000000
      8      0                      13083364                                        556000000.0000000000
     23      2                      13083365                                        557000000.0000000000
     23      2                      13083367                                        557500000.0000000000
      6      0                      13083368                                        558000000.0000000000
      6      0                      13083370                                        558500000.0000000000
     23      2                      13083371                                        559500000.0000000000
     23      2                      13083373                                        560000000.0000000000
      1      0                      15117579                                        560500000.0000000000
     23      2                      15117580                                        630500000.0000000000
      6      0                      15117581                                        631000000.0000000000
      8      0                      15117583                                        631500000.0000000000
      4      0                      18529200                                        632500000.0000000000
      6      0                      18529202                                        748000000.0000000000
      6      0                      18529204                                        749000000.0000000000
      8      0                      18529206                                        750000000.0000000000
      6      0                      18529208                                        751000000.0000000000
      8      0                      18529210                                        751500000.0000000000
      6      0                      18529212                                        752000000.0000000000
      8      0                      18529216                                        752500000.0000000000
      6      0                      18529218                                        753000000.0000000000
     23      2                      18529219                                        753500000.0000000000
      8      0                      18529222                                        754000000.0000000000
      8      0                      18529224                                        754500000.0000000000
      6      0                      18529226                                        756000000.0000000000
      6      0                      18529228                                        757000000.0000000000
     23      2                      18529229                                        757500000.0000000000
      8      0                      18529230                                        758000000.0000000000
      6      0                      18529232                                        758500000.0000000000
      6      0                      18529234                                        759000000.0000000000
     23      2                      18529235                                        760000000.0000000000
      6      0                      18529236                                        760500000.0000000000
      6      0                      18529238                                        761000000.0000000000
      6      0                      18529240                                        761500000.0000000000
      6      0                      18529242                                        762500000.0000000000
      6      0                      18529244                                        763000000.0000000000
      6      0                      18529248                                        764000000.0000000000
      6      0                      18529250                                        764500000.0000000000
      6      0                      18529252                                        765000000.0000000000
     23      2                      18529253                                        765500000.0000000000
     23      2                      18529255                                        766000000.0000000000
      6      0                      18529256                                        766500000.0000000000
      8      0                      18529258                                        767000000.0000000000
      2      0                      19539641                                        769000000.0000000000
     23      2                      19539642                                        809000000.0000000000
      8      0                      19539643                                        809500000.0000000000
      8      0                      19539649                                        810000000.0000000000
      8      0                      19539653                                        811500000.0000000000
      6      0                      19539655                                        814000000.0000000000
      6      0                      19539657                                        816500000.0000000000
     23      2                      19539658                                        818000000.0000000000
     23      2                      19539660                                        818500000.0000000000
      8      0                      19539661                                        819000000.0000000000
      8      0                      19539663                                        819500000.0000000000
      6      0                      19539665                                        820000000.0000000000
     23      2                      19539666                                        820500000.0000000000
      8      0                      19539667                                        821000000.0000000000
     23      2                      19539668                                        822000000.0000000000
      6      0                      19539671                                        822500000.0000000000
      8      0                      19539673                                        824000000.0000000000
     23      2                      19539674                                        826000000.0000000000
      6      0                      19539677                                        826500000.0000000000
      6      0                      19539679                                        827000000.0000000000
      6      0                      19539681                                        827500000.0000000000
      8      0                      19539683                                        829000000.0000000000
      8      0                      19539685                                        829500000.0000000000
      6      0                      19539687                                        830000000.0000000000
      6      0                      19539689                                        830500000.0000000000
      8      0                      19539691                                        831000000.0000000000
      6      0                      19539693                                        831500000.0000000000
      6      0                      19539695                                        832000000.0000000000
      8      0                      19539697                                        832500000.0000000000
      8      0                      19539699                                        837500000.0000000000
      6      0                      19539701                                        838500000.0000000000
      6      0                      19539703                                        839000000.0000000000
     23      2                      19539704                                        842000000.0000000000
      8      0                      19539705                                        842500000.0000000000
      8      0                      19539707                                        843000000.0000000000
      8      0                      19539709                                        843500000.0000000000
      8      0                      19539711                                        844000000.0000000000
     23      2                      19539712                                        844500000.0000000000
      8      0                      19539713                                        845000000.0000000000
      8      0                      19539717                                        845500000.0000000000
     23      2                      19539720                                        847500000.0000000000
      8      0                      19539721                                        848000000.0000000000
      8      0                      19539723                                        848500000.0000000000
      8      0                      19539727                                        850500000.0000000000
     23      2                      19539728                                        852000000.0000000000
      6      0                      19539729                                        852500000.0000000000
      4      0                      20473482                                        853000000.0000000000
     23      2                      20473483                                        886000000.0000000000
      6      0                      20473486                                        886500000.0000000000
     23      2                      20473487                                        887500000.0000000000
      8      0                      20473488                                        888000000.0000000000
     23      2                      20473489                                        888500000.0000000000
      8      0                      20473490                                        889000000.0000000000
      8      0                      20473492                                        889500000.0000000000
      8      0                      20473494                                        891500000.0000000000
     23      2                      20473495                                        894000000.0000000000
      6      0                      20473496                                        895000000.0000000000
      6      0                      20473498                                        895500000.0000000000
     23      2                      20473501                                        896000000.0000000000
      6      0                      20473502                                        896500000.0000000000
      6      0                      20473506                                        899500000.0000000000
      8      0                      20473508                                        902500000.0000000000
      6      0                      20473510                                        906000000.0000000000
     23      2                      20473511                                        907500000.0000000000
      8      0                      20473514                                        908000000.0000000000
     23      2                      20473515                                        909000000.0000000000
      6      0                      20473516                                        909500000.0000000000
      1      0                      20741526                                        910000000.0000000000
      8      0                      20741530                                        920000000.0000000000
     23      2                      20741531                                        921500000.0000000000
      4      0                      20812577                                        922000000.0000000000
     14      1                      20812578                                        924500000.0000000000
      7      0                      20812581                                        925000000.0000000000
      7      0                      20812587                                        925500000.0000000000
      7      0                      20812591                                        926500000.0000000000
      7      0                      20812597                                        927000000.0000000000
      7      0                      20812599                                        927500000.0000000000
      7      0                      20812601                                        928500000.0000000000
      7      0                      20812603                                        929000000.0000000000
      7      0                      20812605                                        930000000.0000000000
      7      0                      20812607                                        931000000.0000000000
      7      0                      20812611                                        932000000.0000000000
      7      0                      20812615                                        932500000.0000000000
      7      0                      20812619                                        933000000.0000000000
      7      0                      20812621                                        934000000.0000000000
      7      0                      20812623                                        935000000.0000000000
      7      0                      20812627                                        935500000.0000000000
      7      0                      20812629                                        936500000.0000000000
      7      0                      20812631                                        937500000.0000000000
     16      1                      20812638                                        938000000.0000000000
      7      0                      20812641                                        938500000.0000000000
      7      0                      20812645                                        939500000.0000000000
      7      0                      20812647                                        940000000.0000000000
      7      0                      20812655                                        940500000.0000000000
      7      0                      20812657                                        941000000.0000000000
      7      0                      20812665                                        941500000.0000000000
      7      0                      20812667                                        943000000.0000000000
      7      0                      20812669                                        944000000.0000000000
      7      0                      20812671                                        944500000.0000000000
      7      0                      20812673                                        945000000.0000000000
      7      0                      20812675                                        945500000.0000000000
      7      0                      20812677                                        946000000.0000000000
      7      0                      20812679                                        947000000.0000000000
      2      0                      20816075                                        947500000.0000000000
     23      2                      20816078                                        949000000.0000000000
      8      0                      20816079                                        949500000.0000000000
      8      0                      20816081                                        950000000.0000000000
      6      0                      20816083                                        951500000.0000000000
      8      0                      20816085                                        953000000.0000000000
      8      0                      20816087                                        954000000.0000000000
      8      0                      20816089                                        956500000.0000000000
      6      0                      20816091                                        957500000.0000000000
      6      0                      20816093                                        958000000.0000000000
     23      2                      20816096                                        958500000.0000000000
     23      2                      20816098                                        959000000.0000000000
      6      0                      20816099                                        959500000.0000000000
      8      0                      20816101                                        960000000.0000000000
     23      2                      20816102                                        960500000.0000000000
     23      2                      20816104                                        961000000.0000000000
      6      0                      20816105                                        961500000.0000000000
      8      0                      20816107                                        962000000.0000000000
      8      0                      20816109                                        964500000.0000000000
      8      0                      20816113                                        965500000.0000000000
      8      0                      20816117                                        967000000.0000000000
     23      2                      20816118                                        967500000.0000000000
      6      0                      20816119                                        968000000.0000000000
     23      2                      20816122                                        970000000.0000000000
      8      0                      20816125                                        970500000.0000000000
      6      0                      20816129                                        971500000.0000000000
      8      0                      20816131                                        972000000.0000000000
      8      0                      20816133                                        973000000.0000000000
      8      0                      20816135                                        974500000.0000000000
      8      0                      20816137                                        975500000.0000000000
      8      0                      20816139                                        976500000.0000000000
      6      0                      20816141                                        977000000.0000000000
      8      0                      20816145                                        978500000.0000000000
      8      0                      20816147                                        979500000.0000000000
      8      0                      20816149                                        981500000.0000000000
      8      0                      20816151                                        983500000.0000000000
      6      0                      20816153                                        987500000.0000000000
     23      2                      20816154                                        988500000.0000000000
      8      0                      20816155                                        989000000.0000000000
      6      0                      20816157                                        989500000.0000000000
      6      0                      20816159                                        990500000.0000000000
      2      0                      21425911                                        991500000.0000000000
     23      2                      21425911                                       1016536953.3368307185
