     17      2                             0                                                0.0000000000
     17      2                        103942                                           500000.0000000000
     24      2                        103944                                        124000000.0000000000
     22      2                        103950                                        124500000.0000000000
     31      3                        103953                                        125000000.0000000000
     22      2                        103954                                        125500000.0000000000
     22      2                        103958                                        126000000.0000000000
     24      2                        103960                                        126500000.0000000000
     24      2                        103962                                        127000000.0000000000
     22      2                        103964                                        128000000.0000000000
     24      2                        103966                                        128500000.0000000000
     31      3                        103969                                        129000000.0000000000
     24      2                        103974                                        129500000.0000000000
     22      2                        103978                                        130000000.0000000000
     22      2                        103986                                        130500000.0000000000
     22      2                        103988                                        131000000.0000000000
     22      2                        103990                                        131500000.0000000000
     24      2                        103994                                        132000000.0000000000
     22      2                        103996                                        132500000.0000000000
     22      2                        104000                                        133000000.0000000000
     24      2                        104004                                        133500000.0000000000
     24      2                        104006                                        134000000.0000000000
     22      2                        104008                                        134500000.0000000000
     24      2                        104012                                        135000000.0000000000
     24      2                        104016                                        135500000.0000000000
     31      3                        104019                                        136000000.0000000000
     22      2                        104026                                        136500000.0000000000
     22      2                        104028                                        137000000.0000000000
     22      2                        104030                                        137500000.0000000000
     31      3                        104035                                        138500000.0000000000
     22      2                        104038                                        139000000.0000000000
     24      2                        104046                                        139500000.0000000000
     24      2                        104048                                        140000000.0000000000
     24      2                        104050                                        140500000.0000000000
     22      2                        104054                                        141500000.0000000000
     24      2                        104060                                        142000000.0000000000
     31      3                        104063                                        142500000.0000000000
     24      2                        104064                                        143000000.0000000000
     24      2                        104066                                        143500000.0000000000
     31      3                        104067                                        144000000.0000000000
     24      2                        104070                                        144500000.0000000000
     22      2                        104072                                        145000000.0000000000
     31      3                        104073                                        145500000.0000000000
     22      2                        104076                                        146000000.0000000000
     31      3                        104077                                        146500000.0000000000
     22      2                        104080                                        147000000.0000000000
     24      2                        104084                                        147500000.0000000000
     22      2                        104088                                        148000000.0000000000
     24      2                        104090                                        148500000.0000000000
     24      2                        104094                                        149000000.0000000000
     31      3                        104099                                        149500000.0000000000
     24      2                        104104                                        150000000.0000000000
     24      2                        104106                                        150500000.0000000000
     31      3                        104111                                        151000000.0000000000
     22      2                        104118                                        151500000.0000000000
     22      2                        104122                                        152000000.0000000000
     24      2                        104124                                        152500000.0000000000
     31      3                        104127                                        153500000.0000000000
     24      2                        104130                                        154000000.0000000000
     31      3                        104133                                        154500000.0000000000
     24      2                        104134                                        155000000.0000000000
     31      3                        104137                                        155500000.0000000000
     31      3                        104141                                        156000000.0000000000
     24      2                        104144                                        156500000.0000000000
     22      2                        104146                                        157000000.0000000000
     31      3                        104149                                        157500000.0000000000
     24      2                        104152                                        158000000.0000000000
     24      2                        104158                                        158500000.0000000000
     24      2                        104162                                        159000000.0000000000
     24      2                        104168                                        159500000.0000000000
     24      2                        104170                                        160500000.0000000000
     24      2                        104174                                        161000000.0000000000
     24      2                        104176                                        161500000.0000000000
     22      2                        104180                                        162000000.0000000000
     31      3                        104181                                        162500000.0000000000
     31      3                        104185                                        163000000.0000000000
     31      3                        104187                                        163500000.0000000000
     22      2                        104188                                        164000000.0000000000
     22      2                        104190                                        164500000.0000000000
     31      3                        104191                                        165000000.0000000000
     31      3                        104195                                        165500000.0000000000
     22      2                        104200                                        166000000.0000000000
     31      3                        104203                                        167000000.0000000000
     24      2                        104212                                        167500000.0000000000
     24      2                        104214                                        168000000.0000000000
     24      2                        104220                                        168500000.0000000000
     22      2                        104226                                        169000000.0000000000
     24      2                        104232                                        169500000.0000000000
     24      2                        104242                                        170000000.0000000000
     22      2                        104244                                        170500000.0000000000
     24      2                        104250                                        171000000.0000000000
     31      3                        104255                                        171500000.0000000000
     24      2                        104256                                        172000000.0000000000
     22      2                        104258                                        172500000.0000000000
     22      2                        104262                                        173000000.0000000000
     31      3                        104265                                        173500000.0000000000
     24      2                        104266                                        174000000.0000000000
     24      2                        104272                                        175000000.0000000000
     22      2                        104274                                        175500000.0000000000
     31      3                        104279                                        176000000.0000000000
     24      2                        104282                                        176500000.0000000000
     22      2                        104286                                        177500000.0000000000
     24      2                        104288                                        178000000.0000000000
     24      2                        104290                                        178500000.0000000000
     17      2                        341061                                        179500000.0000000000
     31      3                        341064                                        461500000.0000000000
     24      2                        341069                                        462000000.0000000000
     22      2                        341073                                        463500000.0000000000
     22      2                        341075                                        464000000.0000000000
     24      2                        341079                                        465000000.0000000000
     31      3                        341080                                        465500000.0000000000
     22      2                        341081                                        466000000.0000000000
     31      3                        341086                                        467000000.0000000000
     22      2                        341087                                        467500000.0000000000
     22      2                        341089                                        468000000.0000000000
     22      2                        341095                                        468500000.0000000000
     22      2                        341097                                        469000000.0000000000
     24      2                        341099                                        469500000.0000000000
     22      2                        341101                                        470000000.0000000000
     24      2                        341103                                        470500000.0000000000
     24      2                        341107                                        471000000.0000000000
     22      2                        341109                                        471500000.0000000000
     22      2                        341113                                        472000000.0000000000
     24      2                        341117                                        472500000.0000000000
     22      2                        341121                                        473000000.0000000000
     22      2                        341123                                        474000000.0000000000
     22      2                        341127                                        474500000.0000000000
     22      2                        341135                                        475000000.0000000000
     24      2                        341137                                        476000000.0000000000
     31      3                        341144                                        477000000.0000000000
     24      2                        341149                                        477500000.0000000000
     31      3                        341150                                        478000000.0000000000
     24      2                        341155                                        478500000.0000000000
     24      2                        341161                                        479500000.0000000000
     24      2                        341163                                        480000000.0000000000
     22      2                        341165                                        481500000.0000000000
     24      2                        341167                                        482000000.0000000000
     24      2                        341169                                        482500000.0000000000
     31      3                        341174                                        483000000.0000000000
     22      2                        341177                                        483500000.0000000000
     31      3                        341182                                        484000000.0000000000
     24      2                        341183                                        484500000.0000000000
     24      2                        341185                                        485000000.0000000000
     24      2                        341187                                        485500000.0000000000
     22      2                        341189                                        486000000.0000000000
     31      3                        341190                                        486500000.0000000000
     24      2                        341191                                        487000000.0000000000
     22      2                        341193                                        487500000.0000000000
     22      2                        341199                                        488000000.0000000000
     31      3                        341206                                        488500000.0000000000
     22      2                        341211                                        489000000.0000000000
     31      3                        341214                                        489500000.0000000000
     31      3                        341222                                        490000000.0000000000
     22      2                        341225                                        490500000.0000000000
     24      2                        341227                                        491000000.0000000000
     24      2                        341231                                        491500000.0000000000
     22      2                        341233                                        492000000.0000000000
     24      2                        341235                                        492500000.0000000000
     24      2                        341237                                        493000000.0000000000
     24      2                        341239                                        493500000.0000000000
     24      2                        341241                                        494500000.0000000000
     24      2                        341249                                        495000000.0000000000
     24      2                        341251                                        495500000.0000000000
     22      2                        341253                                        496000000.0000000000
     22      2                        341257                                        496500000.0000000000
     24      2                        341261                                        497000000.0000000000
     31      3                        341262                                        497500000.0000000000
     22      2                        341263                                        498000000.0000000000
     31      3                        341264                                        498500000.0000000000
     22      2                        341267                                        499000000.0000000000
     24      2                        341269                                        499500000.0000000000
     24      2                        341271                                        500000000.0000000000
     22      2                        341273                                        500500000.0000000000
     24      2                        341277                                        501000000.0000000000
     31      3                        341282                                        501500000.0000000000
     24      2                        341283                                        502000000.0000000000
     22      2                        341285                                        502500000.0000000000
     24      2                        341289                                        503000000.0000000000
     24      2                        341295                                        504000000.0000000000
     22      2                        341301                                        504500000.0000000000
     22      2                        341307                                        505500000.0000000000
     31      3                        341310                                        506000000.0000000000
     24      2                        341311                                        506500000.0000000000
     24      2                        341317                                        507500000.0000000000
     24      2                        341319                                        508000000.0000000000
     22      2                        341321                                        508500000.0000000000
     24      2                        341325                                        509000000.0000000000
     22      2                        341327                                        509500000.0000000000
     31      3                        341328                                        510000000.0000000000
     31      3                        341332                                        510500000.0000000000
     31      3                        341336                                        511000000.0000000000
     22      2                        341337                                        511500000.0000000000
     22      2                        341341                                        513000000.0000000000
     24      2                        341343                                        513500000.0000000000
     22      2                        341345                                        514000000.0000000000
     31      3                        341348                                        514500000.0000000000
     31      3                        341350                                        515000000.0000000000
     31      3                        341354                                        515500000.0000000000
     24      2                        341359                                        516000000.0000000000
     31      3                        341362                                        516500000.0000000000
     22      2                        341363                                        517000000.0000000000
     31      3                        341366                                        517500000.0000000000
     24      2                        341371                                        518000000.0000000000
     22      2                        341377                                        519000000.0000000000
     22      2                        341379                                        519500000.0000000000
     22      2                        341381                                        520000000.0000000000
     24      2                        341385                                        520500000.0000000000
     31      3                        341392                                        521000000.0000000000
     24      2                        341395                                        521500000.0000000000
     22      2                        341401                                        522000000.0000000000
     22      2                        341403                                        522500000.0000000000
     31      3                        341408                                        523000000.0000000000
     24      2                        341415                                        523500000.0000000000
     22      2                        341417                                        524000000.0000000000
     31      3                        341418                                        524500000.0000000000
     22      2                        341421                                        525000000.0000000000
     22      2                        341423                                        525500000.0000000000
     31      3                        341426                                        526000000.0000000000
     22      2                        341431                                        526500000.0000000000
     22      2                        341433                                        527000000.0000000000
     24      2                        341439                                        528000000.0000000000
     25      3                        380597                                        528500000.0000000000
     30      3                        380603                                        566000000.0000000000
     32      3                        380609                                        566500000.0000000000
     32      3                        380613                                        567000000.0000000000
     32      3                        380617                                        567500000.0000000000
     32      3                        380625                                        568000000.0000000000
     32      3                        380637                                        568500000.0000000000
     30      3                        380641                                        569000000.0000000000
     30      3                        380645                                        569500000.0000000000
     30      3                        380657                                        570000000.0000000000
     30      3                        380665                                        570500000.0000000000
     32      3                        380675                                        571000000.0000000000
     30      3                        380679                                        571500000.0000000000
     15      1                        380684                                        572000000.0000000000
     30      3                        380701                                        572500000.0000000000
     10      1                        889693                                        573000000.0000000000
      7      0                        889698                                        590500000.0000000000
      7      0                        889700                                        591000000.0000000000
      7      0                        889704                                        591500000.0000000000
      7      0                        889708                                        592000000.0000000000
      7      0                        889710                                        593000000.0000000000
      7      0                        889714                                        593500000.0000000000
     16      1                        889715                                        595500000.0000000000
      7      0                        889718                                        596000000.0000000000
      7      0                        889720                                        596500000.0000000000
      7      0                        889724                                        598000000.0000000000
      7      0                        889726                                        598500000.0000000000
      7      0                        889728                                        599000000.0000000000
      7      0                        889730                                        599500000.0000000000
      7      0                        889732                                        600000000.0000000000
      7      0                        889736                                        602000000.0000000000
     14      1                        889737                                        602500000.0000000000
      7      0                        889738                                        603000000.0000000000
      7      0                        889740                                        604000000.0000000000
      7      0                        889742                                        604500000.0000000000
      1      0                       1742258                                        605000000.0000000000
      7      0                       1742262                                        634500000.0000000000
     14      1                       1742263                                        635500000.0000000000
      7      0                       1742264                                        636000000.0000000000
      7      0                       1742266                                        636500000.0000000000
      7      0                       1742268                                        637500000.0000000000
      7      0                       1742270                                        638500000.0000000000
      7      0                       1742274                                        639000000.0000000000
      7      0                       1742276                                        639500000.0000000000
      7      0                       1742278                                        640500000.0000000000
      7      0                       1742284                                        641000000.0000000000
     16      1                       1742285                                        641500000.0000000000
      3      0                       4332569                                        642000000.0000000000
      8      0                       4332571                                        731000000.0000000000
      8      0                       4332573                                        735000000.0000000000
      8      0                       4332575                                        736000000.0000000000
      8      0                       4332577                                        737000000.0000000000
      8      0                       4332579                                        737500000.0000000000
     23      2                       4332580                                        739500000.0000000000
      8      0                       4332581                                        740000000.0000000000
      8      0                       4332583                                        741000000.0000000000
      6      0                       4332585                                        742500000.0000000000
      8      0                       4332587                                        743500000.0000000000
     23      2                       4332590                                        744000000.0000000000
      8      0                       4332591                                        744500000.0000000000
     23      2                       4332594                                        745000000.0000000000
      6      0                       4332595                                        745500000.0000000000
     23      2                       4332596                                        746000000.0000000000
      6      0                       4332597                                        746500000.0000000000
      8      0                       4332599                                        748500000.0000000000
     23      2                       4332600                                        750000000.0000000000
      6      0                       4332601                                        750500000.0000000000
      8      0                       4332603                                        756000000.0000000000
      2      0                       5632721                                        759500000.0000000000
      4      0                       5941298                                        804000000.0000000000
      6      0                       5941300                                        815000000.0000000000
      6      0                       5941302                                        817000000.0000000000
     23      2                       5941305                                        819000000.0000000000
      6      0                       5941306                                        819500000.0000000000
     23      2                       5941307                                        821500000.0000000000
      6      0                       5941308                                        822000000.0000000000
      8      0                       5941312                                        823000000.0000000000
      6      0                       5941316                                        824000000.0000000000
      6      0                       5941320                                        826500000.0000000000
      6      0                       5941322                                        827500000.0000000000
      8      0                       5941326                                        829000000.0000000000
      6      0                       5941328                                        831500000.0000000000
      8      0                       5941330                                        833500000.0000000000
      6      0                       5941332                                        836000000.0000000000
     23      2                       5941333                                        837500000.0000000000
      6      0                       5941334                                        838000000.0000000000
      6      0                       5941336                                        840500000.0000000000
      6      0                       5941338                                        841000000.0000000000
      6      0                       5941340                                        843000000.0000000000
      4      0                       7724892                                        843500000.0000000000
      7      0                       7724894                                        904500000.0000000000
      7      0                       7724900                                        905500000.0000000000
      7      0                       7724906                                        906000000.0000000000
      7      0                       7724908                                        906500000.0000000000
      7      0                       7724910                                        908000000.0000000000
      7      0                       7724912                                        909500000.0000000000
      7      0                       7724916                                        910000000.0000000000
      7      0                       7724920                                        910500000.0000000000
      7      0                       7724922                                        911000000.0000000000
      2      0                      10186343                                        913000000.0000000000
      8      0                      10186345                                        999000000.0000000000
     23      2                      10186348                                       1000000000.0000000000
      6      0                      10186348                                       1000025648.9234332381
