      1      0                             0                                                0.0000000000
      1      0                       5551285                                           500000.0000000000
      6      0                       5551287                                        188000000.0000000000
     23      2                       5551288                                        189500000.0000000000
      8      0                       5551289                                        190000000.0000000000
      6      0                       5551291                                        190500000.0000000000
      8      0                       5551295                                        191000000.0000000000
      8      0                       5551297                                        191500000.0000000000
     23      2                       5551298                                        192000000.0000000000
      6      0                       5551301                                        192500000.0000000000
      6      0                       5551303                                        193500000.0000000000
      8      0                       5551305                                        194000000.0000000000
     23      2                       5551306                                        195000000.0000000000
      4      0                       5919211                                        195500000.0000000000
      7      0                       5919215                                        208000000.0000000000
      7      0                       5919217                                        208500000.0000000000
      7      0                       5919221                                        209000000.0000000000
      7      0                       5919223                                        210500000.0000000000
      7      0                       5919225                                        211500000.0000000000
      7      0                       5919227                                        212000000.0000000000
      9      1                       6194497                                        213000000.0000000000
      7      0                       6194498                                        222500000.0000000000
      7      0                       6194500                                        223500000.0000000000
      7      0                       6194502                                        225500000.0000000000
      7      0                       6194504                                        226500000.0000000000
      7      0                       6194506                                        227000000.0000000000
      1      0                       6200504                                        227500000.0000000000
      8      0                       6200506                                        230000000.0000000000
      6      0                       6200508                                        231000000.0000000000
      2      0                       6551556                                        231500000.0000000000
     23      2                       6551557                                        244000000.0000000000
      8      0                       6551558                                        244500000.0000000000
     23      2                       6551559                                        245000000.0000000000
      5      0                       7795208                                        245500000.0000000000
     23      2                       7795209                                        288500000.0000000000
      6      0                       7795210                                        289000000.0000000000
      5      0                       9225533                                        289500000.0000000000
      6      0                       9225535                                        339000000.0000000000
     23      2                       9225538                                        339500000.0000000000
      8      0                       9225539                                        340000000.0000000000
      8      0                       9225541                                        340500000.0000000000
     23      2                       9225544                                        341000000.0000000000
      8      0                       9225545                                        341500000.0000000000
      8      0                       9225547                                        342000000.0000000000
      6      0                       9225549                                        343500000.0000000000
      8      0                       9225551                                        344500000.0000000000
      8      0                       9225553                                        345000000.0000000000
     23      2                       9225554                                        347500000.0000000000
      8      0                       9225555                                        348000000.0000000000
      8      0                       9225557                                        348500000.0000000000
     23      2                       9225560                                        349000000.0000000000
      6      0                       9225561                                        349500000.0000000000
     23      2                       9225562                                        350000000.0000000000
      8      0                       9225563                                        350500000.0000000000
      8      0                       9225565                                        351000000.0000000000
     23      2                       9225566                                        351500000.0000000000
      6      0                       9225567                                        352000000.0000000000
      8      0                       9225569                                        352500000.0000000000
      8      0                       9225571                                        353500000.0000000000
      8      0                       9225573                                        354000000.0000000000
      6      0                       9225575                                        356000000.0000000000
      6      0                       9225577                                        358500000.0000000000
      6      0                       9225579                                        359000000.0000000000
      8      0                       9225583                                        361000000.0000000000
      6      0                       9225585                                        362500000.0000000000
      6      0                       9225587                                        364500000.0000000000
     23      2                       9225588                                        365000000.0000000000
      8      0                       9225589                                        365500000.0000000000
      8      0                       9225591                                        367500000.0000000000
     23      2                       9225592                                        369000000.0000000000
      3      0                       9580598                                        369500000.0000000000
      7      0                       9580600                                        383000000.0000000000
      7      0                       9580604                                        384000000.0000000000
     14      1                       9580611                                        384500000.0000000000
      7      0                       9580616                                        385000000.0000000000
      7      0                       9580622                                        386000000.0000000000
      7      0                       9580624                                        386500000.0000000000
     10      1                       9644113                                        387000000.0000000000
      7      0                       9644114                                        389000000.0000000000
      7      0                       9644116                                        389500000.0000000000
      7      0                       9644118                                        390000000.0000000000
     14      1                       9644123                                        390500000.0000000000
      7      0                       9644124                                        391000000.0000000000
      7      0                       9644126                                        394500000.0000000000
      7      0                       9644128                                        396000000.0000000000
      7      0                       9644130                                        396500000.0000000000
     14      1                       9644133                                        397000000.0000000000
      7      0                       9644134                                        397500000.0000000000
      7      0                       9644136                                        398000000.0000000000
      7      0                       9644138                                        399500000.0000000000
      7      0                       9644140                                        400500000.0000000000
      7      0                       9644142                                        401000000.0000000000
      7      0                       9644146                                        401500000.0000000000
      7      0                       9644148                                        402000000.0000000000
      7      0                       9644154                                        403000000.0000000000
      7      0                       9644156                                        403500000.0000000000
      7      0                       9644158                                        404000000.0000000000
      7      0                       9644160                                        404500000.0000000000
      7      0                       9644162                                        405500000.0000000000
      7      0                       9644168                                        406000000.0000000000
      7      0                       9644170                                        406500000.0000000000
     14      1                       9644171                                        407000000.0000000000
      7      0                       9644174                                        407500000.0000000000
      7      0                       9644176                                        408500000.0000000000
      7      0                       9644178                                        411500000.0000000000
      7      0                       9644180                                        412500000.0000000000
      7      0                       9644184                                        414000000.0000000000
      7      0                       9644186                                        414500000.0000000000
      7      0                       9644190                                        415000000.0000000000
      7      0                       9644192                                        416000000.0000000000
      7      0                       9644200                                        416500000.0000000000
      7      0                       9644206                                        417500000.0000000000
      5      0                      10219603                                        418000000.0000000000
      8      0                      10219605                                        441000000.0000000000
     23      2                      10219606                                        442000000.0000000000
     23      2                      10219608                                        443000000.0000000000
      6      0                      10219609                                        443500000.0000000000
      8      0                      10219611                                        445000000.0000000000
      6      0                      10219613                                        446000000.0000000000
     23      2                      10219616                                        447000000.0000000000
      8      0                      10219619                                        447500000.0000000000
      6      0                      10219621                                        448500000.0000000000
      8      0                      10219623                                        451500000.0000000000
      8      0                      10219625                                        452000000.0000000000
      8      0                      10219627                                        453000000.0000000000
      8      0                      10219629                                        454500000.0000000000
     23      2                      10219634                                        455500000.0000000000
     23      2                      10219636                                        456000000.0000000000
      6      0                      10219637                                        456500000.0000000000
     23      2                      10219638                                        457500000.0000000000
      6      0                      10219639                                        458000000.0000000000
      2      0                      10821342                                        459000000.0000000000
     23      2                      10821343                                        483000000.0000000000
     23      2                      10821345                                        483500000.0000000000
      8      0                      10821346                                        484000000.0000000000
     23      2                      10821349                                        484500000.0000000000
      8      0                      10821350                                        485000000.0000000000
     23      2                      10821351                                        486000000.0000000000
      4      0                      14509987                                        486500000.0000000000
      4      0                      15169586                                        612500000.0000000000
      7      0                      15169590                                        637500000.0000000000
      7      0                      15169592                                        638000000.0000000000
      7      0                      15169594                                        638500000.0000000000
     10      1                      15423286                                        639000000.0000000000
      7      0                      15423287                                        647500000.0000000000
      7      0                      15423289                                        648000000.0000000000
      7      0                      15423291                                        649500000.0000000000
      7      0                      15423293                                        650500000.0000000000
      7      0                      15423297                                        651000000.0000000000
      7      0                      15423301                                        651500000.0000000000
      7      0                      15423303                                        652000000.0000000000
      9      1                      15531233                                        653000000.0000000000
      7      0                      15531234                                        656500000.0000000000
      7      0                      15531236                                        657500000.0000000000
      7      0                      15531240                                        658000000.0000000000
      7      0                      15531242                                        658500000.0000000000
      7      0                      15531244                                        659000000.0000000000
     16      1                      15531245                                        659500000.0000000000
      7      0                      15531248                                        660000000.0000000000
      7      0                      15531250                                        660500000.0000000000
      7      0                      15531252                                        661000000.0000000000
      7      0                      15531254                                        661500000.0000000000
      7      0                      15531256                                        663000000.0000000000
      2      0                      18058317                                        663500000.0000000000
      8      0                      18058319                                        750000000.0000000000
      6      0                      18058321                                        751000000.0000000000
      6      0                      18058323                                        751500000.0000000000
      8      0                      18058325                                        752000000.0000000000
     23      2                      18058326                                        752500000.0000000000
      8      0                      18058329                                        753000000.0000000000
      6      0                      18058331                                        758000000.0000000000
      8      0                      18058333                                        758500000.0000000000
     23      2                      18058334                                        759500000.0000000000
      3      0                      20106142                                        760000000.0000000000
      7      0                      20106146                                        830000000.0000000000
      7      0                      20106152                                        830500000.0000000000
     16      1                      20106153                                        832000000.0000000000
      7      0                      20106154                                        832500000.0000000000
     10      1                      20151408                                        833000000.0000000000
     32      3                      20151415                                        835000000.0000000000
     30      3                      20151421                                        835500000.0000000000
     32      3                      20151431                                        836000000.0000000000
     32      3                      20151441                                        836500000.0000000000
     30      3                      20151451                                        837000000.0000000000
     30      3                      20151457                                        837500000.0000000000
     30      3                      20151469                                        838000000.0000000000
     32      3                      20151473                                        838500000.0000000000
     32      3                      20151483                                        839000000.0000000000
     30      3                      20151485                                        839500000.0000000000
     30      3                      20151495                                        840000000.0000000000
     30      3                      20151497                                        840500000.0000000000
     32      3                      20151503                                        841000000.0000000000
     32      3                      20151517                                        841500000.0000000000
     32      3                      20151527                                        842000000.0000000000
     30      3                      20151531                                        842500000.0000000000
     32      3                      20151539                                        843000000.0000000000
     30      3                      20151547                                        843500000.0000000000
     30      3                      20151551                                        844000000.0000000000
     32      3                      20151561                                        844500000.0000000000
     32      3                      20151569                                        845000000.0000000000
     15      1                      20151572                                        845500000.0000000000
     32      3                      20151577                                        846000000.0000000000
     30      3                      20151587                                        846500000.0000000000
     32      3                      20151593                                        847000000.0000000000
     30      3                      20151601                                        847500000.0000000000
     30      3                      20151609                                        848000000.0000000000
     30      3                      20151619                                        848500000.0000000000
     32      3                      20151625                                        849000000.0000000000
     30      3                      20151627                                        849500000.0000000000
     32      3                      20151639                                        850000000.0000000000
     30      3                      20151645                                        850500000.0000000000
     15      1                      20151652                                        851000000.0000000000
     30      3                      20151659                                        851500000.0000000000
     30      3                      20151669                                        852500000.0000000000
     32      3                      20151675                                        853000000.0000000000
     30      3                      20151683                                        853500000.0000000000
     30      3                      20151689                                        854000000.0000000000
     30      3                      20151697                                        854500000.0000000000
     30      3                      20151705                                        855000000.0000000000
     30      3                      20151707                                        855500000.0000000000
     30      3                      20151717                                        856000000.0000000000
     30      3                      20151723                                        856500000.0000000000
     32      3                      20151725                                        857000000.0000000000
     15      1                      20151728                                        857500000.0000000000
     32      3                      20151733                                        858000000.0000000000
     30      3                      20151739                                        858500000.0000000000
     30      3                      20151745                                        859000000.0000000000
     32      3                      20151755                                        859500000.0000000000
     32      3                      20151765                                        860000000.0000000000
     30      3                      20151773                                        860500000.0000000000
     30      3                      20151775                                        861500000.0000000000
     30      3                      20151779                                        862000000.0000000000
     30      3                      20151781                                        862500000.0000000000
     30      3                      20151785                                        863000000.0000000000
     30      3                      20151789                                        863500000.0000000000
     32      3                      20151797                                        864000000.0000000000
     32      3                      20151811                                        864500000.0000000000
     30      3                      20151819                                        865000000.0000000000
     32      3                      20151827                                        865500000.0000000000
     32      3                      20151835                                        866000000.0000000000
     30      3                      20151839                                        866500000.0000000000
     32      3                      20151845                                        867500000.0000000000
     32      3                      20151847                                        868000000.0000000000
     30      3                      20151851                                        868500000.0000000000
     32      3                      20151861                                        869000000.0000000000
     32      3                      20151873                                        869500000.0000000000
     32      3                      20151883                                        870000000.0000000000
     30      3                      20151889                                        870500000.0000000000
     30      3                      20151899                                        871000000.0000000000
     32      3                      20151907                                        871500000.0000000000
     32      3                      20151911                                        872000000.0000000000
     30      3                      20151915                                        872500000.0000000000
     15      1                      20151918                                        873000000.0000000000
     32      3                      20151927                                        873500000.0000000000
     32      3                      20151931                                        874000000.0000000000
     30      3                      20151943                                        874500000.0000000000
     32      3                      20151945                                        875000000.0000000000
     32      3                      20151955                                        875500000.0000000000
     32      3                      20151963                                        876000000.0000000000
     32      3                      20151975                                        876500000.0000000000
     30      3                      20151981                                        877000000.0000000000
     30      3                      20151985                                        877500000.0000000000
     32      3                      20151991                                        878000000.0000000000
     32      3                      20151997                                        878500000.0000000000
     32      3                      20152003                                        879000000.0000000000
     32      3                      20152009                                        879500000.0000000000
     32      3                      20152013                                        880000000.0000000000
     32      3                      20152021                                        880500000.0000000000
     30      3                      20152033                                        881000000.0000000000
     32      3                      20152037                                        881500000.0000000000
     30      3                      20152043                                        882000000.0000000000
     32      3                      20152045                                        882500000.0000000000
     32      3                      20152053                                        883000000.0000000000
     32      3                      20152061                                        883500000.0000000000
     30      3                      20152065                                        884000000.0000000000
     32      3                      20152077                                        884500000.0000000000
     32      3                      20152089                                        885000000.0000000000
     30      3                      20152093                                        885500000.0000000000
     30      3                      20152103                                        886000000.0000000000
     30      3                      20152105                                        886500000.0000000000
     30      3                      20152117                                        887000000.0000000000
     30      3                      20152125                                        887500000.0000000000
     30      3                      20152135                                        888000000.0000000000
     30      3                      20152141                                        888500000.0000000000
     32      3                      20152149                                        889000000.0000000000
     15      1                      20152154                                        889500000.0000000000
     30      3                      20152157                                        890000000.0000000000
     32      3                      20152159                                        890500000.0000000000
     30      3                      20152163                                        891000000.0000000000
     32      3                      20152169                                        891500000.0000000000
     30      3                      20152173                                        892000000.0000000000
     32      3                      20152181                                        892500000.0000000000
     30      3                      20152183                                        893000000.0000000000
     32      3                      20152187                                        893500000.0000000000
     30      3                      20152191                                        894000000.0000000000
     30      3                      20152201                                        894500000.0000000000
     32      3                      20152209                                        895000000.0000000000
     32      3                      20152211                                        895500000.0000000000
     32      3                      20152213                                        896000000.0000000000
     30      3                      20152223                                        896500000.0000000000
     30      3                      20152225                                        897000000.0000000000
     30      3                      20152231                                        897500000.0000000000
     30      3                      20152245                                        898000000.0000000000
     15      1                      20152258                                        898500000.0000000000
     30      3                      20152263                                        899000000.0000000000
     32      3                      20152275                                        899500000.0000000000
     32      3                      20152285                                        900000000.0000000000
     32      3                      20152291                                        900500000.0000000000
     15      1                      20152302                                        901000000.0000000000
     30      3                      20152305                                        901500000.0000000000
     30      3                      20152309                                        902000000.0000000000
     15      1                      20152316                                        902500000.0000000000
     30      3                      20152319                                        903000000.0000000000
     15      1                      20152324                                        903500000.0000000000
     30      3                      20152331                                        904000000.0000000000
     30      3                      20152337                                        904500000.0000000000
     32      3                      20152341                                        905000000.0000000000
     32      3                      20152345                                        905500000.0000000000
     13      1                      20274071                                        906000000.0000000000
      7      0                      20274072                                        910500000.0000000000
     14      1                      20274081                                        911000000.0000000000
     14      1                      20274087                                        911500000.0000000000
      7      0                      20274088                                        912000000.0000000000
      7      0                      20274090                                        912500000.0000000000
      7      0                      20274092                                        913000000.0000000000
      7      0                      20274098                                        913500000.0000000000
      7      0                      20274104                                        914000000.0000000000
      7      0                      20274106                                        915000000.0000000000
      7      0                      20274108                                        915500000.0000000000
      7      0                      20274114                                        916000000.0000000000
      7      0                      20274116                                        917000000.0000000000
      7      0                      20274118                                        917500000.0000000000
      7      0                      20274120                                        918000000.0000000000
      7      0                      20274122                                        918500000.0000000000
      7      0                      20274126                                        919500000.0000000000
      7      0                      20274128                                        921000000.0000000000
      7      0                      20274130                                        921500000.0000000000
      7      0                      20274132                                        922500000.0000000000
      7      0                      20274134                                        925000000.0000000000
      7      0                      20274136                                        925500000.0000000000
      7      0                      20274140                                        926500000.0000000000
      7      0                      20274142                                        927000000.0000000000
      7      0                      20274144                                        927500000.0000000000
      7      0                      20274146                                        928000000.0000000000
      7      0                      20274150                                        928500000.0000000000
     14      1                      20274151                                        929000000.0000000000
      7      0                      20274154                                        929500000.0000000000
      7      0                      20274158                                        930000000.0000000000
      7      0                      20274162                                        931000000.0000000000
      7      0                      20274166                                        931500000.0000000000
      7      0                      20274170                                        932000000.0000000000
      7      0                      20274174                                        933000000.0000000000
      7      0                      20274176                                        933500000.0000000000
      7      0                      20274178                                        934500000.0000000000
      7      0                      20274180                                        936000000.0000000000
      3      0                      21101426                                        937500000.0000000000
     23      2                      21101427                                        965500000.0000000000
      8      0                      21101428                                        966000000.0000000000
      1      0                      23093709                                        967000000.0000000000
     16      1                      23093709                                       1034571670.4172670103
