      7      0                             0                                                0.0000000000
      7      0                             3                                           500000.0000000000
      7      0                             7                                          1500000.0000000000
      7      0                            13                                          2000000.0000000000
      7      0                            15                                          2500000.0000000000
      7      0                            17                                          3000000.0000000000
      7      0                            23                                          4000000.0000000000
      7      0                            25                                          4500000.0000000000
      7      0                            27                                          5000000.0000000000
      7      0                            29                                          5500000.0000000000
      7      0                            31                                          6500000.0000000000
      7      0                            33                                          7000000.0000000000
      7      0                            35                                          7500000.0000000000
      7      0                            37                                          8500000.0000000000
      7      0                            39                                         10000000.0000000000
      5      0                       2317601                                         10500000.0000000000
     23      2                       2317602                                         89500000.0000000000
      8      0                       2317605                                         90000000.0000000000
      6      0                       2317607                                         90500000.0000000000
     23      2                       2317608                                         91000000.0000000000
      6      0                       2317611                                         91500000.0000000000
      6      0                       2317617                                         92500000.0000000000
      6      0                       2317619                                         94000000.0000000000
      6      0                       2317621                                         94500000.0000000000
      8      0                       2317623                                         96500000.0000000000
     23      2                       2317624                                         97500000.0000000000
      6      0                       2317625                                         98000000.0000000000
     23      2                       2317628                                         99500000.0000000000
     23      2                       2317630                                        100000000.0000000000
      8      0                       2317631                                        100500000.0000000000
      5      0                       6739383                                        101000000.0000000000
      6      0                       6739385                                        252000000.0000000000
     23      2                       6739386                                        252500000.0000000000
      8      0                       6739389                                        253000000.0000000000
      8      0                       6739391                                        254000000.0000000000
      1      0                       7890951                                        254500000.0000000000
      4      0                       8394956                                        299500000.0000000000
     16      1                       8394957                                        317500000.0000000000
      7      0                       8394960                                        318000000.0000000000
      7      0                       8394964                                        319000000.0000000000
      7      0                       8394966                                        319500000.0000000000
      7      0                       8394970                                        320500000.0000000000
      7      0                       8394974                                        321500000.0000000000
      7      0                       8394976                                        322500000.0000000000
      7      0                       8394980                                        323000000.0000000000
      7      0                       8394982                                        324000000.0000000000
      7      0                       8394986                                        324500000.0000000000
      7      0                       8394988                                        325000000.0000000000
      7      0                       8394990                                        326500000.0000000000
      7      0                       8394992                                        327000000.0000000000
      7      0                       8394994                                        327500000.0000000000
      7      0                       8394996                                        328500000.0000000000
      7      0                       8394998                                        329500000.0000000000
      7      0                       8395002                                        330000000.0000000000
      7      0                       8395004                                        330500000.0000000000
      7      0                       8395006                                        331500000.0000000000
      7      0                       8395008                                        332000000.0000000000
      7      0                       8395012                                        332500000.0000000000
      7      0                       8395014                                        333000000.0000000000
      7      0                       8395016                                        333500000.0000000000
      7      0                       8395018                                        334000000.0000000000
     14      1                       8395023                                        335000000.0000000000
     14      1                       8395025                                        335500000.0000000000
      7      0                       8395026                                        336000000.0000000000
     14      1                       8395029                                        336500000.0000000000
      7      0                       8395032                                        337000000.0000000000
      7      0                       8395034                                        337500000.0000000000
      4      0                      11264082                                        339500000.0000000000
     23      2                      11264083                                        437000000.0000000000
      6      0                      11264086                                        437500000.0000000000
     23      2                      11264087                                        439000000.0000000000
      6      0                      11264088                                        439500000.0000000000
     23      2                      11264089                                        441000000.0000000000
      8      0                      11264090                                        441500000.0000000000
      6      0                      11264092                                        442500000.0000000000
      8      0                      11264094                                        443000000.0000000000
      8      0                      11264096                                        447000000.0000000000
      8      0                      11264098                                        450000000.0000000000
      6      0                      11264100                                        451000000.0000000000
     23      2                      11264101                                        451500000.0000000000
      8      0                      11264102                                        452000000.0000000000
      8      0                      11264104                                        452500000.0000000000
      6      0                      11264106                                        454000000.0000000000
     23      2                      11264107                                        458500000.0000000000
      8      0                      11264108                                        459000000.0000000000
      8      0                      11264112                                        462000000.0000000000
      6      0                      11264114                                        463500000.0000000000
     23      2                      11264115                                        465000000.0000000000
      1      0                      13047182                                        465500000.0000000000
      7      0                      13047184                                        525500000.0000000000
      7      0                      13047188                                        526000000.0000000000
      7      0                      13047192                                        526500000.0000000000
      7      0                      13047194                                        527000000.0000000000
      7      0                      13047196                                        527500000.0000000000
     10      1                      13871049                                        528000000.0000000000
      7      0                      13871050                                        556000000.0000000000
      7      0                      13871054                                        557000000.0000000000
      7      0                      13871056                                        557500000.0000000000
      7      0                      13871058                                        558000000.0000000000
      7      0                      13871060                                        558500000.0000000000
      7      0                      13871062                                        559500000.0000000000
      7      0                      13871064                                        561000000.0000000000
      7      0                      13871066                                        561500000.0000000000
      7      0                      13871068                                        562500000.0000000000
      7      0                      13871072                                        563000000.0000000000
      7      0                      13871074                                        563500000.0000000000
      7      0                      13871078                                        564000000.0000000000
      7      0                      13871080                                        564500000.0000000000
      7      0                      13871082                                        565000000.0000000000
      7      0                      13871084                                        566000000.0000000000
      7      0                      13871090                                        566500000.0000000000
      7      0                      13871092                                        567000000.0000000000
      7      0                      13871096                                        568000000.0000000000
     14      1                      13871099                                        568500000.0000000000
      7      0                      13871106                                        569000000.0000000000
      1      0                      15940991                                        570000000.0000000000
     14      1                      15940992                                        641000000.0000000000
      7      0                      15940993                                        641500000.0000000000
      7      0                      15940995                                        642000000.0000000000
      7      0                      15940997                                        642500000.0000000000
      7      0                      15940999                                        643000000.0000000000
      7      0                      15941001                                        644000000.0000000000
      7      0                      15941003                                        644500000.0000000000
      7      0                      15941007                                        645500000.0000000000
      1      0                      16214604                                        647000000.0000000000
      6      0                      16214606                                        657000000.0000000000
      6      0                      16214610                                        658500000.0000000000
      2      0                      16909459                                        659500000.0000000000
     23      2                      16909460                                        685500000.0000000000
     23      2                      16909462                                        686000000.0000000000
      8      0                      16909463                                        686500000.0000000000
      1      0                      17032414                                        687500000.0000000000
      6      0                      17032416                                        694000000.0000000000
      8      0                      17032418                                        697000000.0000000000
      4      0                      19877299                                        697500000.0000000000
      6      0                      19877303                                        794000000.0000000000
      6      0                      19877305                                        796000000.0000000000
     23      2                      19877308                                        797000000.0000000000
      8      0                      19877309                                        797500000.0000000000
      8      0                      19877311                                        798000000.0000000000
      6      0                      19877313                                        799000000.0000000000
      8      0                      19877315                                        800000000.0000000000
      8      0                      19877317                                        801500000.0000000000
      6      0                      19877319                                        803000000.0000000000
      6      0                      19877321                                        805000000.0000000000
      6      0                      19877323                                        806000000.0000000000
      6      0                      19877325                                        807500000.0000000000
      8      0                      19877327                                        808000000.0000000000
      8      0                      19877331                                        809500000.0000000000
      8      0                      19877333                                        811000000.0000000000
      6      0                      19877335                                        812000000.0000000000
      6      0                      19877337                                        814000000.0000000000
      6      0                      19877339                                        815500000.0000000000
     23      2                      19877340                                        816000000.0000000000
      8      0                      19877341                                        816500000.0000000000
      6      0                      19877343                                        817500000.0000000000
     23      2                      19877344                                        818000000.0000000000
      8      0                      19877347                                        818500000.0000000000
      6      0                      19877349                                        820000000.0000000000
      8      0                      19877351                                        822000000.0000000000
     23      2                      19877352                                        822500000.0000000000
      4      0                      20135538                                        823000000.0000000000
     23      2                      20135539                                        833000000.0000000000
      8      0                      20135540                                        833500000.0000000000
      8      0                      20135542                                        834500000.0000000000
      3      0                      20775189                                        835500000.0000000000
      7      0                      20775191                                        857000000.0000000000
      7      0                      20775195                                        858500000.0000000000
      7      0                      20775197                                        859000000.0000000000
      7      0                      20775199                                        859500000.0000000000
      7      0                      20775201                                        860000000.0000000000
      7      0                      20775203                                        861500000.0000000000
      7      0                      20775205                                        862000000.0000000000
      7      0                      20775211                                        862500000.0000000000
      7      0                      20775217                                        863500000.0000000000
     14      1                      20775220                                        864000000.0000000000
      7      0                      20775221                                        864500000.0000000000
      7      0                      20775223                                        865000000.0000000000
      7      0                      20775225                                        865500000.0000000000
      7      0                      20775227                                        866500000.0000000000
      2      0                      22322566                                        867000000.0000000000
      8      0                      22322568                                        920000000.0000000000
      8      0                      22322570                                        921000000.0000000000
      8      0                      22322572                                        923000000.0000000000
      8      0                      22322574                                        923500000.0000000000
      2      0                      24945155                                        924000000.0000000000
     23      2                      24945155                                       1013694570.2773478436
