     19      2                             0                                                0.0000000000
     19      2                        594226                                           500000.0000000000
     31      3                        594233                                        710000000.0000000000
     22      2                        594234                                        710500000.0000000000
     24      2                        594236                                        711000000.0000000000
     22      2                        594238                                        711500000.0000000000
     22      2                        594242                                        712000000.0000000000
     31      3                        594249                                        712500000.0000000000
     22      2                        594252                                        713000000.0000000000
     31      3                        594255                                        713500000.0000000000
     22      2                        594258                                        714000000.0000000000
     24      2                        594264                                        714500000.0000000000
     22      2                        594266                                        715000000.0000000000
     24      2                        594268                                        715500000.0000000000
     22      2                        594270                                        716000000.0000000000
     31      3                        594277                                        716500000.0000000000
     24      2                        594278                                        717000000.0000000000
     22      2                        594282                                        717500000.0000000000
     24      2                        594286                                        718000000.0000000000
     22      2                        594288                                        718500000.0000000000
     22      2                        594294                                        719000000.0000000000
     22      2                        594296                                        719500000.0000000000
     22      2                        594298                                        720000000.0000000000
     24      2                        594302                                        720500000.0000000000
     24      2                        594306                                        721500000.0000000000
     24      2                        594308                                        722000000.0000000000
     24      2                        594310                                        722500000.0000000000
     22      2                        594314                                        723000000.0000000000
     31      3                        594317                                        723500000.0000000000
     22      2                        594324                                        724000000.0000000000
     31      3                        594329                                        725000000.0000000000
     22      2                        594332                                        725500000.0000000000
     22      2                        594334                                        726500000.0000000000
     24      2                        594340                                        727000000.0000000000
     22      2                        594342                                        727500000.0000000000
     24      2                        594346                                        728000000.0000000000
     31      3                        594347                                        728500000.0000000000
     24      2                        594352                                        729000000.0000000000
     31      3                        594357                                        729500000.0000000000
     24      2                        594360                                        730000000.0000000000
     22      2                        594362                                        730500000.0000000000
     22      2                        594366                                        731000000.0000000000
     24      2                        594368                                        731500000.0000000000
     22      2                        594370                                        732500000.0000000000
     24      2                        594372                                        733000000.0000000000
     22      2                        594378                                        733500000.0000000000
     31      3                        594381                                        734000000.0000000000
     22      2                        594384                                        734500000.0000000000
     24      2                        594386                                        735000000.0000000000
     22      2                        594392                                        735500000.0000000000
     24      2                        594396                                        736000000.0000000000
     22      2                        594400                                        736500000.0000000000
     22      2                        594402                                        737000000.0000000000
     24      2                        594404                                        738000000.0000000000
     22      2                        594408                                        738500000.0000000000
     24      2                        594410                                        739000000.0000000000
     24      2                        594412                                        739500000.0000000000
     22      2                        594414                                        740500000.0000000000
     24      2                        594416                                        741000000.0000000000
     22      2                        594418                                        741500000.0000000000
     24      2                        594420                                        742000000.0000000000
     24      2                        594424                                        742500000.0000000000
     24      2                        594426                                        743000000.0000000000
     22      2                        594432                                        743500000.0000000000
     24      2                        594436                                        745500000.0000000000
     24      2                        594440                                        746500000.0000000000
     24      2                        594444                                        747000000.0000000000
     31      3                        594447                                        747500000.0000000000
     24      2                        594448                                        748000000.0000000000
     24      2                        594450                                        748500000.0000000000
     22      2                        594452                                        749000000.0000000000
     22      2                        594454                                        749500000.0000000000
     24      2                        594456                                        750500000.0000000000
     24      2                        594458                                        751000000.0000000000
     31      3                        594463                                        751500000.0000000000
     24      2                        594468                                        752000000.0000000000
     24      2                        594470                                        753000000.0000000000
      7      0                        594476                                        754000000.0000000000
      7      0                        594480                                        754500000.0000000000
     14      1                        594487                                        755000000.0000000000
      7      0                        594488                                        755500000.0000000000
     16      1                        594491                                        756000000.0000000000
      7      0                        594494                                        756500000.0000000000
      7      0                        594498                                        758000000.0000000000
     11      1                       1106374                                        758500000.0000000000
     30      3                       1106377                                        775500000.0000000000
     30      3                       1106387                                        776000000.0000000000
     32      3                       1106391                                        776500000.0000000000
     30      3                       1106397                                        777000000.0000000000
     32      3                       1106403                                        777500000.0000000000
     30      3                       1106409                                        778000000.0000000000
     32      3                       1106415                                        778500000.0000000000
     30      3                       1106419                                        779000000.0000000000
     15      1                       1106424                                        779500000.0000000000
     30      3                       1106429                                        780000000.0000000000
     32      3                       1106439                                        780500000.0000000000
     32      3                       1106455                                        781000000.0000000000
     30      3                       1106465                                        781500000.0000000000
     30      3                       1106473                                        782000000.0000000000
     32      3                       1106475                                        782500000.0000000000
     32      3                       1106485                                        783000000.0000000000
     30      3                       1106487                                        783500000.0000000000
     30      3                       1106491                                        784000000.0000000000
     30      3                       1106499                                        784500000.0000000000
     32      3                       1106503                                        785000000.0000000000
     32      3                       1106509                                        785500000.0000000000
     30      3                       1106517                                        786000000.0000000000
     13      1                       1633327                                        786500000.0000000000
      7      0                       1633328                                        804500000.0000000000
      7      0                       1633332                                        805000000.0000000000
      7      0                       1633336                                        805500000.0000000000
      7      0                       1633342                                        806500000.0000000000
      7      0                       1633344                                        807500000.0000000000
      7      0                       1633346                                        808500000.0000000000
      7      0                       1633350                                        809000000.0000000000
      7      0                       1633352                                        811500000.0000000000
      7      0                       1633356                                        812000000.0000000000
      7      0                       1633358                                        812500000.0000000000
      7      0                       1633360                                        813000000.0000000000
      7      0                       1633362                                        813500000.0000000000
      7      0                       1633364                                        814000000.0000000000
      7      0                       1633366                                        814500000.0000000000
      7      0                       1633370                                        816000000.0000000000
      7      0                       1633372                                        817000000.0000000000
      7      0                       1633374                                        819000000.0000000000
      7      0                       1633378                                        820000000.0000000000
     11      1                       1924557                                        821000000.0000000000
      9      1                       2089124                                        831000000.0000000000
     32      3                       2089125                                        836500000.0000000000
     30      3                       2089129                                        837000000.0000000000
     30      3                       2089133                                        837500000.0000000000
     30      3                       2089135                                        838000000.0000000000
     32      3                       2089141                                        838500000.0000000000
     30      3                       2089147                                        839000000.0000000000
     15      1                       2089152                                        839500000.0000000000
     30      3                       2089161                                        840000000.0000000000
     32      3                       2089165                                        840500000.0000000000
     30      3                       2089169                                        841000000.0000000000
     30      3                       2089181                                        841500000.0000000000
     30      3                       2089185                                        842000000.0000000000
     32      3                       2089187                                        842500000.0000000000
     30      3                       2089191                                        843000000.0000000000
     30      3                       2089195                                        843500000.0000000000
     15      1                       2089202                                        844000000.0000000000
     32      3                       2089207                                        844500000.0000000000
     30      3                       2089211                                        845000000.0000000000
     30      3                       2089219                                        845500000.0000000000
     30      3                       2089229                                        846000000.0000000000
     32      3                       2089235                                        846500000.0000000000
     32      3                       2089241                                        847000000.0000000000
     32      3                       2089247                                        847500000.0000000000
     32      3                       2089261                                        848000000.0000000000
     30      3                       2089265                                        848500000.0000000000
     32      3                       2089271                                        849000000.0000000000
     32      3                       2089279                                        849500000.0000000000
     30      3                       2089285                                        850000000.0000000000
     30      3                       2089287                                        850500000.0000000000
     30      3                       2089291                                        851000000.0000000000
     30      3                       2089297                                        851500000.0000000000
     15      1                       2089302                                        852000000.0000000000
     15      1                       2089308                                        852500000.0000000000
     15      1                       2089312                                        853000000.0000000000
     30      3                       2089315                                        853500000.0000000000
     15      1                       2089324                                        854000000.0000000000
     15      1                       2089330                                        854500000.0000000000
     32      3                       2089337                                        855000000.0000000000
     32      3                       2089343                                        855500000.0000000000
     32      3                       2089347                                        856000000.0000000000
     30      3                       2089349                                        856500000.0000000000
     30      3                       2089359                                        857000000.0000000000
     32      3                       2089369                                        857500000.0000000000
     13      1                       2479688                                        858000000.0000000000
     32      3                       2479693                                        871500000.0000000000
     32      3                       2479699                                        872000000.0000000000
     15      1                       2479704                                        872500000.0000000000
     32      3                       2479713                                        873000000.0000000000
     32      3                       2479721                                        873500000.0000000000
     30      3                       2479731                                        874000000.0000000000
     32      3                       2479745                                        874500000.0000000000
     30      3                       2479751                                        875000000.0000000000
     32      3                       2479759                                        875500000.0000000000
     30      3                       2479761                                        876000000.0000000000
     30      3                       2479767                                        876500000.0000000000
     32      3                       2479769                                        877000000.0000000000
     32      3                       2479775                                        877500000.0000000000
     30      3                       2479779                                        878000000.0000000000
     32      3                       2479785                                        878500000.0000000000
     32      3                       2479791                                        879000000.0000000000
     32      3                       2479803                                        879500000.0000000000
     30      3                       2479809                                        880000000.0000000000
     30      3                       2479817                                        880500000.0000000000
     30      3                       2479823                                        881500000.0000000000
     32      3                       2479837                                        882500000.0000000000
     15      1                       2479850                                        883000000.0000000000
     28      3                       3038081                                        883500000.0000000000
     15      1                       3038081                                       1410995699.4751415818
