      2      0                             0                                                0.0000000000
      2      0                       1236838                                           500000.0000000000
      5      0                       2699156                                         43500000.0000000000
      7      0                       2699158                                         93500000.0000000000
      7      0                       2699160                                         94000000.0000000000
      7      0                       2699166                                         95000000.0000000000
      7      0                       2699172                                         98000000.0000000000
      7      0                       2699174                                         99500000.0000000000
      7      0                       2699176                                        100000000.0000000000
      5      0                       8258224                                        100500000.0000000000
      8      0                       8258226                                        290500000.0000000000
      8      0                       8258228                                        291000000.0000000000
      6      0                       8258230                                        291500000.0000000000
      8      0                       8258232                                        292500000.0000000000
      2      0                       9286158                                        293000000.0000000000
     23      2                       9286159                                        328000000.0000000000
      6      0                       9286160                                        328500000.0000000000
     23      2                       9286163                                        329000000.0000000000
      8      0                       9286166                                        329500000.0000000000
     23      2                       9286167                                        330500000.0000000000
      1      0                      11073666                                        331000000.0000000000
      8      0                      11073668                                        392000000.0000000000
      6      0                      11073672                                        393500000.0000000000
     23      2                      11073675                                        394000000.0000000000
      8      0                      11073678                                        394500000.0000000000
     23      2                      11073683                                        395000000.0000000000
      8      0                      11073684                                        395500000.0000000000
      6      0                      11073686                                        397000000.0000000000
     23      2                      11073689                                        398500000.0000000000
      6      0                      11073690                                        399000000.0000000000
      8      0                      11073694                                        402500000.0000000000
     23      2                      11073695                                        403500000.0000000000
      6      0                      11073696                                        404000000.0000000000
      8      0                      11073698                                        404500000.0000000000
      6      0                      11073700                                        406500000.0000000000
      8      0                      11073702                                        408000000.0000000000
     23      2                      11073703                                        409000000.0000000000
      8      0                      11073704                                        409500000.0000000000
      8      0                      11073706                                        410500000.0000000000
      6      0                      11073708                                        412000000.0000000000
      8      0                      11073710                                        413500000.0000000000
      6      0                      11073712                                        414500000.0000000000
      8      0                      11073714                                        415000000.0000000000
      8      0                      11073716                                        415500000.0000000000
      8      0                      11073718                                        418500000.0000000000
      6      0                      11073720                                        420500000.0000000000
      8      0                      11073724                                        422000000.0000000000
      8      0                      11073728                                        422500000.0000000000
     23      2                      11073729                                        423000000.0000000000
      8      0                      11073732                                        423500000.0000000000
     23      2                      11073733                                        425500000.0000000000
      6      0                      11073734                                        426000000.0000000000
      6      0                      11073736                                        426500000.0000000000
      8      0                      11073738                                        427500000.0000000000
      6      0                      11073740                                        428000000.0000000000
      6      0                      11073742                                        429500000.0000000000
      6      0                      11073744                                        430000000.0000000000
      6      0                      11073746                                        431000000.0000000000
     23      2                      11073749                                        431500000.0000000000
      8      0                      11073752                                        432000000.0000000000
      8      0                      11073754                                        435000000.0000000000
     23      2                      11073755                                        436000000.0000000000
      8      0                      11073756                                        436500000.0000000000
      8      0                      11073758                                        437000000.0000000000
      6      0                      11073760                                        438000000.0000000000
      8      0                      11073762                                        439000000.0000000000
      6      0                      11073766                                        439500000.0000000000
      8      0                      11073768                                        440500000.0000000000
      8      0                      11073770                                        441000000.0000000000
      6      0                      11073772                                        442000000.0000000000
      6      0                      11073774                                        443000000.0000000000
      8      0                      11073776                                        443500000.0000000000
     23      2                      11073777                                        445500000.0000000000
      6      0                      11073780                                        446000000.0000000000
     23      2                      11073781                                        446500000.0000000000
      6      0                      11073782                                        447000000.0000000000
      8      0                      11073784                                        449500000.0000000000
      8      0                      11073786                                        451500000.0000000000
      6      0                      11073788                                        452000000.0000000000
      6      0                      11073792                                        452500000.0000000000
     23      2                      11073793                                        453000000.0000000000
      6      0                      11073794                                        453500000.0000000000
      6      0                      11073796                                        456500000.0000000000
      8      0                      11073798                                        457000000.0000000000
      8      0                      11073800                                        457500000.0000000000
     23      2                      11073801                                        460000000.0000000000
      8      0                      11073802                                        460500000.0000000000
      6      0                      11073804                                        461000000.0000000000
      8      0                      11073808                                        463000000.0000000000
      6      0                      11073810                                        464000000.0000000000
     23      2                      11073811                                        465500000.0000000000
      8      0                      11073812                                        466000000.0000000000
      8      0                      11073814                                        466500000.0000000000
     23      2                      11073817                                        467000000.0000000000
      1      0                      11694643                                        467500000.0000000000
      7      0                      11694649                                        489000000.0000000000
      7      0                      11694651                                        490500000.0000000000
     14      1                      11694654                                        491500000.0000000000
      7      0                      11694655                                        492000000.0000000000
      7      0                      11694659                                        494000000.0000000000
      7      0                      11694661                                        495500000.0000000000
      7      0                      11694663                                        497000000.0000000000
      7      0                      11694665                                        497500000.0000000000
      7      0                      11694667                                        498000000.0000000000
      7      0                      11694671                                        498500000.0000000000
      7      0                      11694679                                        499000000.0000000000
      7      0                      11694681                                        500000000.0000000000
      7      0                      11694685                                        500500000.0000000000
      7      0                      11694687                                        501500000.0000000000
      1      0                      16406279                                        502500000.0000000000
      6      0                      16406281                                        662000000.0000000000
     23      2                      16406282                                        664000000.0000000000
      8      0                      16406283                                        664500000.0000000000
      6      0                      16406285                                        665500000.0000000000
      8      0                      16406287                                        666000000.0000000000
      8      0                      16406295                                        668000000.0000000000
      2      0                      18038493                                        669000000.0000000000
      8      0                      18038495                                        724500000.0000000000
      6      0                      18038497                                        725000000.0000000000
      6      0                      18038499                                        726000000.0000000000
      8      0                      18038501                                        728000000.0000000000
      8      0                      18038503                                        730500000.0000000000
      8      0                      18038505                                        731500000.0000000000
      8      0                      18038507                                        732000000.0000000000
      6      0                      18038509                                        733000000.0000000000
     23      2                      18038510                                        737500000.0000000000
      8      0                      18038513                                        738000000.0000000000
      8      0                      18038515                                        739500000.0000000000
      6      0                      18038519                                        741000000.0000000000
      8      0                      18038523                                        741500000.0000000000
      8      0                      18038525                                        742000000.0000000000
     23      2                      18038528                                        742500000.0000000000
      6      0                      18038531                                        743000000.0000000000
     23      2                      18038532                                        745000000.0000000000
     23      2                      18038534                                        745500000.0000000000
      6      0                      18038535                                        746000000.0000000000
     23      2                      18038536                                        746500000.0000000000
     23      2                      18038538                                        747000000.0000000000
     23      2                      18038542                                        747500000.0000000000
      8      0                      18038547                                        748000000.0000000000
     23      2                      18038548                                        748500000.0000000000
      8      0                      18038549                                        749500000.0000000000
      8      0                      18038551                                        750000000.0000000000
     23      2                      18038552                                        750500000.0000000000
      6      0                      18038553                                        751000000.0000000000
      6      0                      18038555                                        751500000.0000000000
     23      2                      18038556                                        752500000.0000000000
     23      2                      18038558                                        753000000.0000000000
      8      0                      18038559                                        753500000.0000000000
      8      0                      18038561                                        755000000.0000000000
     23      2                      18038562                                        756500000.0000000000
      8      0                      18038563                                        757000000.0000000000
      6      0                      18038565                                        758000000.0000000000
      8      0                      18038567                                        760000000.0000000000
      8      0                      18038569                                        760500000.0000000000
      8      0                      18038571                                        763000000.0000000000
     23      2                      18038572                                        763500000.0000000000
      2      0                      19871777                                        764000000.0000000000
      2      0                      22515752                                        827500000.0000000000
      8      0                      22515754                                        923000000.0000000000
      6      0                      22515756                                        924500000.0000000000
      6      0                      22515758                                        925000000.0000000000
     23      2                      22515759                                        926000000.0000000000
      1      0                      28138133                                        926500000.0000000000
     23      2                      28138133                                       1116590377.6895156195
