     18      2                             0                                                0.0000000000
     18      2                        602764                                           500000.0000000000
     24      2                        602766                                        720000000.0000000000
     24      2                        602768                                        720500000.0000000000
     22      2                        602772                                        721000000.0000000000
     22      2                        602776                                        721500000.0000000000
     22      2                        602778                                        722000000.0000000000
     22      2                        602782                                        722500000.0000000000
     24      2                        602786                                        723000000.0000000000
     31      3                        602789                                        723500000.0000000000
     22      2                        602794                                        724000000.0000000000
     22      2                        602796                                        724500000.0000000000
     24      2                        602802                                        725000000.0000000000
     31      3                        602809                                        725500000.0000000000
     31      3                        602811                                        726000000.0000000000
     31      3                        602819                                        726500000.0000000000
     22      2                        602822                                        727000000.0000000000
     31      3                        602825                                        727500000.0000000000
     22      2                        602830                                        728000000.0000000000
     24      2                        602832                                        728500000.0000000000
     22      2                        602834                                        729000000.0000000000
     24      2                        602836                                        729500000.0000000000
     22      2                        602840                                        730000000.0000000000
     31      3                        602843                                        730500000.0000000000
     24      2                        602850                                        731000000.0000000000
     24      2                        602852                                        731500000.0000000000
     22      2                        602856                                        732000000.0000000000
     22      2                        602858                                        733000000.0000000000
     22      2                        602862                                        733500000.0000000000
     24      2                        602864                                        734000000.0000000000
     22      2                        602866                                        734500000.0000000000
     31      3                        602871                                        735500000.0000000000
     31      3                        602877                                        736000000.0000000000
     24      2                        602880                                        736500000.0000000000
     22      2                        602884                                        737000000.0000000000
     24      2                        602888                                        737500000.0000000000
     22      2                        602892                                        738000000.0000000000
     24      2                        602896                                        738500000.0000000000
     24      2                        602900                                        739000000.0000000000
     31      3                        602903                                        739500000.0000000000
     31      3                        602907                                        740000000.0000000000
     24      2                        602912                                        740500000.0000000000
     24      2                        602920                                        741000000.0000000000
     31      3                        602927                                        742000000.0000000000
     24      2                        602930                                        742500000.0000000000
     24      2                        602936                                        743000000.0000000000
     24      2                        602940                                        744000000.0000000000
     24      2                        602944                                        744500000.0000000000
     31      3                        602945                                        745000000.0000000000
     24      2                        602946                                        745500000.0000000000
     31      3                        602947                                        746000000.0000000000
     24      2                        602948                                        746500000.0000000000
     22      2                        602956                                        747000000.0000000000
     22      2                        602960                                        747500000.0000000000
     24      2                        602962                                        748000000.0000000000
     22      2                        602964                                        748500000.0000000000
     24      2                        602966                                        749000000.0000000000
     22      2                        602970                                        749500000.0000000000
     31      3                        602973                                        750000000.0000000000
     31      3                        602977                                        750500000.0000000000
     24      2                        602978                                        751000000.0000000000
     22      2                        602982                                        751500000.0000000000
     22      2                        602988                                        752000000.0000000000
     24      2                        602990                                        752500000.0000000000
     24      2                        602992                                        753000000.0000000000
     31      3                        602993                                        753500000.0000000000
     22      2                        602996                                        754000000.0000000000
     24      2                        603000                                        754500000.0000000000
     22      2                        603002                                        755000000.0000000000
     24      2                        603008                                        755500000.0000000000
     24      2                        603012                                        756000000.0000000000
     24      2                        603014                                        756500000.0000000000
     22      2                        603020                                        757000000.0000000000
     22      2                        603022                                        758000000.0000000000
     31      3                        603023                                        758500000.0000000000
     22      2                        603026                                        759000000.0000000000
     22      2                        603028                                        759500000.0000000000
     22      2                        603032                                        760500000.0000000000
     24      2                        603036                                        761000000.0000000000
     24      2                        603038                                        761500000.0000000000
     24      2                        603040                                        762000000.0000000000
     22      2                        603046                                        762500000.0000000000
     31      3                        603047                                        763000000.0000000000
     22      2                        603052                                        763500000.0000000000
     31      3                        603053                                        764000000.0000000000
     31      3                        603059                                        764500000.0000000000
     31      3                        603063                                        765000000.0000000000
     22      2                        603064                                        765500000.0000000000
     24      2                        603068                                        766500000.0000000000
     24      2                        603072                                        767000000.0000000000
     22      2                        603076                                        768000000.0000000000
     22      2                        603084                                        768500000.0000000000
     22      2                        603086                                        769000000.0000000000
     22      2                        603090                                        769500000.0000000000
     22      2                        603094                                        770500000.0000000000
     22      2                        603096                                        771000000.0000000000
     24      2                        603098                                        771500000.0000000000
     24      2                        603100                                        772000000.0000000000
     24      2                        603102                                        772500000.0000000000
     31      3                        603105                                        773000000.0000000000
     24      2                        603108                                        773500000.0000000000
     31      3                        603115                                        774000000.0000000000
     22      2                        603116                                        774500000.0000000000
     22      2                        603118                                        775000000.0000000000
     22      2                        603124                                        775500000.0000000000
     24      2                        603128                                        776000000.0000000000
     22      2                        603130                                        776500000.0000000000
     31      3                        603133                                        777000000.0000000000
     31      3                        603135                                        777500000.0000000000
     24      2                        603138                                        778000000.0000000000
     24      2                        603140                                        778500000.0000000000
     22      2                        603142                                        779000000.0000000000
     31      3                        603145                                        779500000.0000000000
     31      3                        603149                                        780000000.0000000000
     31      3                        603153                                        780500000.0000000000
     22      2                        603156                                        781000000.0000000000
     31      3                        603161                                        781500000.0000000000
     24      2                        603164                                        782000000.0000000000
     22      2                        603166                                        782500000.0000000000
     24      2                        603168                                        783000000.0000000000
     22      2                        603170                                        783500000.0000000000
     31      3                        603173                                        784000000.0000000000
     22      2                        603178                                        784500000.0000000000
     24      2                        603182                                        785000000.0000000000
     22      2                        603184                                        785500000.0000000000
     24      2                        603186                                        786000000.0000000000
     24      2                        603188                                        787000000.0000000000
     22      2                        603190                                        787500000.0000000000
     22      2                        603192                                        788000000.0000000000
     24      2                        603194                                        788500000.0000000000
     22      2                        603196                                        789000000.0000000000
     22      2                        603200                                        789500000.0000000000
     22      2                        603202                                        790000000.0000000000
     24      2                        603204                                        790500000.0000000000
     22      2                        603206                                        791000000.0000000000
     22      2                        603208                                        791500000.0000000000
     22      2                        603210                                        792000000.0000000000
     24      2                        603214                                        792500000.0000000000
     22      2                        603216                                        793500000.0000000000
     24      2                        603220                                        794000000.0000000000
     24      2                        603222                                        794500000.0000000000
     31      3                        603225                                        795000000.0000000000
     22      2                        603230                                        795500000.0000000000
     22      2                        603236                                        796000000.0000000000
     24      2                        603238                                        796500000.0000000000
     24      2                        603242                                        797000000.0000000000
     22      2                        603244                                        797500000.0000000000
     31      3                        603247                                        798000000.0000000000
     24      2                        603250                                        798500000.0000000000
     22      2                        603252                                        799000000.0000000000
     31      3                        603255                                        800000000.0000000000
     22      2                        603258                                        800500000.0000000000
     24      2                        603262                                        801000000.0000000000
     24      2                        603266                                        801500000.0000000000
     24      2                        603268                                        802000000.0000000000
     31      3                        603269                                        803000000.0000000000
     22      2                        603270                                        803500000.0000000000
     24      2                        603276                                        804000000.0000000000
     31      3                        603279                                        804500000.0000000000
     22      2                        603284                                        805000000.0000000000
     24      2                        603286                                        806500000.0000000000
     24      2                        603288                                        807000000.0000000000
     24      2                        603292                                        807500000.0000000000
     22      2                        603298                                        808000000.0000000000
     22      2                        603302                                        808500000.0000000000
     24      2                        603304                                        809000000.0000000000
     22      2                        603308                                        809500000.0000000000
     22      2                        603312                                        810000000.0000000000
     22      2                        603318                                        811000000.0000000000
     31      3                        603321                                        811500000.0000000000
     22      2                        603324                                        812000000.0000000000
     24      2                        603326                                        812500000.0000000000
     24      2                        603330                                        813000000.0000000000
     22      2                        603332                                        813500000.0000000000
     22      2                        603336                                        814000000.0000000000
     31      3                        603341                                        814500000.0000000000
     24      2                        603342                                        815000000.0000000000
     24      2                        603346                                        815500000.0000000000
     31      3                        603351                                        816000000.0000000000
     22      2                        603356                                        816500000.0000000000
     24      2                        603364                                        817000000.0000000000
     22      2                        603368                                        817500000.0000000000
     24      2                        603374                                        818000000.0000000000
     24      2                        603380                                        819000000.0000000000
     31      3                        603389                                        819500000.0000000000
     22      2                        603392                                        820000000.0000000000
     24      2                        603394                                        820500000.0000000000
     22      2                        603402                                        821000000.0000000000
     22      2                        603404                                        821500000.0000000000
     22      2                        603408                                        822000000.0000000000
     24      2                        603412                                        822500000.0000000000
     31      3                        603415                                        823000000.0000000000
     24      2                        603418                                        823500000.0000000000
     24      2                        603420                                        824000000.0000000000
     24      2                        603422                                        824500000.0000000000
     31      3                        603423                                        825000000.0000000000
     24      2                        603424                                        825500000.0000000000
     24      2                        603428                                        826000000.0000000000
     24      2                        603432                                        826500000.0000000000
     31      3                        603435                                        827000000.0000000000
     31      3                        603441                                        827500000.0000000000
     24      2                        603444                                        828000000.0000000000
     22      2                        603446                                        828500000.0000000000
     22      2                        603452                                        829000000.0000000000
     24      2                        603454                                        829500000.0000000000
     24      2                        603460                                        830000000.0000000000
     31      3                        603465                                        830500000.0000000000
     24      2                        603470                                        831000000.0000000000
     24      2                        603474                                        831500000.0000000000
     24      2                        603476                                        832000000.0000000000
     22      2                        603480                                        832500000.0000000000
     24      2                        603488                                        833000000.0000000000
     31      3                        603493                                        833500000.0000000000
     19      2                        793182                                        834000000.0000000000
     31      3                        793182                                       1059929552.8995977479
