     32      3                             0                                                0.0000000000
     30      3                             7                                           500000.0000000000
     15      1                            10                                          1000000.0000000000
     32      3                            15                                          1500000.0000000000
     32      3                            25                                          2000000.0000000000
     15      1                            34                                          2500000.0000000000
     30      3                            39                                          3000000.0000000000
     32      3                            41                                          3500000.0000000000
     32      3                            47                                          4000000.0000000000
     32      3                            55                                          4500000.0000000000
     15      1                            58                                          5000000.0000000000
     30      3                            63                                          5500000.0000000000
     30      3                            69                                          6000000.0000000000
     32      3                            81                                          6500000.0000000000
     32      3                            83                                          7000000.0000000000
     32      3                            87                                          7500000.0000000000
     32      3                            93                                          8000000.0000000000
     15      1                           102                                          8500000.0000000000
     32      3                           109                                          9000000.0000000000
     32      3                           115                                          9500000.0000000000
     30      3                           123                                         10000000.0000000000
     30      3                           127                                         10500000.0000000000
     30      3                           137                                         11000000.0000000000
     32      3                           145                                         11500000.0000000000
     30      3                           149                                         12000000.0000000000
     32      3                           159                                         12500000.0000000000
     13      1                         44916                                         13000000.0000000000
     32      3                         44919                                         14500000.0000000000
     30      3                         44927                                         15000000.0000000000
     30      3                         44933                                         15500000.0000000000
     15      1                         44938                                         16000000.0000000000
     32      3                         44943                                         16500000.0000000000
     32      3                         44947                                         17000000.0000000000
     30      3                         44953                                         17500000.0000000000
     15      1                         44962                                         18000000.0000000000
     30      3                         44969                                         18500000.0000000000
     32      3                         44975                                         19000000.0000000000
     32      3                         44983                                         19500000.0000000000
     30      3                         44989                                         20000000.0000000000
     30      3                         44993                                         20500000.0000000000
     32      3                         44999                                         21000000.0000000000
     30      3                         45007                                         21500000.0000000000
     30      3                         45015                                         22000000.0000000000
     32      3                         45021                                         22500000.0000000000
     30      3                         45029                                         23000000.0000000000
     32      3                         45031                                         23500000.0000000000
     32      3                         45033                                         24000000.0000000000
     30      3                         45045                                         24500000.0000000000
     32      3                         45047                                         25000000.0000000000
     32      3                         45053                                         25500000.0000000000
     30      3                         45059                                         26000000.0000000000
     30      3                         45067                                         26500000.0000000000
     10      1                        186079                                         27000000.0000000000
      7      0                        186082                                         32000000.0000000000
      7      0                        186084                                         33500000.0000000000
      7      0                        186086                                         35000000.0000000000
      7      0                        186088                                         35500000.0000000000
      7      0                        186090                                         36000000.0000000000
      7      0                        186094                                         37000000.0000000000
      7      0                        186096                                         37500000.0000000000
      7      0                        186098                                         38500000.0000000000
      2      0                       1129608                                         39000000.0000000000
      6      0                       1129610                                         71000000.0000000000
      6      0                       1129612                                         74000000.0000000000
     23      2                       1129613                                         75500000.0000000000
      6      0                       1129614                                         76000000.0000000000
      8      0                       1129618                                         76500000.0000000000
      8      0                       1129620                                         77000000.0000000000
      8      0                       1129624                                         78000000.0000000000
     23      2                       1129625                                         78500000.0000000000
      8      0                       1129626                                         79000000.0000000000
     23      2                       1129627                                         81000000.0000000000
      1      0                       3104304                                         81500000.0000000000
      6      0                       3104306                                        149500000.0000000000
      8      0                       3104312                                        150500000.0000000000
      1      0                       3187418                                        151500000.0000000000
      8      0                       3187420                                        154500000.0000000000
      8      0                       3187422                                        155000000.0000000000
     23      2                       3187423                                        156500000.0000000000
      6      0                       3187426                                        157000000.0000000000
      6      0                       3187428                                        157500000.0000000000
      6      0                       3187430                                        160000000.0000000000
      8      0                       3187432                                        162000000.0000000000
      8      0                       3187434                                        165000000.0000000000
      6      0                       3187436                                        165500000.0000000000
      5      0                       4573450                                        166000000.0000000000
      8      0                       4573452                                        214500000.0000000000
     23      2                       4573453                                        216500000.0000000000
      6      0                       4573454                                        217000000.0000000000
      8      0                       4573456                                        218000000.0000000000
      6      0                       4573458                                        218500000.0000000000
     23      2                       4573459                                        219000000.0000000000
      6      0                       4573460                                        219500000.0000000000
      8      0                       4573462                                        221500000.0000000000
      3      0                       5483515                                        222000000.0000000000
      7      0                       5483517                                        254500000.0000000000
      7      0                       5483519                                        255000000.0000000000
      7      0                       5483521                                        255500000.0000000000
      7      0                       5483523                                        257000000.0000000000
      7      0                       5483525                                        257500000.0000000000
      7      0                       5483527                                        258000000.0000000000
      7      0                       5483529                                        258500000.0000000000
      7      0                       5483531                                        259000000.0000000000
      7      0                       5483537                                        260000000.0000000000
      7      0                       5483541                                        260500000.0000000000
      7      0                       5483545                                        262500000.0000000000
      7      0                       5483547                                        263000000.0000000000
      7      0                       5483549                                        263500000.0000000000
      7      0                       5483551                                        264500000.0000000000
      7      0                       5483555                                        265000000.0000000000
      7      0                       5483557                                        265500000.0000000000
      7      0                       5483563                                        266500000.0000000000
     16      1                       5483564                                        267000000.0000000000
      7      0                       5483565                                        267500000.0000000000
      7      0                       5483569                                        268000000.0000000000
      5      0                       6906891                                        268500000.0000000000
      6      0                       6906893                                        317000000.0000000000
      4      0                       8058598                                        318000000.0000000000
      8      0                       8058602                                        359500000.0000000000
      6      0                       8058604                                        360000000.0000000000
     23      2                       8058605                                        360500000.0000000000
     23      2                       8058607                                        361000000.0000000000
      6      0                       8058608                                        361500000.0000000000
     23      2                       8058609                                        367000000.0000000000
      8      0                       8058610                                        367500000.0000000000
      2      0                       8480864                                        368500000.0000000000
      6      0                       8480866                                        383500000.0000000000
      6      0                       8480868                                        384500000.0000000000
      8      0                       8480870                                        385000000.0000000000
     23      2                       8480871                                        385500000.0000000000
      8      0                       8480872                                        386000000.0000000000
      8      0                       8480874                                        387000000.0000000000
      8      0                       8480876                                        387500000.0000000000
     23      2                       8480877                                        388500000.0000000000
      5      0                      10554944                                        389000000.0000000000
      8      0                      10554946                                        463000000.0000000000
      6      0                      10554948                                        464000000.0000000000
     23      2                      10554949                                        466000000.0000000000
      8      0                      10554950                                        466500000.0000000000
     23      2                      10554951                                        468000000.0000000000
      6      0                      10554952                                        468500000.0000000000
      6      0                      10554954                                        469500000.0000000000
      6      0                      10554960                                        470500000.0000000000
      6      0                      10554962                                        471000000.0000000000
      6      0                      10554964                                        472000000.0000000000
      8      0                      10554966                                        475500000.0000000000
      6      0                      10554968                                        476000000.0000000000
     23      2                      10554969                                        476500000.0000000000
      6      0                      10554970                                        477000000.0000000000
      6      0                      10554972                                        477500000.0000000000
     23      2                      10554973                                        478000000.0000000000
     23      2                      10554975                                        478500000.0000000000
      8      0                      10554976                                        479000000.0000000000
      8      0                      10554978                                        479500000.0000000000
      8      0                      10554980                                        482000000.0000000000
      8      0                      10554982                                        483500000.0000000000
      8      0                      10554984                                        485000000.0000000000
      6      0                      10554988                                        487000000.0000000000
      8      0                      10554990                                        489000000.0000000000
      8      0                      10554992                                        490000000.0000000000
     23      2                      10554993                                        491500000.0000000000
     23      2                      10554995                                        492000000.0000000000
      4      0                      10901281                                        492500000.0000000000
      3      0                      13287364                                        506500000.0000000000
      6      0                      13287366                                        587500000.0000000000
     23      2                      13287367                                        591500000.0000000000
      6      0                      13287368                                        592000000.0000000000
      6      0                      13287372                                        597500000.0000000000
     23      2                      13287377                                        599000000.0000000000
      6      0                      13287380                                        599500000.0000000000
      6      0                      13287382                                        600500000.0000000000
      6      0                      13287384                                        601500000.0000000000
      8      0                      13287388                                        602000000.0000000000
     23      2                      13287389                                        603500000.0000000000
      6      0                      13287390                                        604000000.0000000000
      6      0                      13287392                                        604500000.0000000000
      2      0                      16530367                                        605500000.0000000000
      6      0                      16530369                                        717000000.0000000000
      6      0                      16530371                                        720000000.0000000000
      1      0                      17042882                                        721000000.0000000000
      7      0                      17042886                                        740500000.0000000000
      7      0                      17042888                                        741000000.0000000000
      7      0                      17042892                                        741500000.0000000000
      7      0                      17042894                                        743000000.0000000000
      7      0                      17042898                                        743500000.0000000000
      7      0                      17042900                                        744000000.0000000000
      7      0                      17042902                                        745500000.0000000000
      7      0                      17042904                                        746000000.0000000000
      7      0                      17042906                                        746500000.0000000000
      7      0                      17042910                                        747000000.0000000000
      7      0                      17042912                                        747500000.0000000000
      7      0                      17042914                                        748000000.0000000000
      7      0                      17042920                                        748500000.0000000000
      7      0                      17042924                                        749000000.0000000000
      7      0                      17042928                                        750500000.0000000000
      7      0                      17042930                                        751000000.0000000000
      7      0                      17042934                                        751500000.0000000000
      7      0                      17042936                                        753000000.0000000000
      7      0                      17042938                                        754500000.0000000000
     16      1                      17042939                                        755000000.0000000000
      7      0                      17042942                                        755500000.0000000000
      7      0                      17042946                                        757500000.0000000000
      7      0                      17042948                                        759500000.0000000000
      7      0                      17042950                                        760000000.0000000000
      7      0                      17042954                                        760500000.0000000000
      7      0                      17042956                                        761000000.0000000000
     14      1                      17042959                                        761500000.0000000000
      7      0                      17042962                                        762000000.0000000000
      7      0                      17042968                                        762500000.0000000000
      7      0                      17042970                                        763000000.0000000000
     16      1                      17042971                                        764000000.0000000000
      5      0                      17476828                                        764500000.0000000000
      7      0                      17476830                                        779500000.0000000000
      7      0                      17476836                                        780500000.0000000000
      7      0                      17476840                                        781000000.0000000000
      7      0                      17476842                                        781500000.0000000000
      7      0                      17476846                                        782500000.0000000000
      7      0                      17476848                                        783000000.0000000000
      7      0                      17476852                                        784500000.0000000000
      7      0                      17476854                                        786000000.0000000000
      7      0                      17476856                                        786500000.0000000000
      7      0                      17476862                                        787500000.0000000000
      7      0                      17476864                                        788000000.0000000000
      7      0                      17476866                                        788500000.0000000000
      7      0                      17476868                                        789000000.0000000000
      7      0                      17476870                                        790500000.0000000000
      7      0                      17476872                                        791000000.0000000000
      7      0                      17476876                                        791500000.0000000000
     10      1                      18389029                                        792500000.0000000000
     30      3                      18389030                                        823000000.0000000000
     30      3                      18389038                                        823500000.0000000000
     30      3                      18389046                                        824500000.0000000000
     32      3                      18389048                                        825000000.0000000000
     32      3                      18389054                                        825500000.0000000000
     32      3                      18389064                                        826000000.0000000000
     32      3                      18389070                                        826500000.0000000000
     32      3                      18389072                                        827000000.0000000000
     32      3                      18389078                                        827500000.0000000000
     32      3                      18389080                                        828000000.0000000000
     30      3                      18389086                                        828500000.0000000000
     30      3                      18389092                                        829000000.0000000000
     30      3                      18389100                                        829500000.0000000000
     30      3                      18389110                                        830000000.0000000000
     30      3                      18389116                                        830500000.0000000000
     32      3                      18389128                                        831000000.0000000000
     30      3                      18389134                                        831500000.0000000000
     10      1                      18686523                                        832000000.0000000000
     32      3                      18686528                                        842500000.0000000000
     32      3                      18686538                                        843000000.0000000000
     27      3                      18783205                                        843500000.0000000000
     30      3                      18783211                                        934500000.0000000000
     15      1                      18783218                                        935000000.0000000000
     32      3                      18783227                                        935500000.0000000000
     30      3                      18783235                                        936000000.0000000000
     30      3                      18783241                                        936500000.0000000000
     30      3                      18783247                                        937000000.0000000000
     32      3                      18783251                                        937500000.0000000000
     30      3                      18783255                                        938000000.0000000000
     30      3                      18783259                                        938500000.0000000000
     32      3                      18783263                                        939000000.0000000000
     30      3                      18783271                                        939500000.0000000000
     30      3                      18783279                                        940000000.0000000000
     32      3                      18783293                                        940500000.0000000000
     32      3                      18783301                                        941000000.0000000000
     30      3                      18783305                                        941500000.0000000000
     30      3                      18783309                                        942000000.0000000000
     32      3                      18783311                                        942500000.0000000000
     32      3                      18783319                                        943000000.0000000000
     30      3                      18783329                                        943500000.0000000000
     30      3                      18783337                                        944000000.0000000000
     15      1                      18783342                                        944500000.0000000000
     32      3                      18783347                                        945000000.0000000000
     32      3                      18783349                                        945500000.0000000000
     30      3                      18783361                                        946000000.0000000000
     30      3                      18783367                                        946500000.0000000000
     32      3                      18783371                                        947000000.0000000000
     32      3                      18783377                                        947500000.0000000000
     32      3                      18783383                                        948000000.0000000000
     32      3                      18783387                                        948500000.0000000000
     30      3                      18783397                                        949000000.0000000000
     30      3                      18783407                                        949500000.0000000000
     15      1                      18783414                                        950000000.0000000000
     32      3                      18783415                                        950500000.0000000000
     30      3                      18783423                                        951000000.0000000000
     32      3                      18783433                                        951500000.0000000000
     30      3                      18783439                                        952000000.0000000000
     32      3                      18783443                                        952500000.0000000000
     30      3                      18783449                                        953000000.0000000000
     32      3                      18783459                                        953500000.0000000000
     30      3                      18783461                                        954000000.0000000000
     32      3                      18783467                                        954500000.0000000000
     30      3                      18783471                                        955000000.0000000000
     30      3                      18783475                                        955500000.0000000000
     30      3                      18783483                                        956000000.0000000000
     30      3                      18783485                                        956500000.0000000000
     30      3                      18783491                                        957000000.0000000000
     32      3                      18783501                                        957500000.0000000000
     15      1                      18783506                                        958000000.0000000000
     30      3                      18783513                                        958500000.0000000000
     15      1                      18783518                                        959000000.0000000000
     30      3                      18783521                                        959500000.0000000000
     15      1                      18783528                                        960000000.0000000000
     30      3                      18783533                                        960500000.0000000000
     30      3                      18783539                                        961000000.0000000000
     32      3                      18783545                                        961500000.0000000000
     30      3                      18783549                                        962000000.0000000000
     32      3                      18783553                                        962500000.0000000000
     32      3                      18783559                                        963000000.0000000000
     30      3                      18783565                                        963500000.0000000000
     32      3                      18783571                                        964000000.0000000000
     32      3                      18783579                                        964500000.0000000000
     32      3                      18783583                                        965000000.0000000000
     15      1                      18783590                                        965500000.0000000000
     32      3                      18783595                                        966000000.0000000000
     30      3                      18783599                                        966500000.0000000000
     32      3                      18783603                                        967000000.0000000000
     32      3                      18783609                                        967500000.0000000000
     32      3                      18783613                                        968000000.0000000000
     30      3                      18783619                                        968500000.0000000000
     15      1                      18783624                                        969500000.0000000000
     30      3                      18783635                                        970000000.0000000000
     30      3                      18783639                                        970500000.0000000000
     15      1                      18783644                                        971000000.0000000000
     30      3                      18783657                                        971500000.0000000000
     32      3                      18783661                                        972000000.0000000000
     32      3                      18783665                                        972500000.0000000000
     32      3                      18783669                                        973000000.0000000000
     30      3                      18783673                                        973500000.0000000000
     30      3                      18783675                                        974000000.0000000000
     32      3                      18783681                                        974500000.0000000000
     30      3                      18783691                                        975000000.0000000000
     32      3                      18783699                                        975500000.0000000000
     32      3                      18783705                                        976000000.0000000000
     30      3                      18783711                                        976500000.0000000000
     32      3                      18783713                                        977000000.0000000000
     32      3                      18783717                                        977500000.0000000000
     30      3                      18783723                                        978000000.0000000000
     30      3                      18783727                                        979000000.0000000000
     32      3                      18783731                                        979500000.0000000000
     30      3                      18783733                                        980000000.0000000000
     30      3                      18783747                                        980500000.0000000000
     32      3                      18783751                                        981000000.0000000000
     30      3                      18783757                                        981500000.0000000000
     32      3                      18783765                                        982500000.0000000000
     30      3                      18783767                                        983000000.0000000000
     30      3                      18783777                                        983500000.0000000000
     30      3                      18783783                                        984000000.0000000000
     30      3                      18783785                                        985000000.0000000000
     32      3                      18783797                                        985500000.0000000000
     30      3                      18783805                                        986000000.0000000000
     30      3                      18783811                                        987000000.0000000000
     32      3                      18783821                                        987500000.0000000000
     30      3                      18783829                                        988000000.0000000000
     30      3                      18783837                                        988500000.0000000000
     32      3                      18783843                                        989000000.0000000000
     30      3                      18783855                                        989500000.0000000000
     30      3                      18788003                                        990000000.0000000000
     15      1                      18788012                                        990500000.0000000000
     32      3                      18788017                                        991000000.0000000000
     32      3                      18788023                                        991500000.0000000000
     32      3                      18788031                                        992000000.0000000000
     15      1                      18788036                                        992500000.0000000000
     30      3                      18788041                                        993000000.0000000000
     30      3                      18788047                                        993500000.0000000000
     30      3                      18788051                                        994000000.0000000000
     32      3                      18788059                                        994500000.0000000000
     30      3                      18788063                                        995000000.0000000000
     32      3                      18788069                                        995500000.0000000000
     15      1                      18788082                                        996000000.0000000000
     15      1                      18788088                                        996500000.0000000000
     30      3                      18788095                                        997000000.0000000000
     32      3                      18788099                                        997500000.0000000000
     32      3                      18788103                                        998000000.0000000000
     32      3                      18788109                                        998500000.0000000000
     30      3                      18788111                                        999000000.0000000000
     32      3                      18788115                                        999500000.0000000000
     30      3                      18788121                                       1000000000.0000000000
     15      1                      18788121                                       1000004997.9422836782
