     19      2                             0                                                0.0000000000
     19      2                         40764                                           500000.0000000000
     22      2                         40768                                         49000000.0000000000
     31      3                         40769                                         49500000.0000000000
     24      2                         40774                                         50000000.0000000000
     31      3                         40777                                         50500000.0000000000
     24      2                         40778                                         51000000.0000000000
     24      2                         40782                                         51500000.0000000000
     31      3                         40783                                         52000000.0000000000
     22      2                         40784                                         52500000.0000000000
     22      2                         40788                                         53500000.0000000000
     22      2                         40792                                         54000000.0000000000
     22      2                         40796                                         54500000.0000000000
     24      2                         40800                                         55500000.0000000000
     31      3                         40801                                         56500000.0000000000
     24      2                         40804                                         57000000.0000000000
     31      3                         40809                                         58000000.0000000000
     22      2                         40814                                         58500000.0000000000
     22      2                         40816                                         59000000.0000000000
     24      2                         40820                                         59500000.0000000000
     22      2                         40822                                         60000000.0000000000
     24      2                         40824                                         60500000.0000000000
     22      2                         40826                                         61000000.0000000000
     24      2                         40834                                         61500000.0000000000
     22      2                         40840                                         62000000.0000000000
     24      2                         40842                                         62500000.0000000000
     24      2                         40846                                         63000000.0000000000
     31      3                         40847                                         64000000.0000000000
     24      2                         40850                                         64500000.0000000000
     31      3                         40851                                         65000000.0000000000
     24      2                         40856                                         65500000.0000000000
     22      2                         40860                                         66000000.0000000000
     22      2                         40864                                         67000000.0000000000
     22      2                         40868                                         67500000.0000000000
     22      2                         40870                                         68000000.0000000000
     31      3                         40873                                         68500000.0000000000
     22      2                         40878                                         69000000.0000000000
     31      3                         40883                                         69500000.0000000000
     24      2                         40888                                         70000000.0000000000
     22      2                         40890                                         70500000.0000000000
     22      2                         40892                                         71500000.0000000000
     31      3                         40897                                         72000000.0000000000
     22      2                         40898                                         72500000.0000000000
     24      2                         40902                                         73000000.0000000000
     22      2                         40904                                         74000000.0000000000
     24      2                         40908                                         74500000.0000000000
     24      2                         40912                                         75000000.0000000000
     24      2                         40914                                         75500000.0000000000
     24      2                         40916                                         76000000.0000000000
     22      2                         40920                                         76500000.0000000000
     31      3                         40923                                         77000000.0000000000
     31      3                         40927                                         77500000.0000000000
     24      2                         40930                                         78000000.0000000000
     24      2                         40932                                         78500000.0000000000
     22      2                         40936                                         79000000.0000000000
     24      2                         40938                                         79500000.0000000000
     31      3                         40941                                         80000000.0000000000
     22      2                         40944                                         80500000.0000000000
     22      2                         40946                                         81000000.0000000000
     24      2                         40948                                         82000000.0000000000
     31      3                         40953                                         82500000.0000000000
     24      2                         40954                                         83000000.0000000000
     31      3                         40957                                         83500000.0000000000
     24      2                         40960                                         84000000.0000000000
     24      2                         40968                                         85000000.0000000000
     22      2                         40972                                         85500000.0000000000
     31      3                         40975                                         86000000.0000000000
     22      2                         40982                                         86500000.0000000000
     24      2                         40990                                         87000000.0000000000
     24      2                         40992                                         87500000.0000000000
     31      3                         40995                                         88000000.0000000000
     31      3                         40999                                         88500000.0000000000
     22      2                         41002                                         89000000.0000000000
     24      2                         41006                                         89500000.0000000000
     31      3                         41009                                         90000000.0000000000
     22      2                         41010                                         90500000.0000000000
     24      2                         41012                                         91000000.0000000000
     24      2                         41016                                         91500000.0000000000
     31      3                         41019                                         92500000.0000000000
     24      2                         41022                                         93000000.0000000000
     22      2                         41026                                         93500000.0000000000
     22      2                         41028                                         94000000.0000000000
     22      2                         41034                                         94500000.0000000000
     22      2                         41038                                         95000000.0000000000
     22      2                         41040                                         96000000.0000000000
     22      2                         41042                                         96500000.0000000000
     22      2                         41046                                         97000000.0000000000
     22      2                         41048                                         97500000.0000000000
     22      2                         41052                                         98000000.0000000000
     22      2                         41056                                         99000000.0000000000
     24      2                         41058                                         99500000.0000000000
     22      2                         41062                                        100000000.0000000000
     31      3                         41065                                        101000000.0000000000
     22      2                         41070                                        101500000.0000000000
     24      2                         41074                                        102000000.0000000000
     31      3                         41077                                        103000000.0000000000
     22      2                         41080                                        103500000.0000000000
     24      2                         41082                                        104000000.0000000000
     22      2                         41086                                        104500000.0000000000
     22      2                         41088                                        105000000.0000000000
     31      3                         41089                                        106000000.0000000000
     24      2                         41092                                        106500000.0000000000
     22      2                         41094                                        107000000.0000000000
     22      2                         41096                                        107500000.0000000000
     22      2                         41098                                        108000000.0000000000
     31      3                         41101                                        108500000.0000000000
     22      2                         41108                                        109000000.0000000000
     31      3                         41109                                        109500000.0000000000
     24      2                         41112                                        110000000.0000000000
     31      3                         41119                                        112000000.0000000000
     22      2                         41120                                        112500000.0000000000
     31      3                         41123                                        113000000.0000000000
     22      2                         41126                                        113500000.0000000000
     31      3                         41129                                        114000000.0000000000
     31      3                         41133                                        114500000.0000000000
     22      2                         41134                                        115000000.0000000000
     24      2                         41136                                        115500000.0000000000
     24      2                         41138                                        116000000.0000000000
     31      3                         41149                                        116500000.0000000000
     24      2                         41150                                        117000000.0000000000
     22      2                         41154                                        117500000.0000000000
     31      3                         41159                                        118000000.0000000000
     24      2                         41162                                        118500000.0000000000
     22      2                         41164                                        119000000.0000000000
     24      2                         41172                                        119500000.0000000000
     22      2                         41176                                        120000000.0000000000
     22      2                         41180                                        120500000.0000000000
     24      2                         41186                                        121000000.0000000000
     22      2                         41192                                        121500000.0000000000
     22      2                         41194                                        122000000.0000000000
     31      3                         41197                                        122500000.0000000000
     22      2                         41198                                        123000000.0000000000
     24      2                         41200                                        123500000.0000000000
     24      2                         41204                                        124000000.0000000000
     22      2                         41206                                        124500000.0000000000
     24      2                         41208                                        125000000.0000000000
     24      2                         41210                                        126500000.0000000000
     22      2                         41212                                        127500000.0000000000
     24      2                         41214                                        128000000.0000000000
     24      2                         41218                                        128500000.0000000000
     24      2                         41224                                        129000000.0000000000
     22      2                         41228                                        129500000.0000000000
     24      2                         41230                                        130000000.0000000000
     22      2                         41236                                        130500000.0000000000
     24      2                         41240                                        131000000.0000000000
     22      2                         41244                                        131500000.0000000000
     22      2                         41250                                        132000000.0000000000
     31      3                         41251                                        133500000.0000000000
     22      2                         41254                                        134000000.0000000000
     21      2                        546276                                        134500000.0000000000
     24      2                        546278                                        737500000.0000000000
     24      2                        546280                                        738000000.0000000000
     31      3                        546281                                        738500000.0000000000
     22      2                        546284                                        739000000.0000000000
     22      2                        546290                                        739500000.0000000000
     24      2                        546292                                        740000000.0000000000
     31      3                        546295                                        740500000.0000000000
     22      2                        546296                                        741000000.0000000000
     22      2                        546298                                        741500000.0000000000
     22      2                        546300                                        742000000.0000000000
     22      2                        546304                                        742500000.0000000000
     24      2                        546306                                        743000000.0000000000
     31      3                        546311                                        743500000.0000000000
     24      2                        546314                                        744000000.0000000000
     22      2                        546316                                        744500000.0000000000
     31      3                        546321                                        745000000.0000000000
     31      3                        546323                                        745500000.0000000000
     24      2                        546324                                        746000000.0000000000
     22      2                        546326                                        746500000.0000000000
     24      2                        546330                                        747000000.0000000000
     31      3                        546331                                        747500000.0000000000
     24      2                        546334                                        748000000.0000000000
     24      2                        546336                                        748500000.0000000000
     24      2                        546338                                        749500000.0000000000
     24      2                        546342                                        750000000.0000000000
     22      2                        546346                                        750500000.0000000000
     24      2                        546348                                        751000000.0000000000
     22      2                        546350                                        752000000.0000000000
     31      3                        546351                                        752500000.0000000000
     24      2                        546354                                        753000000.0000000000
     24      2                        546364                                        753500000.0000000000
     24      2                        546368                                        754000000.0000000000
     31      3                        546371                                        754500000.0000000000
     24      2                        546374                                        755000000.0000000000
     22      2                        546376                                        755500000.0000000000
     24      2                        546380                                        756000000.0000000000
     24      2                        546382                                        756500000.0000000000
     24      2                        546386                                        757000000.0000000000
     24      2                        546388                                        758000000.0000000000
     31      3                        546389                                        758500000.0000000000
     22      2                        546392                                        759000000.0000000000
     31      3                        546395                                        759500000.0000000000
     24      2                        546398                                        760000000.0000000000
     31      3                        546401                                        760500000.0000000000
     22      2                        546404                                        761000000.0000000000
     22      2                        546410                                        761500000.0000000000
     22      2                        546416                                        762000000.0000000000
     31      3                        546419                                        762500000.0000000000
     22      2                        546422                                        763000000.0000000000
     22      2                        546424                                        764000000.0000000000
     31      3                        546427                                        764500000.0000000000
     31      3                        546431                                        765000000.0000000000
     22      2                        546436                                        765500000.0000000000
     31      3                        546441                                        766000000.0000000000
     22      2                        546444                                        766500000.0000000000
     22      2                        546446                                        767500000.0000000000
     22      2                        546448                                        768000000.0000000000
     24      2                        546450                                        768500000.0000000000
     22      2                        546452                                        769000000.0000000000
     22      2                        546460                                        769500000.0000000000
     24      2                        546464                                        770500000.0000000000
     22      2                        546466                                        771000000.0000000000
     22      2                        546468                                        771500000.0000000000
     31      3                        546469                                        772000000.0000000000
     24      2                        546470                                        772500000.0000000000
     24      2                        546472                                        773500000.0000000000
     24      2                        546474                                        774000000.0000000000
     22      2                        546476                                        775000000.0000000000
     31      3                        546481                                        775500000.0000000000
     22      2                        546486                                        776000000.0000000000
     24      2                        546490                                        776500000.0000000000
     31      3                        546495                                        777000000.0000000000
     22      2                        546500                                        777500000.0000000000
     22      2                        546504                                        778000000.0000000000
     22      2                        546506                                        778500000.0000000000
     31      3                        546511                                        779000000.0000000000
     24      2                        546514                                        779500000.0000000000
     24      2                        546516                                        780500000.0000000000
     22      2                        546520                                        781000000.0000000000
     24      2                        546524                                        781500000.0000000000
     22      2                        546526                                        782000000.0000000000
     24      2                        546530                                        782500000.0000000000
     22      2                        546532                                        783000000.0000000000
     24      2                        546534                                        783500000.0000000000
     24      2                        546536                                        784000000.0000000000
     24      2                        546540                                        784500000.0000000000
     24      2                        546544                                        785000000.0000000000
     24      2                        546550                                        785500000.0000000000
     24      2                        546552                                        786000000.0000000000
     31      3                        546553                                        786500000.0000000000
     31      3                        546557                                        787000000.0000000000
     31      3                        546559                                        787500000.0000000000
     22      2                        546566                                        788000000.0000000000
     22      2                        546570                                        788500000.0000000000
     22      2                        546574                                        789500000.0000000000
     24      2                        546580                                        790000000.0000000000
     24      2                        546582                                        790500000.0000000000
     22      2                        546586                                        791000000.0000000000
     24      2                        546588                                        791500000.0000000000
     22      2                        546592                                        792000000.0000000000
     31      3                        546593                                        792500000.0000000000
     22      2                        546598                                        793000000.0000000000
     22      2                        546600                                        793500000.0000000000
     24      2                        546604                                        794500000.0000000000
     22      2                        546608                                        795000000.0000000000
     31      3                        546611                                        795500000.0000000000
     24      2                        546614                                        796000000.0000000000
     22      2                        546618                                        796500000.0000000000
     22      2                        546620                                        797500000.0000000000
     31      3                        546623                                        798500000.0000000000
     22      2                        546630                                        799000000.0000000000
     24      2                        546632                                        799500000.0000000000
     31      3                        546637                                        800500000.0000000000
     22      2                        546638                                        801000000.0000000000
     22      2                        546640                                        801500000.0000000000
     24      2                        546642                                        803000000.0000000000
     22      2                        546644                                        803500000.0000000000
     24      2                        546646                                        804000000.0000000000
     31      3                        546651                                        805000000.0000000000
     22      2                        546654                                        805500000.0000000000
     22      2                        546658                                        806000000.0000000000
     24      2                        546662                                        806500000.0000000000
     22      2                        546664                                        807000000.0000000000
     22      2                        546666                                        807500000.0000000000
     22      2                        546670                                        808000000.0000000000
     22      2                        546672                                        808500000.0000000000
     22      2                        546674                                        809000000.0000000000
     31      3                        546677                                        809500000.0000000000
     24      2                        546680                                        810000000.0000000000
     22      2                        546682                                        810500000.0000000000
     22      2                        546688                                        811000000.0000000000
     24      2                        546690                                        811500000.0000000000
     24      2                        546694                                        812000000.0000000000
     24      2                        546696                                        812500000.0000000000
     22      2                        546700                                        813000000.0000000000
     24      2                        546706                                        813500000.0000000000
     24      2                        546710                                        814000000.0000000000
     24      2                        546712                                        814500000.0000000000
     24      2                        546714                                        815000000.0000000000
     31      3                        546719                                        816000000.0000000000
     24      2                        546722                                        816500000.0000000000
     24      2                        546724                                        817000000.0000000000
     24      2                        546728                                        817500000.0000000000
     31      3                        546735                                        818000000.0000000000
     22      2                        546738                                        818500000.0000000000
     31      3                        546741                                        819500000.0000000000
     24      2                        546746                                        820000000.0000000000
     22      2                        546748                                        820500000.0000000000
     22      2                        546752                                        821000000.0000000000
     31      3                        546755                                        821500000.0000000000
     24      2                        546756                                        822000000.0000000000
     31      3                        546757                                        823000000.0000000000
     24      2                        546758                                        823500000.0000000000
     24      2                        546760                                        824000000.0000000000
     31      3                        546767                                        824500000.0000000000
     22      2                        546770                                        825000000.0000000000
     24      2                        546774                                        825500000.0000000000
     22      2                        546780                                        826000000.0000000000
     24      2                        546782                                        826500000.0000000000
     31      3                        546785                                        827000000.0000000000
     22      2                        546792                                        827500000.0000000000
     22      2                        546794                                        828000000.0000000000
     24      2                        546798                                        828500000.0000000000
     22      2                        546800                                        829000000.0000000000
     31      3                        546801                                        829500000.0000000000
     24      2                        546806                                        830000000.0000000000
     22      2                        546808                                        830500000.0000000000
     24      2                        546812                                        831500000.0000000000
     24      2                        546814                                        832500000.0000000000
     24      2                        546818                                        833000000.0000000000
     22      2                        546822                                        833500000.0000000000
     22      2                        546824                                        834000000.0000000000
     24      2                        546828                                        834500000.0000000000
     31      3                        546829                                        835000000.0000000000
     24      2                        546832                                        835500000.0000000000
     24      2                        546836                                        836000000.0000000000
     24      2                        546838                                        836500000.0000000000
     24      2                        546840                                        837000000.0000000000
     22      2                        546844                                        837500000.0000000000
     31      3                        546845                                        838000000.0000000000
     24      2                        546848                                        838500000.0000000000
     31      3                        546851                                        839000000.0000000000
     24      2                        546854                                        839500000.0000000000
     31      3                        546857                                        840000000.0000000000
     24      2                        546862                                        840500000.0000000000
     24      2                        546864                                        841000000.0000000000
     24      2                        546866                                        841500000.0000000000
     24      2                        546870                                        842000000.0000000000
     31      3                        546875                                        842500000.0000000000
     24      2                        546880                                        843000000.0000000000
     24      2                        546882                                        843500000.0000000000
     22      2                        546886                                        844000000.0000000000
     24      2                        546888                                        844500000.0000000000
     31      3                        546889                                        845000000.0000000000
     22      2                        546890                                        845500000.0000000000
     24      2                        546894                                        846000000.0000000000
     22      2                        546896                                        846500000.0000000000
     31      3                        546899                                        847000000.0000000000
     24      2                        546902                                        847500000.0000000000
     24      2                        546906                                        848000000.0000000000
     22      2                        546908                                        848500000.0000000000
     22      2                        546910                                        849500000.0000000000
     22      2                        546912                                        850000000.0000000000
     24      2                        546916                                        850500000.0000000000
     22      2                        546918                                        851000000.0000000000
     31      3                        546919                                        851500000.0000000000
     24      2                        546922                                        852000000.0000000000
     22      2                        546926                                        852500000.0000000000
     22      2                        546930                                        853000000.0000000000
     24      2                        546932                                        853500000.0000000000
     22      2                        546936                                        854000000.0000000000
     22      2                        546938                                        854500000.0000000000
     31      3                        546939                                        855500000.0000000000
     24      2                        546944                                        856000000.0000000000
     22      2                        546948                                        856500000.0000000000
     22      2                        546950                                        857000000.0000000000
     24      2                        546954                                        857500000.0000000000
     24      2                        546956                                        858000000.0000000000
     22      2                        546958                                        858500000.0000000000
     31      3                        546963                                        859000000.0000000000
     22      2                        546966                                        859500000.0000000000
     24      2                        546968                                        860000000.0000000000
     24      2                        546970                                        860500000.0000000000
     22      2                        546972                                        861000000.0000000000
     31      3                        546977                                        861500000.0000000000
     31      3                        546983                                        862000000.0000000000
     22      2                        546986                                        862500000.0000000000
     31      3                        546991                                        863000000.0000000000
     31      3                        546993                                        863500000.0000000000
     22      2                        546996                                        864000000.0000000000
     24      2                        546998                                        864500000.0000000000
     24      2                        547000                                        865500000.0000000000
     24      2                        547002                                        866000000.0000000000
     24      2                        547004                                        867000000.0000000000
     22      2                        547006                                        867500000.0000000000
     24      2                        547008                                        868000000.0000000000
     22      2                        547012                                        868500000.0000000000
     24      2                        547014                                        869000000.0000000000
     22      2                        547016                                        869500000.0000000000
     22      2                        547018                                        870000000.0000000000
     22      2                        547020                                        870500000.0000000000
     17      2                        883782                                        871000000.0000000000
     31      3                        883782                                       1273606129.5800729403
