     27      3                             0                                                0.0000000000
     27      3                        168327                                           500000.0000000000
     30      3                        168329                                        159500000.0000000000
     32      3                        168339                                        160000000.0000000000
     15      1                        168352                                        160500000.0000000000
     32      3                        168359                                        161000000.0000000000
     30      3                        168365                                        161500000.0000000000
     15      1                        168374                                        162000000.0000000000
     32      3                        168381                                        162500000.0000000000
     10      1                       1234992                                        163000000.0000000000
     14      1                       1234998                                        199000000.0000000000
      7      0                       1235003                                        199500000.0000000000
      7      0                       1235005                                        200000000.0000000000
      7      0                       1235007                                        200500000.0000000000
      7      0                       1235011                                        201000000.0000000000
      7      0                       1235013                                        201500000.0000000000
      7      0                       1235017                                        202000000.0000000000
      7      0                       1235019                                        203000000.0000000000
      7      0                       1235023                                        203500000.0000000000
      7      0                       1235025                                        204500000.0000000000
      7      0                       1235027                                        205500000.0000000000
     10      1                       1497027                                        206000000.0000000000
      7      0                       1497030                                        214500000.0000000000
     16      1                       1497033                                        215500000.0000000000
      7      0                       1497034                                        216000000.0000000000
      7      0                       1497038                                        216500000.0000000000
      7      0                       1497040                                        217000000.0000000000
     14      1                       1497045                                        218000000.0000000000
      7      0                       1497048                                        218500000.0000000000
      7      0                       1497052                                        219000000.0000000000
      7      0                       1497054                                        219500000.0000000000
      7      0                       1497058                                        221000000.0000000000
      7      0                       1497060                                        222000000.0000000000
      7      0                       1497066                                        223000000.0000000000
      7      0                       1497068                                        224000000.0000000000
      7      0                       1497070                                        225000000.0000000000
      5      0                       2054721                                        225500000.0000000000
      6      0                       2054723                                        245000000.0000000000
     23      2                       2054724                                        246000000.0000000000
      8      0                       2054725                                        246500000.0000000000
      6      0                       2054727                                        247000000.0000000000
     23      2                       2054728                                        247500000.0000000000
      8      0                       2054731                                        248000000.0000000000
      6      0                       2054733                                        250000000.0000000000
      6      0                       2054735                                        255000000.0000000000
      8      0                       2054739                                        256000000.0000000000
      6      0                       2054741                                        257000000.0000000000
      8      0                       2054743                                        259000000.0000000000
      6      0                       2054745                                        260000000.0000000000
      8      0                       2054747                                        260500000.0000000000
      8      0                       2054749                                        261000000.0000000000
      8      0                       2054753                                        261500000.0000000000
     23      2                       2054754                                        263000000.0000000000
      8      0                       2054757                                        263500000.0000000000
     23      2                       2054758                                        264500000.0000000000
     23      2                       2054760                                        265000000.0000000000
      6      0                       2054763                                        265500000.0000000000
      5      0                       3770261                                        266500000.0000000000
     23      2                       3770262                                        326000000.0000000000
      6      0                       3770265                                        327000000.0000000000
      2      0                       7392033                                        327500000.0000000000
     23      2                       7392036                                        453000000.0000000000
      6      0                       7392039                                        453500000.0000000000
      8      0                       7392041                                        454000000.0000000000
      8      0                       7392043                                        455000000.0000000000
      6      0                       7392045                                        455500000.0000000000
     23      2                       7392046                                        456500000.0000000000
      6      0                       7392047                                        457000000.0000000000
     23      2                       7392048                                        458500000.0000000000
      6      0                       7392049                                        459000000.0000000000
      8      0                       7392051                                        460500000.0000000000
      1      0                       8149938                                        465000000.0000000000
      8      0                       8149940                                        493000000.0000000000
      8      0                       8149942                                        493500000.0000000000
      8      0                       8149944                                        495000000.0000000000
      1      0                       8815718                                        496000000.0000000000
     23      2                       8815721                                        519500000.0000000000
      8      0                       8815722                                        520000000.0000000000
      6      0                       8815724                                        521500000.0000000000
      8      0                       8815726                                        523000000.0000000000
     23      2                       8815727                                        523500000.0000000000
      6      0                       8815728                                        524000000.0000000000
      6      0                       8815730                                        524500000.0000000000
     23      2                       8815731                                        526000000.0000000000
     23      2                       8815733                                        526500000.0000000000
      6      0                       8815734                                        527000000.0000000000
     23      2                       8815735                                        532000000.0000000000
      8      0                       8815738                                        532500000.0000000000
      8      0                       8815740                                        533500000.0000000000
      6      0                       8815742                                        535500000.0000000000
      6      0                       8815746                                        537500000.0000000000
      6      0                       8815748                                        538500000.0000000000
     23      2                       8815749                                        540000000.0000000000
      8      0                       8815750                                        540500000.0000000000
      6      0                       8815752                                        541000000.0000000000
      6      0                       8815754                                        542000000.0000000000
     23      2                       8815755                                        542500000.0000000000
      4      0                       9102012                                        543000000.0000000000
      6      0                       9102014                                        553000000.0000000000
      6      0                       9102016                                        554500000.0000000000
      6      0                       9102018                                        556500000.0000000000
     23      2                       9102019                                        557000000.0000000000
      6      0                       9102020                                        557500000.0000000000
     23      2                       9102021                                        558500000.0000000000
      6      0                       9102024                                        559000000.0000000000
     23      2                       9102025                                        559500000.0000000000
      8      0                       9102026                                        560000000.0000000000
      4      0                      10036929                                        561500000.0000000000
      2      0                      11593224                                        594500000.0000000000
      7      0                      11593226                                        647500000.0000000000
      7      0                      11593228                                        648000000.0000000000
      7      0                      11593234                                        649000000.0000000000
      7      0                      11593238                                        649500000.0000000000
      7      0                      11593242                                        650500000.0000000000
      7      0                      11593244                                        651000000.0000000000
      7      0                      11593246                                        651500000.0000000000
      7      0                      11593248                                        652000000.0000000000
     14      1                      11593249                                        653000000.0000000000
      7      0                      11593252                                        653500000.0000000000
      7      0                      11593256                                        654000000.0000000000
     14      1                      11593259                                        654500000.0000000000
      7      0                      11593262                                        655000000.0000000000
      7      0                      11593264                                        655500000.0000000000
      7      0                      11593268                                        656000000.0000000000
      7      0                      11593270                                        657000000.0000000000
      7      0                      11593272                                        657500000.0000000000
     16      1                      11593279                                        658000000.0000000000
      7      0                      11593282                                        658500000.0000000000
      7      0                      11593284                                        659000000.0000000000
      7      0                      11593288                                        660500000.0000000000
      7      0                      11593292                                        661000000.0000000000
      7      0                      11593294                                        661500000.0000000000
      7      0                      11593296                                        662000000.0000000000
      7      0                      11593298                                        662500000.0000000000
      7      0                      11593300                                        663000000.0000000000
      7      0                      11593302                                        663500000.0000000000
      7      0                      11593306                                        664500000.0000000000
      7      0                      11593310                                        665500000.0000000000
      7      0                      11593312                                        666500000.0000000000
      7      0                      11593318                                        667000000.0000000000
      7      0                      11593320                                        668500000.0000000000
      7      0                      11593330                                        669500000.0000000000
      7      0                      11593332                                        670500000.0000000000
      7      0                      11593334                                        671000000.0000000000
      7      0                      11593336                                        671500000.0000000000
      7      0                      11593338                                        672000000.0000000000
      7      0                      11593340                                        672500000.0000000000
      7      0                      11593342                                        673000000.0000000000
      7      0                      11593344                                        674000000.0000000000
      7      0                      11593346                                        675500000.0000000000
      7      0                      11593348                                        676000000.0000000000
      7      0                      11593352                                        678500000.0000000000
      7      0                      11593356                                        679500000.0000000000
      7      0                      11593358                                        680000000.0000000000
      7      0                      11593360                                        680500000.0000000000
      7      0                      11593362                                        681000000.0000000000
      7      0                      11593364                                        684000000.0000000000
      7      0                      11593368                                        684500000.0000000000
      7      0                      11593372                                        685000000.0000000000
      7      0                      11593378                                        685500000.0000000000
      7      0                      11593382                                        686000000.0000000000
      7      0                      11593384                                        687000000.0000000000
     14      1                      11593387                                        688000000.0000000000
      7      0                      11593388                                        688500000.0000000000
      7      0                      11593392                                        689000000.0000000000
      7      0                      11593394                                        689500000.0000000000
      7      0                      11593396                                        690000000.0000000000
      7      0                      11593398                                        690500000.0000000000
      7      0                      11593400                                        691500000.0000000000
      7      0                      11593404                                        694000000.0000000000
      7      0                      11593406                                        694500000.0000000000
     16      1                      11593411                                        695000000.0000000000
      7      0                      11593412                                        695500000.0000000000
      7      0                      11593414                                        696000000.0000000000
      7      0                      11593416                                        696500000.0000000000
      7      0                      11593418                                        697000000.0000000000
      7      0                      11593420                                        698500000.0000000000
     16      1                      11593421                                        699500000.0000000000
      7      0                      11593424                                        700000000.0000000000
      7      0                      11593428                                        700500000.0000000000
      7      0                      11593430                                        701000000.0000000000
      7      0                      11593434                                        701500000.0000000000
      7      0                      11593436                                        702000000.0000000000
      7      0                      11593438                                        702500000.0000000000
      7      0                      11593444                                        703000000.0000000000
      3      0                      11633508                                        703500000.0000000000
     23      2                      11633509                                        705500000.0000000000
      8      0                      11633512                                        706000000.0000000000
      6      0                      11633514                                        706500000.0000000000
      8      0                      11633516                                        707000000.0000000000
      2      0                      12368140                                        708000000.0000000000
     23      2                      12368141                                        734500000.0000000000
      8      0                      12368144                                        735000000.0000000000
      8      0                      12368148                                        736000000.0000000000
      8      0                      12368152                                        736500000.0000000000
      6      0                      12368154                                        738000000.0000000000
      8      0                      12368156                                        739500000.0000000000
      6      0                      12368158                                        740500000.0000000000
      6      0                      12368162                                        742000000.0000000000
     23      2                      12368163                                        743000000.0000000000
      8      0                      12368164                                        743500000.0000000000
      6      0                      12368166                                        744000000.0000000000
     23      2                      12368167                                        745000000.0000000000
      6      0                      12368168                                        745500000.0000000000
      6      0                      12368170                                        746000000.0000000000
      8      0                      12368172                                        747500000.0000000000
      8      0                      12368174                                        749000000.0000000000
      6      0                      12368176                                        749500000.0000000000
     23      2                      12368177                                        753000000.0000000000
      4      0                      14164416                                        753500000.0000000000
      7      0                      14164418                                        814500000.0000000000
      7      0                      14164420                                        815500000.0000000000
      7      0                      14164422                                        816000000.0000000000
      7      0                      14164424                                        816500000.0000000000
      7      0                      14164428                                        819500000.0000000000
      7      0                      14164432                                        821000000.0000000000
     14      1                      14164435                                        822000000.0000000000
      7      0                      14164438                                        822500000.0000000000
     16      1                      14164439                                        823000000.0000000000
      7      0                      14164442                                        823500000.0000000000
      7      0                      14164444                                        824000000.0000000000
      7      0                      14164448                                        824500000.0000000000
      7      0                      14164450                                        825000000.0000000000
     14      1                      14164455                                        825500000.0000000000
      7      0                      14164458                                        826000000.0000000000
      7      0                      14164460                                        826500000.0000000000
      7      0                      14164462                                        827000000.0000000000
      7      0                      14164466                                        827500000.0000000000
      7      0                      14164474                                        829000000.0000000000
      7      0                      14164476                                        829500000.0000000000
      7      0                      14164478                                        830000000.0000000000
      7      0                      14164482                                        830500000.0000000000
      7      0                      14164488                                        831500000.0000000000
      7      0                      14164490                                        832000000.0000000000
      7      0                      14164494                                        833000000.0000000000
      7      0                      14164496                                        833500000.0000000000
      7      0                      14164498                                        834000000.0000000000
     14      1                      14164499                                        834500000.0000000000
      7      0                      14164502                                        835000000.0000000000
      7      0                      14164504                                        835500000.0000000000
      7      0                      14164506                                        836000000.0000000000
      7      0                      14164508                                        836500000.0000000000
      7      0                      14164510                                        837000000.0000000000
      7      0                      14164514                                        837500000.0000000000
      7      0                      14164516                                        840000000.0000000000
      7      0                      14164518                                        841500000.0000000000
      7      0                      14164520                                        844500000.0000000000
      7      0                      14164526                                        845000000.0000000000
      7      0                      14164528                                        845500000.0000000000
      7      0                      14164530                                        846500000.0000000000
      7      0                      14164534                                        847000000.0000000000
      7      0                      14164536                                        849500000.0000000000
     14      1                      14164537                                        850500000.0000000000
     16      1                      14164541                                        851000000.0000000000
      7      0                      14164544                                        851500000.0000000000
      7      0                      14164546                                        852000000.0000000000
      7      0                      14164548                                        852500000.0000000000
      7      0                      14164552                                        853000000.0000000000
      7      0                      14164556                                        853500000.0000000000
      7      0                      14164562                                        854500000.0000000000
     16      1                      14164565                                        855500000.0000000000
      7      0                      14164568                                        856000000.0000000000
      7      0                      14164574                                        858000000.0000000000
      7      0                      14164576                                        859000000.0000000000
      7      0                      14164580                                        859500000.0000000000
      7      0                      14164584                                        861000000.0000000000
      7      0                      14164586                                        862500000.0000000000
      7      0                      14164588                                        863000000.0000000000
      7      0                      14164590                                        864000000.0000000000
      7      0                      14164592                                        864500000.0000000000
      7      0                      14164594                                        865000000.0000000000
      7      0                      14164596                                        865500000.0000000000
      7      0                      14164598                                        867500000.0000000000
      7      0                      14164600                                        868000000.0000000000
     14      1                      14164605                                        868500000.0000000000
      3      0                      15446204                                        869000000.0000000000
      6      0                      15446206                                        912500000.0000000000
      6      0                      15446210                                        915500000.0000000000
     23      2                      15446211                                        916000000.0000000000
      8      0                      15446212                                        916500000.0000000000
     23      2                      15446213                                        917000000.0000000000
      6      0                      15446218                                        917500000.0000000000
     23      2                      15446221                                        919000000.0000000000
      6      0                      15446224                                        919500000.0000000000
     23      2                      15446225                                        920500000.0000000000
      8      0                      15446226                                        921000000.0000000000
      8      0                      15446228                                        923500000.0000000000
     23      2                      15446229                                        924000000.0000000000
      8      0                      15446232                                        925000000.0000000000
      6      0                      15446234                                        925500000.0000000000
      6      0                      15446236                                        926000000.0000000000
     23      2                      15446237                                        927000000.0000000000
      6      0                      15446240                                        927500000.0000000000
      4      0                      17841805                                        929000000.0000000000
     23      2                      17841805                                       1012901075.1220011226
