      2      0                             0                                                0.0000000000
      2      0                        326600                                           500000.0000000000
     23      2                        326601                                         15000000.0000000000
      8      0                        326602                                         15500000.0000000000
      6      0                        326604                                         16000000.0000000000
      6      0                        326606                                         16500000.0000000000
     23      2                        326607                                         17000000.0000000000
      2      0                        956081                                         17500000.0000000000
      7      0                        956083                                         39000000.0000000000
      7      0                        956085                                         40000000.0000000000
      7      0                        956087                                         41000000.0000000000
      7      0                        956091                                         42000000.0000000000
      7      0                        956097                                         42500000.0000000000
      7      0                        956101                                         43000000.0000000000
      7      0                        956103                                         43500000.0000000000
      7      0                        956105                                         44000000.0000000000
      7      0                        956111                                         45000000.0000000000
      1      0                       2154934                                         45500000.0000000000
     23      2                       2154935                                         87500000.0000000000
      8      0                       2154936                                         88000000.0000000000
      6      0                       2154938                                         92000000.0000000000
      6      0                       2154940                                         92500000.0000000000
      8      0                       2154942                                         94500000.0000000000
     23      2                       2154945                                         97000000.0000000000
      8      0                       2154948                                         97500000.0000000000
      8      0                       2154950                                         98000000.0000000000
      2      0                       2575952                                         98500000.0000000000
      6      0                       2575954                                        115000000.0000000000
      6      0                       2575956                                        116000000.0000000000
      8      0                       2575958                                        117000000.0000000000
      6      0                       2575960                                        117500000.0000000000
      8      0                       2575962                                        118000000.0000000000
      6      0                       2575964                                        118500000.0000000000
     23      2                       2575965                                        119000000.0000000000
      8      0                       2575966                                        119500000.0000000000
     23      2                       2575969                                        120500000.0000000000
      6      0                       2575970                                        121000000.0000000000
     23      2                       2575973                                        121500000.0000000000
      8      0                       2575976                                        122000000.0000000000
      6      0                       2575978                                        123500000.0000000000
      8      0                       2575980                                        125500000.0000000000
      8      0                       2575982                                        129500000.0000000000
      6      0                       2575984                                        131000000.0000000000
     23      2                       2575985                                        132500000.0000000000
      6      0                       2575986                                        133000000.0000000000
      6      0                       2575988                                        133500000.0000000000
     23      2                       2575989                                        136500000.0000000000
      6      0                       2575990                                        137000000.0000000000
     23      2                       2575991                                        139000000.0000000000
      8      0                       2575992                                        139500000.0000000000
      8      0                       2575994                                        141000000.0000000000
     23      2                       2575995                                        143500000.0000000000
      8      0                       2575998                                        144000000.0000000000
     23      2                       2576001                                        145500000.0000000000
      8      0                       2576002                                        146000000.0000000000
      6      0                       2576004                                        146500000.0000000000
      8      0                       2576006                                        147000000.0000000000
      6      0                       2576008                                        149500000.0000000000
     23      2                       2576009                                        150000000.0000000000
      6      0                       2576010                                        150500000.0000000000
      8      0                       2576014                                        152000000.0000000000
     23      2                       2576015                                        153500000.0000000000
      8      0                       2576018                                        154000000.0000000000
      6      0                       2576020                                        157500000.0000000000
      6      0                       2576022                                        158000000.0000000000
      6      0                       2576024                                        159500000.0000000000
      8      0                       2576026                                        160000000.0000000000
      6      0                       2576028                                        160500000.0000000000
      8      0                       2576030                                        162000000.0000000000
      8      0                       2576032                                        162500000.0000000000
     23      2                       2576035                                        163000000.0000000000
      6      0                       2576036                                        163500000.0000000000
      6      0                       2576038                                        167000000.0000000000
     23      2                       2576039                                        168500000.0000000000
      8      0                       2576040                                        169000000.0000000000
      8      0                       2576046                                        170000000.0000000000
      6      0                       2576048                                        171000000.0000000000
      8      0                       2576050                                        172500000.0000000000
      6      0                       2576052                                        176500000.0000000000
     23      2                       2576053                                        179000000.0000000000
      8      0                       2576054                                        179500000.0000000000
      8      0                       2576056                                        180000000.0000000000
     23      2                       2576057                                        181000000.0000000000
      6      0                       2576058                                        181500000.0000000000
      6      0                       2576060                                        183000000.0000000000
     23      2                       2576063                                        185000000.0000000000
      1      0                       5457910                                        185500000.0000000000
     14      1                       5457913                                        287000000.0000000000
      7      0                       5457916                                        287500000.0000000000
      7      0                       5457918                                        288000000.0000000000
      7      0                       5457920                                        289000000.0000000000
      7      0                       5457924                                        289500000.0000000000
      7      0                       5457926                                        293000000.0000000000
      7      0                       5457932                                        293500000.0000000000
     16      1                       5457935                                        294000000.0000000000
     14      1                       5457937                                        294500000.0000000000
      7      0                       5457938                                        295000000.0000000000
      7      0                       5457942                                        295500000.0000000000
      7      0                       5457944                                        297000000.0000000000
      7      0                       5457946                                        297500000.0000000000
      7      0                       5457948                                        298000000.0000000000
      7      0                       5457950                                        300000000.0000000000
      7      0                       5457954                                        301500000.0000000000
      7      0                       5457958                                        302000000.0000000000
      7      0                       5457960                                        303000000.0000000000
      7      0                       5457962                                        303500000.0000000000
      7      0                       5457964                                        304500000.0000000000
      7      0                       5457968                                        305000000.0000000000
     16      1                       5457971                                        305500000.0000000000
      7      0                       5457976                                        306000000.0000000000
      7      0                       5457978                                        308000000.0000000000
      3      0                       5561915                                        308500000.0000000000
      8      0                       5561917                                        316500000.0000000000
     23      2                       5561920                                        317000000.0000000000
      8      0                       5561921                                        317500000.0000000000
     23      2                       5561924                                        318500000.0000000000
      6      0                       5561925                                        319000000.0000000000
     23      2                       5561926                                        320500000.0000000000
      6      0                       5561927                                        321000000.0000000000
      6      0                       5561929                                        322000000.0000000000
      8      0                       5561931                                        323000000.0000000000
     23      2                       5561934                                        323500000.0000000000
      8      0                       5561935                                        324000000.0000000000
     23      2                       5561936                                        325000000.0000000000
      8      0                       5561937                                        325500000.0000000000
      8      0                       5561939                                        327500000.0000000000
      8      0                       5561941                                        329000000.0000000000
      6      0                       5561943                                        331000000.0000000000
      6      0                       5561945                                        332000000.0000000000
      6      0                       5561947                                        333000000.0000000000
      8      0                       5561949                                        333500000.0000000000
     23      2                       5561950                                        334500000.0000000000
      6      0                       5561951                                        335000000.0000000000
      6      0                       5561955                                        335500000.0000000000
      8      0                       5561957                                        338500000.0000000000
      6      0                       5561959                                        339000000.0000000000
      6      0                       5561961                                        339500000.0000000000
     23      2                       5561964                                        340500000.0000000000
      8      0                       5561965                                        341000000.0000000000
      6      0                       5561967                                        343500000.0000000000
      8      0                       5561969                                        344000000.0000000000
      8      0                       5561971                                        346500000.0000000000
      8      0                       5561973                                        348500000.0000000000
      6      0                       5561975                                        350000000.0000000000
      6      0                       5561977                                        350500000.0000000000
      8      0                       5561979                                        352500000.0000000000
      6      0                       5561981                                        355000000.0000000000
      8      0                       5561983                                        357500000.0000000000
     23      2                       5561984                                        358000000.0000000000
      8      0                       5561985                                        358500000.0000000000
      8      0                       5561987                                        359500000.0000000000
      6      0                       5561989                                        360500000.0000000000
      8      0                       5561991                                        363500000.0000000000
     23      2                       5561992                                        364000000.0000000000
      6      0                       5561993                                        364500000.0000000000
      5      0                       6403599                                        365000000.0000000000
      7      0                       6403601                                        394000000.0000000000
      7      0                       6403603                                        394500000.0000000000
      7      0                       6403605                                        396500000.0000000000
      7      0                       6403609                                        397000000.0000000000
      2      0                       7002208                                        397500000.0000000000
      6      0                       7002210                                        419000000.0000000000
     23      2                       7002211                                        419500000.0000000000
      6      0                       7002212                                        420000000.0000000000
      8      0                       7002216                                        420500000.0000000000
      8      0                       7002220                                        421000000.0000000000
      2      0                       8988826                                        422500000.0000000000
      8      0                       8988828                                        494000000.0000000000
      8      0                       8988830                                        494500000.0000000000
      6      0                       8988834                                        495000000.0000000000
      6      0                       8988836                                        496000000.0000000000
     23      2                       8988837                                        498000000.0000000000
      5      0                       9706463                                        498500000.0000000000
      7      0                       9706465                                        523500000.0000000000
      7      0                       9706467                                        525000000.0000000000
      7      0                       9706471                                        525500000.0000000000
      3      0                      10978215                                        526000000.0000000000
      6      0                      10978217                                        575000000.0000000000
      6      0                      10978219                                        577500000.0000000000
      8      0                      10978221                                        578000000.0000000000
      6      0                      10978223                                        578500000.0000000000
      8      0                      10978225                                        579500000.0000000000
     23      2                      10978228                                        581500000.0000000000
     23      2                      10978232                                        582000000.0000000000
     23      2                      10978234                                        582500000.0000000000
      8      0                      10978235                                        583000000.0000000000
      6      0                      10978237                                        583500000.0000000000
      6      0                      10978239                                        584000000.0000000000
     23      2                      10978240                                        584500000.0000000000
      6      0                      10978241                                        585000000.0000000000
      6      0                      10978243                                        585500000.0000000000
      8      0                      10978247                                        586000000.0000000000
      8      0                      10978251                                        587500000.0000000000
      8      0                      10978253                                        588000000.0000000000
     23      2                      10978254                                        589500000.0000000000
      6      0                      10978257                                        590000000.0000000000
     23      2                      10978258                                        591500000.0000000000
      6      0                      10978259                                        592000000.0000000000
      6      0                      10978261                                        592500000.0000000000
      8      0                      10978263                                        594000000.0000000000
      3      0                      11687638                                        596500000.0000000000
      7      0                      11687640                                        622000000.0000000000
      7      0                      11687642                                        623000000.0000000000
     14      1                      11687643                                        624000000.0000000000
      7      0                      11687646                                        624500000.0000000000
      7      0                      11687648                                        625000000.0000000000
      7      0                      11687652                                        625500000.0000000000
      7      0                      11687654                                        626500000.0000000000
      7      0                      11687658                                        627000000.0000000000
      7      0                      11687660                                        627500000.0000000000
     14      1                      11687663                                        628000000.0000000000
      7      0                      11687664                                        628500000.0000000000
     16      1                      11687667                                        629500000.0000000000
      7      0                      11687672                                        630000000.0000000000
      7      0                      11687678                                        630500000.0000000000
      7      0                      11687680                                        631000000.0000000000
      7      0                      11687684                                        631500000.0000000000
      7      0                      11687686                                        632000000.0000000000
      7      0                      11687688                                        632500000.0000000000
      7      0                      11687692                                        633000000.0000000000
      7      0                      11687694                                        634000000.0000000000
     11      1                      12003048                                        634500000.0000000000
     30      3                      12003049                                        645000000.0000000000
     30      3                      12003055                                        645500000.0000000000
     32      3                      12003063                                        646500000.0000000000
     30      3                      12003075                                        647500000.0000000000
     32      3                      12003081                                        648000000.0000000000
     32      3                      12003085                                        648500000.0000000000
     30      3                      12003093                                        649000000.0000000000
     32      3                      12003101                                        649500000.0000000000
     30      3                      12003107                                        650000000.0000000000
     32      3                      12003113                                        650500000.0000000000
     30      3                      12003125                                        651000000.0000000000
     32      3                      12003135                                        651500000.0000000000
     30      3                      12003141                                        652000000.0000000000
     13      1                      12245410                                        652500000.0000000000
     30      3                      12245413                                        660500000.0000000000
     32      3                      12245417                                        661000000.0000000000
     30      3                      12245421                                        661500000.0000000000
     30      3                      12245427                                        662000000.0000000000
     30      3                      12245437                                        662500000.0000000000
     15      1                      12245442                                        663000000.0000000000
     30      3                      12245447                                        663500000.0000000000
     30      3                      12245457                                        664000000.0000000000
     30      3                      12245465                                        664500000.0000000000
     32      3                      12245469                                        665000000.0000000000
     32      3                      12245475                                        665500000.0000000000
     32      3                      12245481                                        666000000.0000000000
     30      3                      12245491                                        666500000.0000000000
     32      3                      12245499                                        667000000.0000000000
     32      3                      12245503                                        667500000.0000000000
     30      3                      12245509                                        668000000.0000000000
     32      3                      12245519                                        668500000.0000000000
     30      3                      12245521                                        669000000.0000000000
     30      3                      12245529                                        669500000.0000000000
     32      3                      12245545                                        670500000.0000000000
     30      3                      12245553                                        671000000.0000000000
     30      3                      12245561                                        671500000.0000000000
     32      3                      12245565                                        672000000.0000000000
     15      1                      12245578                                        672500000.0000000000
     32      3                      12245583                                        673000000.0000000000
     30      3                      12245591                                        673500000.0000000000
     30      3                      12245597                                        674000000.0000000000
     30      3                      12245607                                        674500000.0000000000
     30      3                      12245613                                        675000000.0000000000
     30      3                      12245615                                        675500000.0000000000
     32      3                      12245623                                        676000000.0000000000
     30      3                      12245635                                        676500000.0000000000
     30      3                      12245637                                        677000000.0000000000
     30      3                      12245643                                        677500000.0000000000
     30      3                      12245651                                        678000000.0000000000
     32      3                      12245655                                        678500000.0000000000
     30      3                      12245661                                        679000000.0000000000
     32      3                      12245665                                        679500000.0000000000
     30      3                      12245673                                        680000000.0000000000
     32      3                      12245679                                        680500000.0000000000
     30      3                      12245689                                        681000000.0000000000
     30      3                      12245701                                        681500000.0000000000
     30      3                      12245717                                        682000000.0000000000
     32      3                      12245723                                        682500000.0000000000
      9      1                      12581942                                        683000000.0000000000
     32      3                      12581943                                        694000000.0000000000
     30      3                      12581947                                        694500000.0000000000
     30      3                      12581951                                        695000000.0000000000
     32      3                      12581963                                        695500000.0000000000
     30      3                      12581967                                        696000000.0000000000
     30      3                      12581977                                        696500000.0000000000
     32      3                      12581979                                        697000000.0000000000
     15      1                      12581988                                        697500000.0000000000
     15      1                      12581992                                        698000000.0000000000
     32      3                      12581999                                        698500000.0000000000
     32      3                      12582007                                        699000000.0000000000
     30      3                      12582023                                        699500000.0000000000
     30      3                      12582031                                        700000000.0000000000
     30      3                      12582039                                        700500000.0000000000
     15      1                      12582048                                        701000000.0000000000
     32      3                      12582051                                        701500000.0000000000
     15      1                      12582056                                        702000000.0000000000
     30      3                      12582059                                        702500000.0000000000
     32      3                      12582063                                        703000000.0000000000
     32      3                      12582069                                        703500000.0000000000
     30      3                      12582081                                        704000000.0000000000
     32      3                      12582083                                        704500000.0000000000
     32      3                      12582089                                        705000000.0000000000
     10      1                      12702052                                        705500000.0000000000
     32      3                      12702053                                        709500000.0000000000
     32      3                      12702059                                        710000000.0000000000
     30      3                      12702069                                        710500000.0000000000
     15      1                      12702076                                        711000000.0000000000
     32      3                      12702079                                        711500000.0000000000
     12      1                      12905950                                        712000000.0000000000
     30      3                      12905955                                        719000000.0000000000
     15      1                      12905966                                        719500000.0000000000
     32      3                      12905971                                        720000000.0000000000
     30      3                      12905975                                        720500000.0000000000
     15      1                      12905982                                        721000000.0000000000
     30      3                      12905991                                        721500000.0000000000
     30      3                      12905999                                        722000000.0000000000
     32      3                      12906003                                        722500000.0000000000
     15      1                      12906010                                        723000000.0000000000
     32      3                      12906025                                        723500000.0000000000
     30      3                      12906035                                        724000000.0000000000
     32      3                      12906039                                        724500000.0000000000
     32      3                      12906041                                        725000000.0000000000
     30      3                      12906047                                        725500000.0000000000
     30      3                      12906053                                        726000000.0000000000
     12      1                      13251018                                        726500000.0000000000
     14      1                      13251022                                        738000000.0000000000
      7      0                      13251025                                        738500000.0000000000
     16      1                      13251026                                        739000000.0000000000
      7      0                      13251027                                        739500000.0000000000
     10      1                      13697839                                        740000000.0000000000
      7      0                      13697842                                        755000000.0000000000
      7      0                      13697846                                        755500000.0000000000
      7      0                      13697848                                        756000000.0000000000
      7      0                      13697850                                        758000000.0000000000
      7      0                      13697854                                        758500000.0000000000
      7      0                      13697856                                        760500000.0000000000
      7      0                      13697860                                        762000000.0000000000
      7      0                      13697862                                        763500000.0000000000
      7      0                      13697864                                        764500000.0000000000
      7      0                      13697868                                        765500000.0000000000
      7      0                      13697870                                        766000000.0000000000
      7      0                      13697872                                        766500000.0000000000
      7      0                      13697876                                        767000000.0000000000
      7      0                      13697880                                        767500000.0000000000
      7      0                      13697882                                        768000000.0000000000
      7      0                      13697884                                        770000000.0000000000
      3      0                      15729185                                        770500000.0000000000
     14      1                      15729186                                        839000000.0000000000
      7      0                      15729189                                        839500000.0000000000
      7      0                      15729195                                        840000000.0000000000
      7      0                      15729199                                        841000000.0000000000
      7      0                      15729201                                        841500000.0000000000
     16      1                      15729202                                        842000000.0000000000
      7      0                      15729211                                        842500000.0000000000
      7      0                      15729213                                        843000000.0000000000
      1      0                      19627254                                        843500000.0000000000
      7      0                      19627258                                        977000000.0000000000
     16      1                      19627261                                        977500000.0000000000
      7      0                      19627262                                        978000000.0000000000
      7      0                      19627266                                        978500000.0000000000
      7      0                      19627268                                        979000000.0000000000
      7      0                      19627272                                        980500000.0000000000
      7      0                      19627274                                        981000000.0000000000
      7      0                      19627276                                        981500000.0000000000
      7      0                      19627278                                        982000000.0000000000
      7      0                      19627280                                        984000000.0000000000
      7      0                      19627282                                        984500000.0000000000
      7      0                      19627286                                        985000000.0000000000
      7      0                      19627294                                        987000000.0000000000
      7      0                      19627296                                        989000000.0000000000
      7      0                      19627300                                        989500000.0000000000
     14      1                      19627305                                        990000000.0000000000
      7      0                      19627306                                        990500000.0000000000
      7      0                      19627308                                        991000000.0000000000
      7      0                      19627310                                        991500000.0000000000
      7      0                      19627312                                        992000000.0000000000
      7      0                      19627316                                        992500000.0000000000
      3      0                      22083979                                        993000000.0000000000
     23      2                      22083979                                       1078044107.3232706316
