      6      0                             0                                                0.0000000000
      6      0                             1                                           500000.0000000000
      6      0                             3                                          1500000.0000000000
      6      0                             5                                          3500000.0000000000
     23      2                             6                                          5000000.0000000000
      6      0                            11                                          5500000.0000000000
      8      0                            13                                          6500000.0000000000
      6      0                            15                                          7500000.0000000000
      8      0                            17                                         11500000.0000000000
      6      0                            19                                         12000000.0000000000
     23      2                            20                                         13500000.0000000000
      6      0                            21                                         14000000.0000000000
      8      0                            23                                         15000000.0000000000
      8      0                            25                                         15500000.0000000000
      8      0                            27                                         16500000.0000000000
     23      2                            30                                         20000000.0000000000
      6      0                            31                                         20500000.0000000000
      6      0                            33                                         22000000.0000000000
      8      0                            35                                         22500000.0000000000
      6      0                            37                                         23000000.0000000000
      6      0                            39                                         23500000.0000000000
     23      2                            42                                         24000000.0000000000
      6      0                            43                                         24500000.0000000000
      6      0                            47                                         26500000.0000000000
      8      0                            49                                         27000000.0000000000
      8      0                            51                                         29500000.0000000000
      8      0                            53                                         30500000.0000000000
      8      0                            55                                         31000000.0000000000
      6      0                            57                                         35000000.0000000000
      4      0                       1159238                                         35500000.0000000000
     23      2                       1159241                                         78500000.0000000000
      6      0                       1159242                                         79000000.0000000000
      8      0                       1159244                                         79500000.0000000000
      8      0                       1159248                                         80500000.0000000000
      3      0                       4966117                                         81000000.0000000000
      7      0                       4966119                                        209500000.0000000000
      7      0                       4966121                                        210000000.0000000000
      7      0                       4966125                                        212000000.0000000000
      7      0                       4966127                                        212500000.0000000000
      9      1                       5248918                                        213500000.0000000000
     30      3                       5248919                                        223000000.0000000000
     30      3                       5248929                                        223500000.0000000000
     30      3                       5248933                                        224000000.0000000000
     32      3                       5248935                                        224500000.0000000000
     32      3                       5248949                                        225000000.0000000000
     32      3                       5248955                                        225500000.0000000000
     30      3                       5248963                                        226000000.0000000000
     30      3                       5248967                                        226500000.0000000000
     30      3                       5248973                                        227000000.0000000000
     30      3                       5248979                                        227500000.0000000000
     30      3                       5248981                                        228000000.0000000000
     30      3                       5248987                                        228500000.0000000000
     30      3                       5248993                                        229000000.0000000000
     30      3                       5248997                                        229500000.0000000000
     32      3                       5249007                                        230000000.0000000000
     30      3                       5249011                                        231000000.0000000000
     30      3                       5249017                                        231500000.0000000000
     32      3                       5249029                                        232000000.0000000000
     32      3                       5249031                                        232500000.0000000000
     32      3                       5249035                                        233000000.0000000000
     30      3                       5249037                                        233500000.0000000000
     30      3                       5249043                                        234000000.0000000000
     15      1                       5249056                                        234500000.0000000000
     30      3                       5249059                                        235000000.0000000000
     32      3                       5249063                                        235500000.0000000000
     32      3                       5249067                                        236000000.0000000000
     32      3                       5249075                                        236500000.0000000000
     32      3                       5249079                                        237000000.0000000000
     30      3                       5249087                                        237500000.0000000000
     15      1                       5249094                                        238000000.0000000000
     30      3                       5249107                                        238500000.0000000000
     32      3                       5249119                                        239000000.0000000000
     30      3                       5249121                                        239500000.0000000000
     32      3                       5249123                                        240000000.0000000000
     30      3                       5249129                                        240500000.0000000000
     32      3                       5249135                                        241000000.0000000000
     32      3                       5249139                                        241500000.0000000000
     32      3                       5249143                                        242000000.0000000000
     32      3                       5249153                                        242500000.0000000000
     30      3                       5249157                                        243000000.0000000000
     32      3                       5249167                                        243500000.0000000000
     32      3                       5249173                                        244000000.0000000000
     30      3                       5249183                                        244500000.0000000000
     15      1                       5249194                                        245000000.0000000000
     32      3                       5249197                                        245500000.0000000000
     32      3                       5249201                                        246000000.0000000000
     30      3                       5249207                                        246500000.0000000000
     30      3                       5249211                                        247000000.0000000000
     30      3                       5249223                                        247500000.0000000000
     30      3                       5249227                                        248000000.0000000000
     30      3                       5249233                                        248500000.0000000000
     32      3                       5249239                                        249000000.0000000000
     15      1                       5249244                                        249500000.0000000000
     32      3                       5249247                                        250000000.0000000000
     32      3                       5249255                                        250500000.0000000000
     30      3                       5249263                                        251000000.0000000000
     32      3                       5249269                                        251500000.0000000000
     30      3                       5249281                                        252000000.0000000000
     30      3                       5249291                                        252500000.0000000000
     30      3                       5249295                                        253000000.0000000000
     32      3                       5249305                                        253500000.0000000000
     32      3                       5249313                                        254000000.0000000000
     15      1                       5249320                                        254500000.0000000000
     30      3                       5249329                                        255000000.0000000000
     32      3                       5249337                                        255500000.0000000000
     30      3                       5249345                                        256000000.0000000000
     32      3                       5249347                                        256500000.0000000000
     32      3                       5249357                                        257000000.0000000000
     15      1                       5249362                                        257500000.0000000000
     15      1                       5249370                                        258000000.0000000000
     15      1                       5249374                                        258500000.0000000000
     30      3                       5249383                                        259000000.0000000000
     30      3                       5249391                                        259500000.0000000000
     32      3                       5249397                                        260000000.0000000000
     32      3                       5249401                                        260500000.0000000000
     32      3                       5249405                                        261000000.0000000000
     32      3                       5249411                                        261500000.0000000000
     32      3                       5249419                                        262000000.0000000000
     30      3                       5249423                                        262500000.0000000000
     15      1                       5249438                                        263000000.0000000000
     30      3                       5249447                                        263500000.0000000000
     30      3                       5249451                                        264000000.0000000000
     30      3                       5249459                                        264500000.0000000000
     30      3                       5249463                                        265000000.0000000000
     30      3                       5249467                                        265500000.0000000000
     30      3                       5249475                                        266000000.0000000000
     30      3                       5249477                                        267000000.0000000000
     30      3                       5249481                                        267500000.0000000000
     30      3                       5249485                                        268000000.0000000000
     32      3                       5249503                                        268500000.0000000000
     30      3                       5249505                                        269000000.0000000000
     30      3                       5249511                                        269500000.0000000000
     32      3                       5249515                                        270000000.0000000000
     15      1                       5249520                                        270500000.0000000000
     30      3                       5249523                                        271000000.0000000000
     30      3                       5249529                                        271500000.0000000000
     32      3                       5249537                                        272000000.0000000000
     30      3                       5249543                                        272500000.0000000000
     30      3                       5249551                                        273000000.0000000000
     30      3                       5249567                                        273500000.0000000000
     30      3                       5249579                                        274000000.0000000000
     30      3                       5249587                                        274500000.0000000000
     32      3                       5249591                                        275000000.0000000000
     30      3                       5249595                                        275500000.0000000000
     32      3                       5249599                                        276000000.0000000000
     30      3                       5249609                                        276500000.0000000000
     32      3                       5249611                                        277000000.0000000000
     30      3                       5249621                                        277500000.0000000000
     15      1                       5249624                                        278000000.0000000000
     30      3                       5249631                                        278500000.0000000000
     30      3                       5249645                                        279000000.0000000000
     30      3                       5249651                                        279500000.0000000000
     30      3                       5249655                                        280000000.0000000000
     32      3                       5249663                                        280500000.0000000000
     32      3                       5249671                                        281000000.0000000000
     15      1                       5249676                                        281500000.0000000000
     30      3                       5249685                                        282000000.0000000000
     32      3                       5249695                                        282500000.0000000000
     32      3                       5249703                                        283000000.0000000000
     30      3                       5249705                                        283500000.0000000000
     30      3                       5249719                                        284000000.0000000000
     30      3                       5249725                                        284500000.0000000000
     15      1                       5249730                                        285000000.0000000000
     32      3                       5249735                                        285500000.0000000000
     32      3                       5249743                                        286000000.0000000000
     30      3                       5249747                                        286500000.0000000000
     32      3                       5249761                                        287000000.0000000000
     30      3                       5249765                                        287500000.0000000000
     30      3                       5249771                                        288000000.0000000000
     10      1                       5447149                                        288500000.0000000000
      1      0                       5764339                                        295500000.0000000000
      8      0                       5764343                                        306500000.0000000000
     23      2                       5764344                                        307500000.0000000000
      8      0                       5764345                                        308000000.0000000000
      8      0                       5764347                                        311000000.0000000000
      6      0                       5764349                                        312000000.0000000000
      6      0                       5764351                                        314000000.0000000000
      8      0                       5764353                                        314500000.0000000000
      6      0                       5764355                                        316500000.0000000000
      8      0                       5764357                                        317000000.0000000000
     23      2                       5764358                                        317500000.0000000000
      8      0                       5764359                                        318000000.0000000000
     23      2                       5764360                                        319000000.0000000000
      8      0                       5764361                                        319500000.0000000000
     23      2                       5764362                                        320000000.0000000000
      8      0                       5764363                                        320500000.0000000000
      8      0                       5764365                                        322500000.0000000000
      8      0                       5764367                                        323000000.0000000000
      5      0                       6176516                                        323500000.0000000000
      8      0                       6176518                                        338000000.0000000000
      8      0                       6176520                                        338500000.0000000000
      6      0                       6176522                                        339000000.0000000000
     23      2                       6176523                                        340000000.0000000000
      8      0                       6176524                                        340500000.0000000000
     23      2                       6176525                                        341500000.0000000000
      6      0                       6176526                                        342000000.0000000000
      2      0                       6202421                                        342500000.0000000000
      7      0                       6202423                                        345500000.0000000000
      7      0                       6202425                                        346000000.0000000000
     13      1                       6407119                                        346500000.0000000000
     30      3                       6407120                                        353500000.0000000000
     30      3                       6407128                                        354000000.0000000000
     30      3                       6407132                                        354500000.0000000000
     30      3                       6407146                                        355000000.0000000000
     30      3                       6407152                                        355500000.0000000000
     32      3                       6407156                                        356000000.0000000000
     30      3                       6407162                                        357000000.0000000000
     32      3                       6407168                                        357500000.0000000000
     15      1                       6407177                                        358000000.0000000000
     15      1                       6407189                                        358500000.0000000000
     32      3                       6407196                                        359000000.0000000000
     30      3                       6407200                                        359500000.0000000000
     30      3                       6407210                                        360000000.0000000000
     32      3                       6407218                                        360500000.0000000000
     30      3                       6407226                                        361000000.0000000000
     32      3                       6407230                                        361500000.0000000000
     30      3                       6407238                                        362000000.0000000000
     30      3                       6407240                                        362500000.0000000000
     32      3                       6407248                                        363000000.0000000000
     30      3                       6407256                                        363500000.0000000000
     30      3                       6407260                                        364000000.0000000000
     15      1                       6407267                                        364500000.0000000000
     30      3                       6407268                                        365000000.0000000000
     15      1                       6407275                                        365500000.0000000000
     15      1                       6407283                                        366000000.0000000000
     30      3                       6407294                                        366500000.0000000000
     32      3                       6407300                                        367000000.0000000000
     32      3                       6407304                                        367500000.0000000000
     30      3                       6407310                                        368000000.0000000000
     32      3                       6407318                                        368500000.0000000000
     32      3                       6407324                                        369000000.0000000000
     32      3                       6407330                                        369500000.0000000000
     30      3                       6407336                                        370000000.0000000000
     30      3                       6407344                                        370500000.0000000000
     30      3                       6407350                                        371000000.0000000000
     32      3                       6407358                                        371500000.0000000000
     32      3                       6407362                                        372000000.0000000000
     30      3                       6407366                                        372500000.0000000000
     32      3                       6407372                                        373000000.0000000000
     30      3                       6407378                                        373500000.0000000000
     30      3                       6407388                                        374000000.0000000000
     32      3                       6407396                                        374500000.0000000000
     30      3                       6407400                                        375000000.0000000000
     15      1                       6407409                                        375500000.0000000000
     30      3                       6407410                                        376000000.0000000000
     27      3                       6541710                                        376500000.0000000000
     24      2                       6541715                                        503500000.0000000000
     22      2                       6541717                                        504000000.0000000000
     22      2                       6541719                                        504500000.0000000000
     22      2                       6541721                                        505000000.0000000000
     24      2                       6541723                                        505500000.0000000000
     24      2                       6541727                                        506000000.0000000000
     31      3                       6541730                                        506500000.0000000000
     22      2                       6541731                                        507000000.0000000000
     31      3                       6541734                                        507500000.0000000000
     24      2                       6541739                                        508000000.0000000000
     24      2                       6541743                                        508500000.0000000000
     22      2                       6541747                                        509000000.0000000000
     22      2                       6541751                                        509500000.0000000000
     22      2                       6541757                                        510000000.0000000000
     24      2                       6541759                                        510500000.0000000000
     22      2                       6541763                                        511000000.0000000000
     24      2                       6541769                                        511500000.0000000000
     22      2                       6541771                                        512000000.0000000000
     31      3                       6541772                                        512500000.0000000000
     22      2                       6541773                                        513000000.0000000000
     22      2                       6541779                                        514500000.0000000000
     31      3                       6541784                                        515000000.0000000000
     24      2                       6541789                                        515500000.0000000000
     24      2                       6541791                                        516000000.0000000000
     22      2                       6541795                                        516500000.0000000000
     24      2                       6541797                                        517500000.0000000000
     24      2                       6541801                                        518000000.0000000000
     24      2                       6541805                                        518500000.0000000000
     24      2                       6541811                                        519500000.0000000000
     22      2                       6541815                                        520000000.0000000000
     22      2                       6541821                                        520500000.0000000000
     31      3                       6541824                                        521000000.0000000000
     24      2                       6541825                                        521500000.0000000000
     22      2                       6541829                                        522000000.0000000000
     24      2                       6541833                                        523000000.0000000000
     22      2                       6541835                                        523500000.0000000000
     24      2                       6541837                                        524000000.0000000000
     24      2                       6541839                                        524500000.0000000000
     22      2                       6541843                                        525000000.0000000000
     22      2                       6541845                                        525500000.0000000000
     22      2                       6541855                                        526000000.0000000000
     24      2                       6541857                                        526500000.0000000000
     31      3                       6541862                                        527000000.0000000000
     22      2                       6541865                                        527500000.0000000000
     22      2                       6541867                                        528000000.0000000000
     24      2                       6541873                                        528500000.0000000000
     24      2                       6541875                                        529000000.0000000000
     31      3                       6541880                                        529500000.0000000000
     24      2                       6541883                                        530000000.0000000000
     24      2                       6541887                                        530500000.0000000000
     24      2                       6541889                                        531000000.0000000000
     24      2                       6541891                                        531500000.0000000000
     22      2                       6541893                                        532000000.0000000000
     22      2                       6541895                                        532500000.0000000000
     24      2                       6541897                                        533000000.0000000000
     24      2                       6541903                                        533500000.0000000000
     22      2                       6541907                                        534000000.0000000000
     22      2                       6541909                                        534500000.0000000000
     22      2                       6541913                                        535500000.0000000000
     24      2                       6541917                                        536000000.0000000000
     22      2                       6541919                                        537000000.0000000000
     22      2                       6541923                                        537500000.0000000000
     31      3                       6541924                                        538000000.0000000000
     24      2                       6541927                                        538500000.0000000000
     22      2                       6541929                                        539000000.0000000000
     24      2                       6541931                                        539500000.0000000000
     24      2                       6541933                                        540000000.0000000000
     31      3                       6541936                                        541000000.0000000000
     22      2                       6541939                                        541500000.0000000000
     24      2                       6541943                                        542000000.0000000000
     24      2                       6541945                                        542500000.0000000000
     22      2                       6541947                                        543000000.0000000000
     22      2                       6541951                                        543500000.0000000000
     22      2                       6541961                                        544500000.0000000000
     22      2                       6541963                                        545000000.0000000000
     22      2                       6541965                                        545500000.0000000000
     22      2                       6541969                                        546000000.0000000000
     24      2                       6541973                                        546500000.0000000000
     31      3                       6541980                                        547000000.0000000000
     24      2                       6541981                                        547500000.0000000000
     22      2                       6541987                                        548000000.0000000000
     22      2                       6541989                                        549000000.0000000000
     24      2                       6541993                                        549500000.0000000000
     22      2                       6541995                                        550000000.0000000000
     22      2                       6541997                                        550500000.0000000000
     24      2                       6541999                                        551500000.0000000000
     31      3                       6542004                                        552000000.0000000000
     24      2                       6542009                                        552500000.0000000000
     24      2                       6542013                                        553000000.0000000000
     22      2                       6542021                                        553500000.0000000000
     24      2                       6542025                                        554000000.0000000000
     18      2                       7525161                                        554500000.0000000000
      6      0                       7525161                                       1728738833.8458993463
