     22      2                             0                                                0.0000000000
     24      2                             3                                           500000.0000000000
     24      2                             9                                          1000000.0000000000
     24      2                            11                                          2500000.0000000000
     24      2                            17                                          3000000.0000000000
     24      2                            21                                          3500000.0000000000
     24      2                            25                                          4000000.0000000000
     24      2                            27                                          4500000.0000000000
     22      2                            29                                          5500000.0000000000
     22      2                            33                                          6000000.0000000000
     24      2                            35                                          6500000.0000000000
     22      2                            39                                          7000000.0000000000
     24      2                            41                                          7500000.0000000000
     22      2                            43                                          8000000.0000000000
     24      2                            47                                          9000000.0000000000
     31      3                            48                                          9500000.0000000000
     22      2                            51                                         10000000.0000000000
     24      2                            55                                         10500000.0000000000
     31      3                            56                                         11000000.0000000000
     24      2                            59                                         11500000.0000000000
     24      2                            63                                         12000000.0000000000
     24      2                            65                                         12500000.0000000000
     22      2                            67                                         13000000.0000000000
     22      2                            71                                         13500000.0000000000
     24      2                            73                                         14000000.0000000000
     22      2                            79                                         14500000.0000000000
     31      3                            86                                         15000000.0000000000
     22      2                            89                                         15500000.0000000000
     22      2                            91                                         16000000.0000000000
     24      2                            95                                         16500000.0000000000
     31      3                            98                                         17000000.0000000000
     24      2                           103                                         17500000.0000000000
     24      2                           105                                         18000000.0000000000
     31      3                           108                                         18500000.0000000000
     22      2                           113                                         19000000.0000000000
     22      2                           117                                         19500000.0000000000
     24      2                           121                                         20000000.0000000000
     24      2                           123                                         20500000.0000000000
     24      2                           125                                         21000000.0000000000
     24      2                           129                                         21500000.0000000000
     22      2                           133                                         22500000.0000000000
     24      2                           137                                         23000000.0000000000
     22      2                           145                                         23500000.0000000000
     31      3                           146                                         24000000.0000000000
     22      2                           149                                         24500000.0000000000
     31      3                           154                                         25000000.0000000000
     22      2                           161                                         25500000.0000000000
     24      2                           165                                         26500000.0000000000
     22      2                           167                                         27500000.0000000000
     22      2                           175                                         28000000.0000000000
     31      3                           180                                         28500000.0000000000
     22      2                           183                                         29000000.0000000000
     24      2                           185                                         30000000.0000000000
     24      2                           189                                         30500000.0000000000
     22      2                           191                                         31000000.0000000000
     24      2                           193                                         31500000.0000000000
     24      2                           195                                         32000000.0000000000
     24      2                           199                                         32500000.0000000000
     24      2                           201                                         33000000.0000000000
     24      2                           205                                         33500000.0000000000
     24      2                           209                                         34000000.0000000000
     31      3                           212                                         35000000.0000000000
     24      2                           213                                         36000000.0000000000
     24      2                           217                                         36500000.0000000000
     22      2                           219                                         37000000.0000000000
     31      3                           220                                         37500000.0000000000
     31      3                           224                                         38000000.0000000000
     22      2                           225                                         38500000.0000000000
     22      2                           227                                         39000000.0000000000
     22      2                           231                                         39500000.0000000000
     22      2                           237                                         40000000.0000000000
     31      3                           240                                         40500000.0000000000
     24      2                           241                                         41000000.0000000000
     22      2                           245                                         41500000.0000000000
     24      2                           247                                         42500000.0000000000
     22      2                           251                                         44000000.0000000000
     31      3                           254                                         44500000.0000000000
     22      2                           259                                         45000000.0000000000
     24      2                           263                                         45500000.0000000000
     22      2                           265                                         46000000.0000000000
     31      3                           266                                         46500000.0000000000
     31      3                           274                                         47000000.0000000000
     22      2                           277                                         47500000.0000000000
     24      2                           279                                         48000000.0000000000
     22      2                           283                                         48500000.0000000000
     22      2                           285                                         49000000.0000000000
     31      3                           288                                         49500000.0000000000
     24      2                           291                                         50000000.0000000000
     22      2                           293                                         51000000.0000000000
     31      3                           294                                         51500000.0000000000
     31      3                           300                                         52000000.0000000000
     31      3                           304                                         52500000.0000000000
     31      3                           308                                         53000000.0000000000
     22      2                           313                                         53500000.0000000000
     24      2                           317                                         54000000.0000000000
     31      3                           322                                         54500000.0000000000
     22      2                           325                                         55000000.0000000000
     24      2                           329                                         55500000.0000000000
     31      3                           336                                         56000000.0000000000
     24      2                           343                                         56500000.0000000000
     22      2                           345                                         57000000.0000000000
     22      2                           347                                         57500000.0000000000
     24      2                           351                                         58000000.0000000000
     31      3                           354                                         58500000.0000000000
     22      2                           357                                         59000000.0000000000
     31      3                           360                                         59500000.0000000000
     22      2                           365                                         60000000.0000000000
     24      2                           367                                         60500000.0000000000
     22      2                           373                                         61000000.0000000000
     22      2                           377                                         61500000.0000000000
     22      2                           381                                         62500000.0000000000
     22      2                           383                                         63000000.0000000000
     24      2                           385                                         63500000.0000000000
     22      2                           387                                         64000000.0000000000
     22      2                           389                                         64500000.0000000000
     24      2                           391                                         65000000.0000000000
     24      2                           393                                         65500000.0000000000
     24      2                           397                                         66500000.0000000000
     24      2                           399                                         67000000.0000000000
     24      2                           401                                         67500000.0000000000
     31      3                           404                                         68000000.0000000000
     22      2                           407                                         68500000.0000000000
     22      2                           411                                         69000000.0000000000
     22      2                           413                                         69500000.0000000000
     24      2                           421                                         70000000.0000000000
     22      2                           425                                         70500000.0000000000
     31      3                           432                                         71000000.0000000000
     22      2                           433                                         71500000.0000000000
     22      2                           439                                         72000000.0000000000
     31      3                           444                                         72500000.0000000000
     22      2                           447                                         73000000.0000000000
     24      2                           451                                         73500000.0000000000
     31      3                           456                                         74500000.0000000000
     31      3                           462                                         75000000.0000000000
     22      2                           467                                         75500000.0000000000
     22      2                           473                                         76000000.0000000000
     24      2                           475                                         76500000.0000000000
     31      3                           476                                         77000000.0000000000
     31      3                           478                                         77500000.0000000000
     24      2                           485                                         78000000.0000000000
     31      3                           488                                         78500000.0000000000
     24      2                           491                                         79000000.0000000000
     24      2                           497                                         79500000.0000000000
     31      3                           502                                         80000000.0000000000
     31      3                           504                                         80500000.0000000000
     22      2                           509                                         81000000.0000000000
     22      2                           517                                         81500000.0000000000
     22      2                           521                                         82000000.0000000000
     31      3                           526                                         82500000.0000000000
     22      2                           533                                         83000000.0000000000
     22      2                           539                                         83500000.0000000000
     22      2                           541                                         85500000.0000000000
     24      2                           543                                         86000000.0000000000
     22      2                           545                                         87000000.0000000000
     31      3                           546                                         87500000.0000000000
     22      2                           549                                         88000000.0000000000
     22      2                           551                                         88500000.0000000000
     24      2                           557                                         89000000.0000000000
     22      2                           559                                         89500000.0000000000
     24      2                           561                                         90000000.0000000000
     24      2                           565                                         90500000.0000000000
     24      2                           567                                         91000000.0000000000
     24      2                           573                                         91500000.0000000000
     24      2                           577                                         92000000.0000000000
     31      3                           582                                         92500000.0000000000
     22      2                           585                                         93000000.0000000000
     24      2                           587                                         93500000.0000000000
     24      2                           591                                         94500000.0000000000
     31      3                           598                                         95500000.0000000000
     24      2                           601                                         96000000.0000000000
     22      2                           603                                         97000000.0000000000
     24      2                           609                                         98000000.0000000000
     31      3                           612                                         99000000.0000000000
     22      2                           615                                         99500000.0000000000
     24      2                           617                                        100000000.0000000000
     22      2                           619                                        100500000.0000000000
     31      3                           620                                        101000000.0000000000
     24      2                           623                                        101500000.0000000000
     31      3                           626                                        102500000.0000000000
     22      2                           629                                        103000000.0000000000
     22      2                           631                                        104000000.0000000000
     22      2                           633                                        104500000.0000000000
     22      2                           639                                        105000000.0000000000
     22      2                           643                                        105500000.0000000000
     24      2                           645                                        106000000.0000000000
     22      2                           647                                        106500000.0000000000
     24      2                           653                                        107000000.0000000000
     31      3                           656                                        107500000.0000000000
     31      3                           660                                        108000000.0000000000
     31      3                           668                                        108500000.0000000000
     24      2                           673                                        109000000.0000000000
     31      3                           676                                        110000000.0000000000
     22      2                           681                                        110500000.0000000000
     31      3                           684                                        111000000.0000000000
     24      2                           689                                        111500000.0000000000
     22      2                           691                                        112000000.0000000000
     22      2                           693                                        112500000.0000000000
     31      3                           696                                        113000000.0000000000
     22      2                           697                                        113500000.0000000000
     31      3                           702                                        114000000.0000000000
     24      2                           707                                        114500000.0000000000
     22      2                           711                                        115000000.0000000000
     31      3                           712                                        116000000.0000000000
     24      2                           715                                        116500000.0000000000
     24      2                           719                                        117000000.0000000000
     22      2                           721                                        117500000.0000000000
     22      2                           725                                        118000000.0000000000
     31      3                           726                                        118500000.0000000000
     22      2                           729                                        119000000.0000000000
     24      2                           731                                        119500000.0000000000
     22      2                           735                                        120500000.0000000000
     24      2                           737                                        121500000.0000000000
     24      2                           739                                        122500000.0000000000
     24      2                           741                                        123000000.0000000000
     24      2                           745                                        123500000.0000000000
     31      3                           748                                        124000000.0000000000
     31      3                           752                                        124500000.0000000000
     22      2                           755                                        125000000.0000000000
     24      2                           757                                        125500000.0000000000
     24      2                           759                                        126000000.0000000000
     22      2                           763                                        126500000.0000000000
     24      2                           769                                        127000000.0000000000
     22      2                           773                                        127500000.0000000000
     22      2                           777                                        128000000.0000000000
     24      2                           781                                        128500000.0000000000
     31      3                           784                                        129000000.0000000000
     22      2                           789                                        129500000.0000000000
     24      2                           791                                        130000000.0000000000
     22      2                           793                                        130500000.0000000000
     22      2                           795                                        131500000.0000000000
     22      2                           799                                        132000000.0000000000
     24      2                           801                                        132500000.0000000000
     24      2                           803                                        133000000.0000000000
     24      2                           805                                        133500000.0000000000
     22      2                           809                                        134000000.0000000000
     31      3                           810                                        134500000.0000000000
     24      2                           813                                        135000000.0000000000
     22      2                           819                                        136000000.0000000000
     31      3                           820                                        136500000.0000000000
     22      2                           823                                        137000000.0000000000
     31      3                           828                                        137500000.0000000000
     22      2                           829                                        138000000.0000000000
     22      2                           831                                        138500000.0000000000
     24      2                           835                                        139000000.0000000000
     22      2                           837                                        139500000.0000000000
     31      3                           842                                        140500000.0000000000
     24      2                           845                                        141000000.0000000000
     22      2                           847                                        141500000.0000000000
     31      3                           854                                        142000000.0000000000
     24      2                           857                                        142500000.0000000000
     31      3                           862                                        143000000.0000000000
     24      2                           867                                        143500000.0000000000
     31      3                           870                                        145000000.0000000000
     22      2                           871                                        145500000.0000000000
     31      3                           876                                        146000000.0000000000
     22      2                           879                                        146500000.0000000000
     24      2                           883                                        147500000.0000000000
     24      2                           885                                        148000000.0000000000
     24      2                           887                                        149500000.0000000000
     22      2                           893                                        150000000.0000000000
     22      2                           899                                        150500000.0000000000
     31      3                           902                                        151500000.0000000000
     24      2                           903                                        152000000.0000000000
     24      2                           905                                        152500000.0000000000
     31      3                           908                                        153000000.0000000000
     24      2                           913                                        153500000.0000000000
     24      2                           915                                        154000000.0000000000
     24      2                           917                                        154500000.0000000000
     31      3                           920                                        155000000.0000000000
     22      2                           923                                        155500000.0000000000
     24      2                           929                                        156000000.0000000000
     24      2                           935                                        156500000.0000000000
     31      3                           938                                        157000000.0000000000
     31      3                           944                                        157500000.0000000000
     31      3                           948                                        158000000.0000000000
     24      2                           953                                        158500000.0000000000
     22      2                           957                                        159000000.0000000000
     22      2                           961                                        160000000.0000000000
     31      3                           962                                        160500000.0000000000
     31      3                           968                                        161000000.0000000000
     24      2                           969                                        161500000.0000000000
     22      2                           971                                        162000000.0000000000
     22      2                           973                                        162500000.0000000000
     24      2                           975                                        163000000.0000000000
     22      2                           979                                        164000000.0000000000
     22      2                           981                                        164500000.0000000000
     31      3                           982                                        165000000.0000000000
     19      2                         18536                                        165500000.0000000000
     31      3                         18541                                        186500000.0000000000
     22      2                         18542                                        187000000.0000000000
     22      2                         18544                                        187500000.0000000000
     22      2                         18548                                        188000000.0000000000
     24      2                         18552                                        188500000.0000000000
     22      2                         18560                                        189000000.0000000000
     22      2                         18564                                        189500000.0000000000
     24      2                         18568                                        190000000.0000000000
     24      2                         18570                                        190500000.0000000000
     24      2                         18572                                        191000000.0000000000
     31      3                         18573                                        191500000.0000000000
     22      2                         18580                                        192000000.0000000000
     22      2                         18582                                        192500000.0000000000
     31      3                         18587                                        193000000.0000000000
     24      2                         18590                                        193500000.0000000000
     24      2                         18594                                        194000000.0000000000
     22      2                         18596                                        194500000.0000000000
     22      2                         18598                                        195000000.0000000000
     31      3                         18601                                        195500000.0000000000
     22      2                         18604                                        196000000.0000000000
     22      2                         18610                                        196500000.0000000000
     31      3                         18611                                        197000000.0000000000
     22      2                         18614                                        197500000.0000000000
     24      2                         18616                                        198000000.0000000000
     22      2                         18618                                        198500000.0000000000
     31      3                         18623                                        199000000.0000000000
     22      2                         18626                                        199500000.0000000000
     22      2                         18630                                        200000000.0000000000
     24      2                         18632                                        200500000.0000000000
     24      2                         18636                                        201000000.0000000000
     22      2                         18642                                        201500000.0000000000
     22      2                         18646                                        202000000.0000000000
     31      3                         18651                                        202500000.0000000000
     22      2                         18654                                        203000000.0000000000
     31      3                         18655                                        203500000.0000000000
     22      2                         18660                                        204000000.0000000000
     22      2                         18662                                        204500000.0000000000
     22      2                         18664                                        205000000.0000000000
     24      2                         18668                                        205500000.0000000000
     22      2                         18670                                        206000000.0000000000
     31      3                         18671                                        206500000.0000000000
     22      2                         18672                                        207000000.0000000000
     31      3                         18673                                        207500000.0000000000
     31      3                         18679                                        208000000.0000000000
     24      2                         18682                                        208500000.0000000000
     22      2                         18684                                        209000000.0000000000
     22      2                         18690                                        209500000.0000000000
     31      3                         18695                                        210000000.0000000000
     24      2                         18698                                        210500000.0000000000
     24      2                         18700                                        211000000.0000000000
     24      2                         18702                                        212000000.0000000000
     22      2                         18708                                        212500000.0000000000
     24      2                         18714                                        213000000.0000000000
     31      3                         18717                                        213500000.0000000000
     24      2                         18720                                        214000000.0000000000
     24      2                         18726                                        214500000.0000000000
     31      3                         18729                                        215000000.0000000000
     24      2                         18736                                        215500000.0000000000
     24      2                         18740                                        216000000.0000000000
     22      2                         18744                                        216500000.0000000000
     22      2                         18746                                        217000000.0000000000
     22      2                         18748                                        217500000.0000000000
     22      2                         18752                                        218000000.0000000000
     31      3                         18757                                        218500000.0000000000
     31      3                         18763                                        219000000.0000000000
     31      3                         18767                                        219500000.0000000000
     24      2                         18770                                        220000000.0000000000
     24      2                         18772                                        220500000.0000000000
     24      2                         18774                                        221000000.0000000000
     22      2                         18778                                        221500000.0000000000
     31      3                         18783                                        222000000.0000000000
     31      3                         18787                                        222500000.0000000000
     24      2                         18792                                        223000000.0000000000
     24      2                         18794                                        223500000.0000000000
     24      2                         18796                                        224000000.0000000000
     24      2                         18798                                        225000000.0000000000
     22      2                         18802                                        225500000.0000000000
     22      2                         18804                                        226000000.0000000000
     22      2                         18806                                        226500000.0000000000
     31      3                         18809                                        227000000.0000000000
     24      2                         18810                                        227500000.0000000000
     24      2                         18814                                        228000000.0000000000
     31      3                         18817                                        228500000.0000000000
     22      2                         18820                                        229000000.0000000000
     24      2                         18824                                        230000000.0000000000
     22      2                         18826                                        230500000.0000000000
     31      3                         18833                                        231000000.0000000000
     22      2                         18836                                        231500000.0000000000
     31      3                         18841                                        232000000.0000000000
     24      2                         18844                                        232500000.0000000000
     31      3                         18845                                        233000000.0000000000
     24      2                         18846                                        233500000.0000000000
     24      2                         18850                                        234000000.0000000000
     22      2                         18852                                        234500000.0000000000
     22      2                         18856                                        235000000.0000000000
     31      3                         18859                                        235500000.0000000000
     22      2                         18862                                        236000000.0000000000
     24      2                         18864                                        236500000.0000000000
     24      2                         18866                                        237500000.0000000000
     31      3                         18869                                        238000000.0000000000
     24      2                         18872                                        238500000.0000000000
     22      2                         18878                                        239000000.0000000000
     22      2                         18880                                        239500000.0000000000
     31      3                         18881                                        240000000.0000000000
     31      3                         18883                                        240500000.0000000000
     22      2                         18884                                        241000000.0000000000
     24      2                         18886                                        241500000.0000000000
     22      2                         18888                                        242000000.0000000000
     24      2                         18890                                        242500000.0000000000
     22      2                         18894                                        243000000.0000000000
     22      2                         18896                                        243500000.0000000000
     31      3                         18903                                        244000000.0000000000
     24      2                         18904                                        244500000.0000000000
     31      3                         18907                                        245500000.0000000000
     31      3                         18913                                        246000000.0000000000
     31      3                         18915                                        246500000.0000000000
     24      2                         18918                                        247000000.0000000000
     31      3                         18921                                        247500000.0000000000
     22      2                         18922                                        248000000.0000000000
     22      2                         18924                                        248500000.0000000000
     22      2                         18930                                        249500000.0000000000
     22      2                         18932                                        250000000.0000000000
     24      2                         18934                                        250500000.0000000000
     24      2                         18938                                        251000000.0000000000
     22      2                         18940                                        251500000.0000000000
     22      2                         18944                                        252000000.0000000000
     22      2                         18950                                        253000000.0000000000
     24      2                         18954                                        253500000.0000000000
     24      2                         18958                                        254000000.0000000000
     22      2                         18962                                        254500000.0000000000
     24      2                         18964                                        255500000.0000000000
     24      2                         18968                                        256000000.0000000000
     31      3                         18969                                        256500000.0000000000
     22      2                         18972                                        257000000.0000000000
     22      2                         18974                                        257500000.0000000000
     24      2                         18978                                        258000000.0000000000
     24      2                         18984                                        259000000.0000000000
     24      2                         18986                                        259500000.0000000000
     24      2                         18988                                        260000000.0000000000
     31      3                         18995                                        260500000.0000000000
     24      2                         18996                                        261000000.0000000000
     31      3                         19001                                        261500000.0000000000
     22      2                         19002                                        262000000.0000000000
     31      3                         19005                                        262500000.0000000000
     24      2                         19008                                        263000000.0000000000
     22      2                         19010                                        263500000.0000000000
     24      2                         19014                                        264000000.0000000000
     22      2                         19016                                        265500000.0000000000
     22      2                         19018                                        266000000.0000000000
     22      2                         19024                                        266500000.0000000000
     22      2                         19028                                        267000000.0000000000
     24      2                         19034                                        267500000.0000000000
     24      2                         19038                                        268000000.0000000000
     31      3                         19043                                        268500000.0000000000
     24      2                         19044                                        269000000.0000000000
     24      2                         19046                                        269500000.0000000000
     22      2                         19050                                        270000000.0000000000
     22      2                         19054                                        270500000.0000000000
     31      3                         19057                                        271000000.0000000000
     22      2                         19060                                        271500000.0000000000
     22      2                         19062                                        272000000.0000000000
     24      2                         19064                                        272500000.0000000000
     22      2                         19070                                        273000000.0000000000
     31      3                         19071                                        273500000.0000000000
     24      2                         19074                                        274000000.0000000000
     24      2                         19076                                        275500000.0000000000
     24      2                         19080                                        276000000.0000000000
     22      2                         19084                                        276500000.0000000000
     31      3                         19085                                        277000000.0000000000
     24      2                         19088                                        277500000.0000000000
     24      2                         19090                                        278000000.0000000000
     31      3                         19097                                        278500000.0000000000
     24      2                         19102                                        279000000.0000000000
     24      2                         19106                                        279500000.0000000000
     24      2                         19108                                        280000000.0000000000
     31      3                         19113                                        280500000.0000000000
     24      2                         19118                                        281000000.0000000000
     22      2                         19120                                        281500000.0000000000
     22      2                         19122                                        283000000.0000000000
     24      2                         19128                                        283500000.0000000000
     24      2                         19132                                        284000000.0000000000
     24      2                         19136                                        284500000.0000000000
     24      2                         19138                                        285000000.0000000000
     24      2                         19142                                        286000000.0000000000
     24      2                         19144                                        286500000.0000000000
     24      2                         19146                                        287000000.0000000000
     24      2                         19154                                        287500000.0000000000
     24      2                         19156                                        288000000.0000000000
     22      2                         19160                                        288500000.0000000000
     22      2                         19166                                        289000000.0000000000
     22      2                         19170                                        289500000.0000000000
     24      2                         19172                                        290000000.0000000000
     31      3                         19175                                        290500000.0000000000
     31      3                         19177                                        291000000.0000000000
     22      2                         19180                                        291500000.0000000000
     22      2                         19182                                        292000000.0000000000
     31      3                         19185                                        292500000.0000000000
     24      2                         19188                                        293000000.0000000000
     22      2                         19194                                        293500000.0000000000
     31      3                         19195                                        294500000.0000000000
     31      3                         19197                                        295000000.0000000000
     22      2                         19198                                        295500000.0000000000
     22      2                         19204                                        296000000.0000000000
     24      2                         19206                                        296500000.0000000000
     24      2                         19210                                        297000000.0000000000
     22      2                         19214                                        297500000.0000000000
     24      2                         19216                                        298000000.0000000000
     22      2                         19220                                        298500000.0000000000
     24      2                         19224                                        299000000.0000000000
     18      2                         34251                                        299500000.0000000000
     24      2                         34253                                        318500000.0000000000
     24      2                         34257                                        319000000.0000000000
     24      2                         34259                                        319500000.0000000000
     24      2                         34265                                        320000000.0000000000
     22      2                         34273                                        320500000.0000000000
     22      2                         34281                                        321000000.0000000000
     31      3                         34282                                        321500000.0000000000
     24      2                         34285                                        322000000.0000000000
     24      2                         34289                                        322500000.0000000000
     22      2                         34291                                        323000000.0000000000
     22      2                         34295                                        323500000.0000000000
     22      2                         34299                                        324000000.0000000000
     22      2                         34303                                        324500000.0000000000
     31      3                         34306                                        325000000.0000000000
     24      2                         34309                                        325500000.0000000000
     24      2                         34313                                        326000000.0000000000
     22      2                         34315                                        326500000.0000000000
     31      3                         34320                                        327000000.0000000000
     29      3                         63693                                        327500000.0000000000
     22      2                         63696                                        355500000.0000000000
     22      2                         63698                                        356000000.0000000000
     22      2                         63702                                        356500000.0000000000
     31      3                         63705                                        357000000.0000000000
     22      2                         63706                                        357500000.0000000000
     22      2                         63710                                        358000000.0000000000
     22      2                         63718                                        358500000.0000000000
     24      2                         63724                                        359000000.0000000000
     22      2                         63726                                        360000000.0000000000
     24      2                         63730                                        360500000.0000000000
     22      2                         63734                                        361500000.0000000000
     31      3                         63737                                        362000000.0000000000
     22      2                         63742                                        362500000.0000000000
     22      2                         63744                                        363000000.0000000000
     22      2                         63748                                        363500000.0000000000
     24      2                         63752                                        364000000.0000000000
     22      2                         63756                                        364500000.0000000000
     24      2                         63758                                        365000000.0000000000
     22      2                         63760                                        366000000.0000000000
     24      2                         63764                                        366500000.0000000000
     22      2                         63768                                        367000000.0000000000
     24      2                         63770                                        367500000.0000000000
     31      3                         63773                                        368000000.0000000000
     22      2                         63778                                        368500000.0000000000
     24      2                         63782                                        369500000.0000000000
     24      2                         63786                                        370000000.0000000000
     24      2                         63790                                        370500000.0000000000
     24      2                         63794                                        371000000.0000000000
     24      2                         63798                                        371500000.0000000000
     22      2                         63802                                        372000000.0000000000
     31      3                         63805                                        373000000.0000000000
     31      3                         63809                                        373500000.0000000000
     31      3                         63815                                        374000000.0000000000
     24      2                         63820                                        374500000.0000000000
     24      2                         63822                                        375000000.0000000000
     31      3                         63825                                        375500000.0000000000
     31      3                         63827                                        376000000.0000000000
     24      2                         63830                                        376500000.0000000000
     22      2                         63832                                        377000000.0000000000
     22      2                         63834                                        377500000.0000000000
     24      2                         63836                                        378000000.0000000000
     24      2                         63838                                        378500000.0000000000
     22      2                         63840                                        379000000.0000000000
     22      2                         63842                                        379500000.0000000000
     31      3                         63845                                        380000000.0000000000
     22      2                         63848                                        380500000.0000000000
     24      2                         63854                                        382000000.0000000000
     22      2                         63856                                        382500000.0000000000
     22      2                         63862                                        383000000.0000000000
     24      2                         63866                                        384000000.0000000000
     24      2                         63868                                        384500000.0000000000
     22      2                         63870                                        385000000.0000000000
     22      2                         63872                                        386000000.0000000000
     22      2                         63876                                        386500000.0000000000
     24      2                         63884                                        387000000.0000000000
     22      2                         63886                                        387500000.0000000000
     22      2                         63888                                        388000000.0000000000
     31      3                         63891                                        388500000.0000000000
     22      2                         63894                                        389000000.0000000000
     22      2                         63900                                        389500000.0000000000
     24      2                         63904                                        390000000.0000000000
     22      2                         63906                                        390500000.0000000000
     31      3                         63911                                        391500000.0000000000
     22      2                         63916                                        392000000.0000000000
     24      2                         63918                                        392500000.0000000000
     22      2                         63922                                        393000000.0000000000
     22      2                         63924                                        394000000.0000000000
     24      2                         63928                                        394500000.0000000000
     24      2                         63932                                        395000000.0000000000
     22      2                         63936                                        395500000.0000000000
     31      3                         63939                                        396000000.0000000000
     24      2                         63946                                        396500000.0000000000
     22      2                         63950                                        397000000.0000000000
     31      3                         63953                                        397500000.0000000000
     31      3                         63955                                        398000000.0000000000
     31      3                         63957                                        398500000.0000000000
     24      2                         63966                                        399000000.0000000000
     24      2                         63972                                        400000000.0000000000
     31      3                         63973                                        400500000.0000000000
     24      2                         63974                                        401000000.0000000000
     31      3                         63979                                        401500000.0000000000
     31      3                         63985                                        402000000.0000000000
     22      2                         63990                                        402500000.0000000000
     22      2                         63994                                        403500000.0000000000
     24      2                         63998                                        404000000.0000000000
     24      2                         64000                                        405000000.0000000000
     22      2                         64002                                        405500000.0000000000
     24      2                         64004                                        406000000.0000000000
     24      2                         64006                                        407000000.0000000000
     31      3                         64009                                        407500000.0000000000
     24      2                         64012                                        408000000.0000000000
     31      3                         64013                                        409000000.0000000000
     22      2                         64014                                        409500000.0000000000
     22      2                         64018                                        410000000.0000000000
     24      2                         64020                                        410500000.0000000000
     22      2                         64022                                        411000000.0000000000
     31      3                         64029                                        411500000.0000000000
     24      2                         64030                                        412000000.0000000000
     31      3                         64033                                        412500000.0000000000
     22      2                         64036                                        413000000.0000000000
     24      2                         64040                                        414000000.0000000000
     22      2                         64044                                        414500000.0000000000
     22      2                         64046                                        415500000.0000000000
     31      3                         64049                                        416000000.0000000000
     24      2                         64052                                        416500000.0000000000
     24      2                         64058                                        417000000.0000000000
     31      3                         64063                                        417500000.0000000000
     24      2                         64068                                        418000000.0000000000
     22      2                         64070                                        419000000.0000000000
     22      2                         64074                                        420000000.0000000000
     22      2                         64078                                        420500000.0000000000
     31      3                         64081                                        421500000.0000000000
     31      3                         64083                                        422000000.0000000000
     31      3                         64087                                        422500000.0000000000
     24      2                         64090                                        423000000.0000000000
     22      2                         64094                                        423500000.0000000000
     24      2                         64096                                        424500000.0000000000
     31      3                         64101                                        425000000.0000000000
     31      3                         64105                                        425500000.0000000000
     22      2                         64106                                        426000000.0000000000
     22      2                         64110                                        426500000.0000000000
     31      3                         64111                                        427000000.0000000000
     22      2                         64114                                        427500000.0000000000
     22      2                         64118                                        428000000.0000000000
     31      3                         64119                                        428500000.0000000000
     22      2                         64120                                        429000000.0000000000
     31      3                         64123                                        430000000.0000000000
     24      2                         64128                                        430500000.0000000000
     31      3                         64129                                        431500000.0000000000
     24      2                         64132                                        432000000.0000000000
     22      2                         64136                                        432500000.0000000000
     24      2                         64138                                        433500000.0000000000
     22      2                         64140                                        434000000.0000000000
     31      3                         64145                                        434500000.0000000000
     22      2                         64150                                        435000000.0000000000
     22      2                         64156                                        435500000.0000000000
     31      3                         64157                                        436000000.0000000000
     24      2                         64160                                        436500000.0000000000
     24      2                         64164                                        437000000.0000000000
     24      2                         64166                                        437500000.0000000000
     22      2                         64168                                        438000000.0000000000
     24      2                         64170                                        438500000.0000000000
     22      2                         64172                                        439000000.0000000000
     22      2                         64174                                        439500000.0000000000
     24      2                         64176                                        440500000.0000000000
     24      2                         64178                                        441000000.0000000000
     31      3                         64181                                        441500000.0000000000
     24      2                         64186                                        442000000.0000000000
     24      2                         64190                                        443000000.0000000000
     22      2                         64192                                        443500000.0000000000
     22      2                         64194                                        444000000.0000000000
     22      2                         64198                                        444500000.0000000000
     24      2                         64202                                        445000000.0000000000
     22      2                         64204                                        445500000.0000000000
     17      2                        493295                                        446000000.0000000000
     22      2                        493297                                        958000000.0000000000
     24      2                        493301                                        958500000.0000000000
     24      2                        493303                                        959000000.0000000000
     22      2                        493307                                        959500000.0000000000
     22      2                        493309                                        960000000.0000000000
     22      2                        493311                                        961000000.0000000000
     31      3                        493312                                        961500000.0000000000
     24      2                        493317                                        962000000.0000000000
     24      2                        493319                                        962500000.0000000000
     22      2                        493323                                        963000000.0000000000
     22      2                        493325                                        963500000.0000000000
     31      3                        493330                                        964000000.0000000000
     22      2                        493333                                        964500000.0000000000
     24      2                        493337                                        965000000.0000000000
     24      2                        493341                                        965500000.0000000000
     22      2                        493345                                        966000000.0000000000
     22      2                        493347                                        966500000.0000000000
     22      2                        493351                                        967000000.0000000000
     24      2                        493353                                        967500000.0000000000
     22      2                        493357                                        968000000.0000000000
     22      2                        493361                                        968500000.0000000000
     24      2                        493363                                        969000000.0000000000
     24      2                        493365                                        969500000.0000000000
     31      3                        493366                                        970000000.0000000000
     24      2                        493371                                        970500000.0000000000
     31      3                        493378                                        971500000.0000000000
     22      2                        493381                                        972000000.0000000000
     31      3                        493386                                        972500000.0000000000
     22      2                        493387                                        973000000.0000000000
     22      2                        493391                                        973500000.0000000000
     22      2                        493393                                        974500000.0000000000
     22      2                        493395                                        975000000.0000000000
     24      2                        493397                                        975500000.0000000000
     31      3                        493400                                        976000000.0000000000
     24      2                        493405                                        976500000.0000000000
     22      2                        493407                                        977000000.0000000000
     24      2                        493411                                        977500000.0000000000
     22      2                        493413                                        978000000.0000000000
     22      2                        493415                                        978500000.0000000000
     24      2                        493417                                        979000000.0000000000
     24      2                        493419                                        979500000.0000000000
     24      2                        493427                                        980000000.0000000000
     22      2                        493429                                        980500000.0000000000
     22      2                        493433                                        981000000.0000000000
     22      2                        493435                                        981500000.0000000000
     31      3                        493438                                        982000000.0000000000
     22      2                        493441                                        982500000.0000000000
     22      2                        493443                                        983500000.0000000000
     24      2                        493447                                        984000000.0000000000
     22      2                        493451                                        984500000.0000000000
     31      3                        493456                                        986000000.0000000000
     24      2                        493459                                        986500000.0000000000
     31      3                        493462                                        987000000.0000000000
     22      2                        493467                                        987500000.0000000000
     31      3                        493468                                        988000000.0000000000
     22      2                        493469                                        988500000.0000000000
     24      2                        493471                                        989000000.0000000000
     24      2                        493473                                        989500000.0000000000
     24      2                        493475                                        990000000.0000000000
     22      2                        493477                                        990500000.0000000000
     31      3                        493480                                        991000000.0000000000
     22      2                        493483                                        991500000.0000000000
     22      2                        493487                                        992000000.0000000000
     24      2                        493491                                        992500000.0000000000
     24      2                        493495                                        993000000.0000000000
     22      2                        493497                                        993500000.0000000000
     22      2                        493501                                        994000000.0000000000
     31      3                        493502                                        994500000.0000000000
     24      2                        493507                                        995000000.0000000000
     24      2                        493513                                        995500000.0000000000
     24      2                        493515                                        996000000.0000000000
     22      2                        493517                                        996500000.0000000000
     31      3                        493520                                        997000000.0000000000
     31      3                        493526                                        997500000.0000000000
     31      3                        493530                                        998000000.0000000000
     22      2                        493531                                        998500000.0000000000
     31      3                        493534                                        999500000.0000000000
     31      3                        493536                                       1000000000.0000000000
     22      2                        493536                                       1000180964.6018230375
