     13      1                             0                                                0.0000000000
     13      1                        294350                                           500000.0000000000
      7      0                        294351                                         10000000.0000000000
      7      0                        294353                                         11000000.0000000000
      7      0                        294355                                         11500000.0000000000
      7      0                        294357                                         12000000.0000000000
      5      0                        443008                                         12500000.0000000000
      8      0                        443010                                         17500000.0000000000
      6      0                        443012                                         18500000.0000000000
      8      0                        443014                                         21000000.0000000000
      8      0                        443016                                         24500000.0000000000
      6      0                        443018                                         26000000.0000000000
     23      2                        443019                                         27500000.0000000000
      6      0                        443020                                         28000000.0000000000
      8      0                        443024                                         28500000.0000000000
      6      0                        443026                                         29500000.0000000000
      6      0                        443028                                         31000000.0000000000
      8      0                        443030                                         31500000.0000000000
     23      2                        443031                                         32000000.0000000000
     23      2                        443033                                         32500000.0000000000
      6      0                        443034                                         33000000.0000000000
      8      0                        443036                                         33500000.0000000000
      6      0                        443038                                         34000000.0000000000
      6      0                        443040                                         34500000.0000000000
     23      2                        443043                                         36000000.0000000000
      6      0                        443044                                         36500000.0000000000
     23      2                        443047                                         38500000.0000000000
     23      2                        443049                                         39000000.0000000000
      8      0                        443052                                         39500000.0000000000
     23      2                        443053                                         40000000.0000000000
      2      0                       2561231                                         40500000.0000000000
      7      0                       2561235                                        114000000.0000000000
      7      0                       2561237                                        114500000.0000000000
      7      0                       2561239                                        115000000.0000000000
     14      1                       2561244                                        115500000.0000000000
      7      0                       2561247                                        116000000.0000000000
     16      1                       2561250                                        116500000.0000000000
      7      0                       2561251                                        117000000.0000000000
      7      0                       2561253                                        117500000.0000000000
      7      0                       2561257                                        118000000.0000000000
      7      0                       2561259                                        118500000.0000000000
      7      0                       2561265                                        119000000.0000000000
      7      0                       2561267                                        119500000.0000000000
      7      0                       2561273                                        120000000.0000000000
      7      0                       2561275                                        121000000.0000000000
      7      0                       2561277                                        121500000.0000000000
      7      0                       2561279                                        122000000.0000000000
      7      0                       2561281                                        123000000.0000000000
      7      0                       2561283                                        123500000.0000000000
      7      0                       2561285                                        124000000.0000000000
      7      0                       2561291                                        124500000.0000000000
      7      0                       2561293                                        125000000.0000000000
     16      1                       2561298                                        126000000.0000000000
      7      0                       2561301                                        126500000.0000000000
      7      0                       2561303                                        127000000.0000000000
      7      0                       2561309                                        127500000.0000000000
      3      0                       7530740                                        128000000.0000000000
     16      1                       7530741                                        295500000.0000000000
      7      0                       7530742                                        296000000.0000000000
      7      0                       7530744                                        296500000.0000000000
     14      1                       7530747                                        297500000.0000000000
      7      0                       7530750                                        298000000.0000000000
      7      0                       7530752                                        299500000.0000000000
     16      1                       7530753                                        300500000.0000000000
      7      0                       7530754                                        301000000.0000000000
      7      0                       7530756                                        302000000.0000000000
      7      0                       7530758                                        303000000.0000000000
      7      0                       7530762                                        303500000.0000000000
      7      0                       7530766                                        304500000.0000000000
      7      0                       7530768                                        307000000.0000000000
     14      1                       7530771                                        307500000.0000000000
      7      0                       7530772                                        308000000.0000000000
      7      0                       7530774                                        309000000.0000000000
      7      0                       7530778                                        309500000.0000000000
      7      0                       7530784                                        310000000.0000000000
      2      0                      10003495                                        310500000.0000000000
      8      0                      10003497                                        397000000.0000000000
     23      2                      10003498                                        397500000.0000000000
     23      2                      10003500                                        398000000.0000000000
      8      0                      10003501                                        398500000.0000000000
      6      0                      10003503                                        399000000.0000000000
      6      0                      10003505                                        400500000.0000000000
     23      2                      10003506                                        401000000.0000000000
      6      0                      10003507                                        401500000.0000000000
      8      0                      10003509                                        404000000.0000000000
      8      0                      10003511                                        404500000.0000000000
      6      0                      10003513                                        406500000.0000000000
      8      0                      10003515                                        407000000.0000000000
      8      0                      10003517                                        407500000.0000000000
      8      0                      10003519                                        408500000.0000000000
      6      0                      10003521                                        409000000.0000000000
     23      2                      10003522                                        411000000.0000000000
      6      0                      10003523                                        411500000.0000000000
     23      2                      10003524                                        412000000.0000000000
      6      0                      10003525                                        412500000.0000000000
      6      0                      10003527                                        413500000.0000000000
     23      2                      10003528                                        414000000.0000000000
      8      0                      10003529                                        414500000.0000000000
      5      0                      10397501                                        415500000.0000000000
      6      0                      10397503                                        430000000.0000000000
      8      0                      10397505                                        430500000.0000000000
      6      0                      10397507                                        431000000.0000000000
     23      2                      10397508                                        431500000.0000000000
      8      0                      10397509                                        432000000.0000000000
      8      0                      10397511                                        432500000.0000000000
      3      0                      10981208                                        433500000.0000000000
      8      0                      10981210                                        454500000.0000000000
      8      0                      10981212                                        455500000.0000000000
      8      0                      10981214                                        456000000.0000000000
      6      0                      10981216                                        457000000.0000000000
     23      2                      10981217                                        458000000.0000000000
      8      0                      10981218                                        458500000.0000000000
      6      0                      10981222                                        459000000.0000000000
      2      0                      18145734                                        459500000.0000000000
      7      0                      18145736                                        701000000.0000000000
      7      0                      18145738                                        701500000.0000000000
      7      0                      18145740                                        702000000.0000000000
      7      0                      18145744                                        703000000.0000000000
      7      0                      18145746                                        704000000.0000000000
      7      0                      18145750                                        704500000.0000000000
     10      1                      18369434                                        705500000.0000000000
     30      3                      18369443                                        713000000.0000000000
     30      3                      18369445                                        713500000.0000000000
     32      3                      18369453                                        714000000.0000000000
     15      1                      18369462                                        714500000.0000000000
     15      1                      18369468                                        715000000.0000000000
     30      3                      18369471                                        715500000.0000000000
     30      3                      18369477                                        716000000.0000000000
     30      3                      18369487                                        716500000.0000000000
     15      1                      18369496                                        717000000.0000000000
      7      0                      18372765                                        717500000.0000000000
      7      0                      18372767                                        718000000.0000000000
      7      0                      18372773                                        718500000.0000000000
      7      0                      18372775                                        719500000.0000000000
      7      0                      18372779                                        720500000.0000000000
      7      0                      18372781                                        722000000.0000000000
     16      1                      18372782                                        724500000.0000000000
      7      0                      18372787                                        725000000.0000000000
      7      0                      18372795                                        726000000.0000000000
     14      1                      18372798                                        728000000.0000000000
      7      0                      18372801                                        728500000.0000000000
      7      0                      18372805                                        729500000.0000000000
      7      0                      18372807                                        730500000.0000000000
      7      0                      18372809                                        731000000.0000000000
     16      1                      18372812                                        731500000.0000000000
      7      0                      18372817                                        732000000.0000000000
      7      0                      18372819                                        732500000.0000000000
      7      0                      18372821                                        733000000.0000000000
      7      0                      18372823                                        733500000.0000000000
      7      0                      18372825                                        734000000.0000000000
      7      0                      18372829                                        734500000.0000000000
      7      0                      18372831                                        735000000.0000000000
      2      0                      19165885                                        735500000.0000000000
      7      0                      19165887                                        763000000.0000000000
      7      0                      19165893                                        763500000.0000000000
     14      1                      19165896                                        764500000.0000000000
      7      0                      19165897                                        765000000.0000000000
      7      0                      19165899                                        766000000.0000000000
      7      0                      19165901                                        766500000.0000000000
      7      0                      19165907                                        767000000.0000000000
      7      0                      19165909                                        768000000.0000000000
      7      0                      19165911                                        768500000.0000000000
     16      1                      19165914                                        769500000.0000000000
      1      0                      24765275                                        770000000.0000000000
      7      0                      24765277                                        959000000.0000000000
      7      0                      24765285                                        959500000.0000000000
      7      0                      24765289                                        960000000.0000000000
      1      0                      26218920                                        961500000.0000000000
     23      2                      26218920                                       1013133121.4827392642
