      3      0                             0                                                0.0000000000
      3      0                       6856841                                           500000.0000000000
      7      0                       6856843                                        232000000.0000000000
      7      0                       6856845                                        233000000.0000000000
      7      0                       6856847                                        234000000.0000000000
      7      0                       6856851                                        234500000.0000000000
      7      0                       6856855                                        235000000.0000000000
      7      0                       6856857                                        235500000.0000000000
      1      0                       8762207                                        236000000.0000000000
      6      0                       8762209                                        301500000.0000000000
      8      0                       8762211                                        302000000.0000000000
      6      0                       8762213                                        302500000.0000000000
      6      0                       8762215                                        303500000.0000000000
     23      2                       8762216                                        306000000.0000000000
      1      0                       8849657                                        306500000.0000000000
      7      0                       8849659                                        310500000.0000000000
      7      0                       8849661                                        311000000.0000000000
      7      0                       8849665                                        312000000.0000000000
      7      0                       8849669                                        313000000.0000000000
      7      0                       8849671                                        313500000.0000000000
      7      0                       8849675                                        314500000.0000000000
      7      0                       8849681                                        315500000.0000000000
      7      0                       8849683                                        316000000.0000000000
      7      0                       8849687                                        317000000.0000000000
      7      0                       8849689                                        318000000.0000000000
      7      0                       8849691                                        318500000.0000000000
      7      0                       8849693                                        319000000.0000000000
      7      0                       8849695                                        320500000.0000000000
      7      0                       8849699                                        321000000.0000000000
      7      0                       8849701                                        321500000.0000000000
      7      0                       8849703                                        322500000.0000000000
      7      0                       8849705                                        323000000.0000000000
      7      0                       8849709                                        324000000.0000000000
      7      0                       8849711                                        324500000.0000000000
      7      0                       8849713                                        326000000.0000000000
      1      0                      10639723                                        326500000.0000000000
     13      1                      10867242                                        387500000.0000000000
      7      0                      10867243                                        395500000.0000000000
      7      0                      10867247                                        396000000.0000000000
      7      0                      10867249                                        397000000.0000000000
      7      0                      10867251                                        397500000.0000000000
      7      0                      10867253                                        398000000.0000000000
      7      0                      10867255                                        398500000.0000000000
      7      0                      10867259                                        400000000.0000000000
      7      0                      10867263                                        400500000.0000000000
      7      0                      10867265                                        401500000.0000000000
      2      0                      10946197                                        402500000.0000000000
     23      2                      10946200                                        406500000.0000000000
      6      0                      10946201                                        407000000.0000000000
     23      2                      10946202                                        407500000.0000000000
      6      0                      10946203                                        408000000.0000000000
      8      0                      10946205                                        408500000.0000000000
      8      0                      10946207                                        410000000.0000000000
     23      2                      10946208                                        410500000.0000000000
      6      0                      10946211                                        411000000.0000000000
      6      0                      10946213                                        412000000.0000000000
      8      0                      10946215                                        415000000.0000000000
      8      0                      10946217                                        416000000.0000000000
      8      0                      10946221                                        416500000.0000000000
     23      2                      10946222                                        417000000.0000000000
      6      0                      10946223                                        417500000.0000000000
      6      0                      10946225                                        419000000.0000000000
     23      2                      10946228                                        419500000.0000000000
      8      0                      10946231                                        420000000.0000000000
     23      2                      10946232                                        420500000.0000000000
      2      0                      11785243                                        421000000.0000000000
      7      0                      11785245                                        451000000.0000000000
      7      0                      11785247                                        451500000.0000000000
      7      0                      11785251                                        452500000.0000000000
      7      0                      11785255                                        453000000.0000000000
      7      0                      11785257                                        454500000.0000000000
     16      1                      11785258                                        455000000.0000000000
      7      0                      11785261                                        455500000.0000000000
      7      0                      11785263                                        456000000.0000000000
      7      0                      11785265                                        456500000.0000000000
      7      0                      11785267                                        458000000.0000000000
      7      0                      11785269                                        459000000.0000000000
      7      0                      11785271                                        459500000.0000000000
      7      0                      11785273                                        460500000.0000000000
      7      0                      11785275                                        461000000.0000000000
     14      1                      11785276                                        462000000.0000000000
      7      0                      11785277                                        462500000.0000000000
      7      0                      11785279                                        464000000.0000000000
      7      0                      11785281                                        465000000.0000000000
      7      0                      11785283                                        465500000.0000000000
      7      0                      11785285                                        466000000.0000000000
      7      0                      11785287                                        466500000.0000000000
      7      0                      11785289                                        467000000.0000000000
      7      0                      11785291                                        468500000.0000000000
      7      0                      11785293                                        469000000.0000000000
      7      0                      11785297                                        469500000.0000000000
      7      0                      11785299                                        470000000.0000000000
      7      0                      11785301                                        470500000.0000000000
      7      0                      11785305                                        471500000.0000000000
      7      0                      11785309                                        472000000.0000000000
      7      0                      11785313                                        472500000.0000000000
      7      0                      11785315                                        474500000.0000000000
     14      1                      11785320                                        475000000.0000000000
     10      1                      12153545                                        475500000.0000000000
     30      3                      12153546                                        487500000.0000000000
     32      3                      12153550                                        488000000.0000000000
     32      3                      12153554                                        488500000.0000000000
     30      3                      12153558                                        489000000.0000000000
     30      3                      12153560                                        489500000.0000000000
     32      3                      12153562                                        490000000.0000000000
     32      3                      12153566                                        490500000.0000000000
     30      3                      12153578                                        491000000.0000000000
     15      1                      12153585                                        491500000.0000000000
     32      3                      12153588                                        492000000.0000000000
     32      3                      12153592                                        492500000.0000000000
     30      3                      12153596                                        493000000.0000000000
     32      3                      12153612                                        493500000.0000000000
     32      3                      12153616                                        494000000.0000000000
     32      3                      12153626                                        494500000.0000000000
     30      3                      12153636                                        495000000.0000000000
     30      3                      12153640                                        495500000.0000000000
     32      3                      12153648                                        496000000.0000000000
     32      3                      12153654                                        496500000.0000000000
     30      3                      12153658                                        497000000.0000000000
     32      3                      12153660                                        497500000.0000000000
     30      3                      12153664                                        498000000.0000000000
     15      1                      12153671                                        498500000.0000000000
     32      3                      12153678                                        499000000.0000000000
     15      1                      12153683                                        499500000.0000000000
     32      3                      12153694                                        500000000.0000000000
     15      1                      12153705                                        500500000.0000000000
     30      3                      12153714                                        501000000.0000000000
     32      3                      12153722                                        501500000.0000000000
     30      3                      12153728                                        502000000.0000000000
     30      3                      12153738                                        502500000.0000000000
     30      3                      12153748                                        503000000.0000000000
     32      3                      12153754                                        503500000.0000000000
     32      3                      12153758                                        504000000.0000000000
     32      3                      12153762                                        504500000.0000000000
     32      3                      12153768                                        505000000.0000000000
     32      3                      12153772                                        505500000.0000000000
     30      3                      12153780                                        506000000.0000000000
     32      3                      12153792                                        506500000.0000000000
     15      1                      12153797                                        507000000.0000000000
     32      3                      12153804                                        507500000.0000000000
     30      3                      12153810                                        508000000.0000000000
      9      1                      12868505                                        508500000.0000000000
      7      0                      12868510                                        532500000.0000000000
      7      0                      12868512                                        533000000.0000000000
      7      0                      12868516                                        534000000.0000000000
      7      0                      12868518                                        535000000.0000000000
      7      0                      12868524                                        535500000.0000000000
      7      0                      12868526                                        536000000.0000000000
      7      0                      12868530                                        536500000.0000000000
      3      0                      20285559                                        537000000.0000000000
      7      0                      20285561                                        786500000.0000000000
      7      0                      20285563                                        788000000.0000000000
      7      0                      20285565                                        789500000.0000000000
      7      0                      20285567                                        790000000.0000000000
      7      0                      20285569                                        790500000.0000000000
      5      0                      23920406                                        791000000.0000000000
      7      0                      23920408                                        914000000.0000000000
     16      1                      23920411                                        914500000.0000000000
      7      0                      23920418                                        915000000.0000000000
     16      1                      23920421                                        915500000.0000000000
      7      0                      23920426                                        916000000.0000000000
     16      1                      23920431                                        916500000.0000000000
      7      0                      23920434                                        917000000.0000000000
      7      0                      23920438                                        918000000.0000000000
      7      0                      23920440                                        920000000.0000000000
     16      1                      23920443                                        920500000.0000000000
      7      0                      23920444                                        921000000.0000000000
      7      0                      23920446                                        921500000.0000000000
      7      0                      23920450                                        922000000.0000000000
      7      0                      23920454                                        922500000.0000000000
      7      0                      23920456                                        923000000.0000000000
      2      0                      25253319                                        923500000.0000000000
      6      0                      25253321                                        969000000.0000000000
      6      0                      25253325                                        969500000.0000000000
      8      0                      25253327                                        970000000.0000000000
      8      0                      25253329                                        970500000.0000000000
      6      0                      25253331                                        971500000.0000000000
     23      2                      25253332                                        974500000.0000000000
      8      0                      25253335                                        975000000.0000000000
      6      0                      25253337                                        976000000.0000000000
     23      2                      25253338                                        978000000.0000000000
      6      0                      25253339                                        978500000.0000000000
      8      0                      25253341                                        980000000.0000000000
      6      0                      25253345                                        980500000.0000000000
     23      2                      25253346                                        982500000.0000000000
      6      0                      25253347                                        983000000.0000000000
     23      2                      25253352                                        983500000.0000000000
      6      0                      25253353                                        984000000.0000000000
      6      0                      25253355                                        985500000.0000000000
     23      2                      25253356                                        987000000.0000000000
      6      0                      25253357                                        987500000.0000000000
      8      0                      25253359                                        988500000.0000000000
     23      2                      25253360                                        989000000.0000000000
      8      0                      25253361                                        989500000.0000000000
      8      0                      25253363                                        990000000.0000000000
      6      0                      25253365                                        990500000.0000000000
      8      0                      25253367                                        992000000.0000000000
      6      0                      25253369                                        993000000.0000000000
      8      0                      25253371                                        993500000.0000000000
      1      0                      25846883                                        994000000.0000000000
     23      2                      25846883                                       1015397987.3968322127
