      8      0                             0                                                0.0000000000
     23      2                             2                                           500000.0000000000
      8      0                             3                                          1000000.0000000000
      6      0                             5                                          3000000.0000000000
      8      0                             7                                          3500000.0000000000
     23      2                             8                                          5000000.0000000000
      6      0                             9                                          5500000.0000000000
      6      0                            11                                          7500000.0000000000
      8      0                            13                                          8500000.0000000000
     23      2                            16                                          9000000.0000000000
      8      0                            17                                          9500000.0000000000
      6      0                            21                                         12000000.0000000000
     23      2                            22                                         15000000.0000000000
      8      0                            23                                         15500000.0000000000
      8      0                            25                                         17500000.0000000000
      6      0                            27                                         20500000.0000000000
      8      0                            29                                         21500000.0000000000
      6      0                            31                                         22500000.0000000000
      6      0                            33                                         23000000.0000000000
      6      0                            35                                         23500000.0000000000
     23      2                            36                                         24500000.0000000000
      2      0                       4241326                                         25000000.0000000000
     23      2                       4241327                                        168000000.0000000000
      8      0                       4241330                                        168500000.0000000000
      8      0                       4241334                                        169000000.0000000000
      8      0                       4241336                                        171000000.0000000000
     23      2                       4241337                                        173000000.0000000000
     23      2                       4241339                                        173500000.0000000000
      6      0                       4241340                                        174000000.0000000000
      8      0                       4241342                                        175000000.0000000000
      6      0                       4241344                                        175500000.0000000000
      8      0                       4241346                                        176000000.0000000000
      6      0                       4241348                                        176500000.0000000000
     23      2                       4241349                                        178000000.0000000000
      6      0                       4241350                                        178500000.0000000000
      6      0                       4241354                                        181000000.0000000000
      8      0                       4241356                                        182000000.0000000000
      6      0                       4241358                                        182500000.0000000000
      6      0                       4241362                                        183500000.0000000000
      8      0                       4241364                                        184500000.0000000000
      6      0                       4241366                                        186500000.0000000000
      8      0                       4241368                                        187500000.0000000000
     23      2                       4241369                                        188000000.0000000000
      6      0                       4241370                                        188500000.0000000000
      8      0                       4241372                                        189000000.0000000000
      8      0                       4241374                                        190500000.0000000000
      8      0                       4241376                                        191000000.0000000000
      6      0                       4241378                                        192000000.0000000000
      6      0                       4241380                                        192500000.0000000000
      6      0                       4241382                                        193000000.0000000000
      4      0                       4440139                                        194500000.0000000000
      7      0                       4440143                                        202500000.0000000000
      7      0                       4440147                                        203000000.0000000000
      7      0                       4440149                                        203500000.0000000000
      7      0                       4440155                                        204000000.0000000000
      7      0                       4440159                                        204500000.0000000000
      7      0                       4440161                                        205000000.0000000000
      7      0                       4440165                                        206500000.0000000000
      7      0                       4440167                                        207500000.0000000000
      7      0                       4440171                                        208000000.0000000000
      7      0                       4440173                                        208500000.0000000000
      7      0                       4440175                                        209000000.0000000000
      7      0                       4440177                                        209500000.0000000000
      7      0                       4440181                                        210000000.0000000000
      7      0                       4440183                                        210500000.0000000000
      7      0                       4440187                                        211500000.0000000000
      7      0                       4440195                                        212000000.0000000000
      7      0                       4440199                                        213500000.0000000000
      7      0                       4440201                                        214000000.0000000000
      7      0                       4440203                                        214500000.0000000000
      7      0                       4440205                                        216000000.0000000000
      7      0                       4440209                                        217000000.0000000000
     16      1                       4440210                                        217500000.0000000000
      7      0                       4440211                                        218000000.0000000000
      7      0                       4440213                                        218500000.0000000000
      7      0                       4440215                                        219000000.0000000000
      7      0                       4440217                                        219500000.0000000000
      7      0                       4440219                                        220000000.0000000000
      7      0                       4440225                                        221000000.0000000000
      7      0                       4440229                                        222000000.0000000000
      7      0                       4440233                                        223000000.0000000000
      7      0                       4440235                                        224000000.0000000000
      7      0                       4440237                                        225000000.0000000000
      7      0                       4440239                                        225500000.0000000000
      7      0                       4440241                                        227000000.0000000000
      7      0                       4440243                                        228500000.0000000000
      9      1                       4609069                                        229500000.0000000000
     32      3                       4609072                                        235000000.0000000000
     30      3                       4609078                                        235500000.0000000000
     15      1                       4609081                                        236000000.0000000000
     32      3                       4609090                                        236500000.0000000000
     30      3                       4609092                                        237000000.0000000000
     30      3                       4609102                                        237500000.0000000000
     32      3                       4609110                                        238000000.0000000000
     32      3                       4609116                                        238500000.0000000000
     15      1                       4609125                                        239000000.0000000000
     32      3                       4609140                                        239500000.0000000000
     30      3                       4609150                                        240000000.0000000000
     32      3                       4609160                                        240500000.0000000000
     30      3                       4609172                                        241000000.0000000000
     30      3                       4609184                                        241500000.0000000000
     15      1                       4609191                                        242000000.0000000000
     30      3                       4609198                                        242500000.0000000000
     30      3                       4609200                                        243000000.0000000000
     32      3                       4609208                                        243500000.0000000000
     32      3                       4609220                                        244000000.0000000000
     32      3                       4609224                                        244500000.0000000000
     30      3                       4609230                                        245000000.0000000000
     30      3                       4609236                                        245500000.0000000000
     30      3                       4609242                                        246000000.0000000000
     15      1                       4609253                                        246500000.0000000000
     15      1                       4609259                                        247000000.0000000000
     30      3                       4609262                                        247500000.0000000000
     32      3                       4609268                                        248000000.0000000000
     32      3                       4609274                                        248500000.0000000000
     32      3                       4609286                                        249000000.0000000000
     30      3                       4609288                                        249500000.0000000000
     32      3                       4609294                                        250000000.0000000000
     30      3                       4609302                                        250500000.0000000000
     30      3                       4609310                                        251000000.0000000000
     32      3                       4609322                                        251500000.0000000000
     30      3                       4609328                                        252000000.0000000000
     32      3                       4609334                                        252500000.0000000000
     13      1                       4722231                                        253500000.0000000000
     32      3                       4722232                                        257000000.0000000000
     32      3                       4722236                                        257500000.0000000000
     15      1                       4722249                                        258500000.0000000000
     30      3                       4722252                                        259000000.0000000000
     30      3                       4722256                                        259500000.0000000000
     32      3                       4722262                                        260000000.0000000000
     15      1                       4722269                                        260500000.0000000000
     15      1                       4722277                                        261000000.0000000000
     30      3                       4722284                                        261500000.0000000000
     32      3                       4722286                                        262000000.0000000000
     15      1                       4722291                                        262500000.0000000000
     30      3                       4722296                                        263000000.0000000000
     30      3                       4722304                                        263500000.0000000000
     30      3                       4722310                                        264000000.0000000000
     30      3                       4722312                                        264500000.0000000000
     30      3                       4722314                                        265000000.0000000000
     32      3                       4722318                                        265500000.0000000000
     30      3                       4722322                                        266000000.0000000000
     32      3                       4722328                                        266500000.0000000000
     30      3                       4722336                                        267000000.0000000000
     30      3                       4722342                                        267500000.0000000000
     15      1                       4722347                                        268000000.0000000000
     32      3                       4722356                                        268500000.0000000000
     15      1                       4722363                                        269000000.0000000000
     32      3                       4722378                                        269500000.0000000000
     15      1                       4722387                                        270000000.0000000000
     15      1                       4722397                                        270500000.0000000000
     32      3                       4722404                                        271000000.0000000000
     30      3                       4722406                                        271500000.0000000000
     30      3                       4722410                                        272000000.0000000000
     32      3                       4722418                                        272500000.0000000000
      9      1                       4902998                                        273000000.0000000000
      7      0                       4902999                                        279000000.0000000000
      7      0                       4903001                                        280500000.0000000000
      7      0                       4903003                                        281000000.0000000000
      7      0                       4903005                                        281500000.0000000000
      7      0                       4903007                                        282500000.0000000000
      7      0                       4903011                                        283000000.0000000000
      7      0                       4903013                                        284000000.0000000000
      7      0                       4903015                                        284500000.0000000000
      7      0                       4903017                                        285000000.0000000000
      7      0                       4903021                                        285500000.0000000000
      7      0                       4903025                                        286500000.0000000000
      7      0                       4903031                                        287000000.0000000000
      7      0                       4903033                                        287500000.0000000000
      7      0                       4903037                                        288000000.0000000000
      7      0                       4903039                                        289000000.0000000000
     16      1                       4903044                                        289500000.0000000000
     13      1                       4934300                                        290000000.0000000000
     32      3                       4934301                                        291000000.0000000000
     32      3                       4934309                                        291500000.0000000000
     32      3                       4934311                                        292000000.0000000000
     32      3                       4934321                                        292500000.0000000000
     30      3                       4934323                                        293000000.0000000000
     30      3                       4934329                                        293500000.0000000000
     30      3                       4934333                                        294000000.0000000000
     15      1                       4934338                                        295000000.0000000000
     30      3                       4934343                                        295500000.0000000000
     32      3                       4934347                                        296000000.0000000000
     30      3                       4934349                                        296500000.0000000000
     30      3                       4934359                                        297000000.0000000000
     32      3                       4934361                                        297500000.0000000000
     15      1                       4934374                                        298000000.0000000000
     30      3                       4934383                                        298500000.0000000000
     30      3                       4934387                                        299000000.0000000000
     32      3                       4934395                                        299500000.0000000000
     32      3                       4934397                                        300000000.0000000000
     30      3                       4934407                                        300500000.0000000000
     30      3                       4934415                                        301000000.0000000000
     15      1                       4934422                                        301500000.0000000000
     32      3                       4934427                                        302000000.0000000000
     32      3                       4934433                                        302500000.0000000000
     32      3                       4934443                                        303000000.0000000000
     30      3                       4934451                                        303500000.0000000000
     32      3                       4934457                                        304000000.0000000000
     32      3                       4934461                                        304500000.0000000000
     30      3                       4934463                                        305000000.0000000000
     32      3                       4934469                                        305500000.0000000000
     30      3                       4934475                                        306000000.0000000000
     32      3                       4934483                                        306500000.0000000000
     32      3                       4934489                                        307000000.0000000000
     30      3                       4934497                                        307500000.0000000000
     30      3                       4934503                                        308000000.0000000000
     32      3                       4934515                                        309000000.0000000000
     32      3                       4934517                                        309500000.0000000000
     30      3                       4934525                                        310000000.0000000000
     30      3                       4934537                                        310500000.0000000000
     32      3                       4934543                                        311000000.0000000000
     32      3                       4934549                                        311500000.0000000000
     30      3                       4934557                                        312000000.0000000000
     30      3                       4934561                                        312500000.0000000000
     30      3                       4934563                                        313000000.0000000000
     15      1                       4934580                                        313500000.0000000000
     32      3                       4934589                                        314000000.0000000000
     32      3                       4934597                                        314500000.0000000000
     30      3                       4934601                                        315000000.0000000000
     30      3                       4934607                                        315500000.0000000000
     15      1                       4934614                                        316000000.0000000000
     32      3                       4934617                                        316500000.0000000000
     30      3                       4934621                                        317000000.0000000000
     30      3                       4934623                                        317500000.0000000000
     32      3                       4934633                                        318000000.0000000000
     32      3                       4934637                                        318500000.0000000000
     30      3                       4934651                                        319000000.0000000000
     32      3                       4934657                                        319500000.0000000000
     30      3                       4934663                                        320000000.0000000000
     32      3                       4934667                                        320500000.0000000000
     30      3                       4934671                                        321000000.0000000000
     15      1                       4934678                                        321500000.0000000000
     32      3                       4934681                                        322000000.0000000000
     32      3                       4934689                                        322500000.0000000000
     15      1                       4934698                                        323000000.0000000000
     30      3                       4934703                                        323500000.0000000000
     32      3                       4934709                                        324000000.0000000000
     32      3                       4934713                                        324500000.0000000000
     30      3                       4934717                                        325000000.0000000000
     32      3                       4934719                                        325500000.0000000000
     30      3                       4934729                                        326500000.0000000000
     30      3                       4934735                                        327000000.0000000000
     32      3                       4934739                                        327500000.0000000000
     32      3                       4934751                                        328000000.0000000000
     30      3                       4934755                                        328500000.0000000000
     15      1                       4934770                                        329000000.0000000000
     30      3                       4934773                                        329500000.0000000000
     30      3                       4934777                                        330000000.0000000000
     30      3                       4934781                                        330500000.0000000000
     30      3                       4934785                                        331000000.0000000000
     32      3                       4934787                                        331500000.0000000000
     32      3                       4934793                                        332000000.0000000000
     15      1                       4934802                                        332500000.0000000000
     30      3                       4934811                                        333000000.0000000000
     32      3                       4934819                                        333500000.0000000000
     30      3                       4934827                                        334000000.0000000000
     30      3                       4934835                                        334500000.0000000000
     32      3                       4934839                                        335000000.0000000000
     32      3                       4934845                                        335500000.0000000000
     30      3                       4934853                                        336000000.0000000000
     32      3                       4934861                                        336500000.0000000000
     32      3                       4934871                                        337000000.0000000000
     32      3                       4934875                                        337500000.0000000000
     30      3                       4934879                                        338500000.0000000000
     30      3                       4934883                                        339000000.0000000000
     32      3                       4934893                                        339500000.0000000000
     30      3                       4934899                                        340000000.0000000000
     32      3                       4934905                                        340500000.0000000000
     32      3                       4934915                                        341000000.0000000000
     32      3                       4934927                                        341500000.0000000000
     32      3                       4934931                                        342000000.0000000000
     32      3                       4934939                                        342500000.0000000000
     32      3                       4934941                                        343000000.0000000000
     30      3                       4934949                                        343500000.0000000000
     30      3                       4934959                                        344000000.0000000000
     30      3                       4934967                                        344500000.0000000000
     30      3                       4934975                                        345000000.0000000000
     30      3                       4934983                                        345500000.0000000000
     30      3                       4934987                                        346000000.0000000000
     30      3                       4934991                                        346500000.0000000000
     32      3                       4934995                                        347000000.0000000000
     32      3                       4934997                                        347500000.0000000000
     32      3                       4935013                                        348000000.0000000000
     32      3                       4935021                                        348500000.0000000000
     32      3                       4935027                                        349000000.0000000000
     32      3                       4935033                                        349500000.0000000000
     30      3                       4935037                                        350000000.0000000000
     15      1                       4935040                                        350500000.0000000000
     15      1                       4935048                                        351000000.0000000000
     32      3                       4935059                                        351500000.0000000000
     30      3                       4935063                                        352000000.0000000000
     32      3                       4935065                                        352500000.0000000000
     32      3                       4935071                                        353000000.0000000000
     32      3                       4935075                                        353500000.0000000000
     27      3                       4967060                                        354000000.0000000000
     32      3                       4967068                                        384000000.0000000000
     32      3                       4967072                                        384500000.0000000000
     32      3                       4967080                                        385000000.0000000000
     15      1                       4967089                                        385500000.0000000000
     32      3                       4967094                                        386000000.0000000000
     30      3                       4967098                                        386500000.0000000000
     30      3                       4967108                                        387000000.0000000000
     30      3                       4967114                                        387500000.0000000000
     30      3                       4967120                                        388000000.0000000000
     30      3                       4967126                                        388500000.0000000000
     15      1                       4967133                                        389000000.0000000000
     32      3                       4967144                                        389500000.0000000000
     32      3                       4967146                                        390000000.0000000000
     32      3                       4967150                                        390500000.0000000000
     30      3                       4967154                                        391000000.0000000000
     32      3                       4967158                                        391500000.0000000000
     30      3                       4967164                                        392000000.0000000000
     32      3                       4967170                                        392500000.0000000000
     30      3                       4967176                                        393000000.0000000000
     32      3                       4967182                                        393500000.0000000000
     30      3                       4967190                                        394000000.0000000000
     30      3                       4967196                                        394500000.0000000000
     30      3                       4967202                                        395000000.0000000000
     32      3                       4967206                                        395500000.0000000000
     30      3                       4967214                                        396000000.0000000000
     30      3                       4967222                                        396500000.0000000000
     30      3                       4967226                                        397000000.0000000000
     32      3                       4967228                                        397500000.0000000000
     30      3                       4967232                                        398000000.0000000000
     32      3                       4967234                                        398500000.0000000000
     32      3                       4967236                                        399000000.0000000000
     30      3                       4967248                                        399500000.0000000000
     30      3                       4967256                                        400000000.0000000000
     30      3                       4967260                                        400500000.0000000000
     32      3                       4967272                                        401000000.0000000000
     30      3                       4967284                                        401500000.0000000000
     32      3                       4967288                                        402000000.0000000000
     30      3                       4967292                                        402500000.0000000000
     32      3                       4967296                                        403000000.0000000000
     32      3                       4967306                                        403500000.0000000000
     32      3                       4967310                                        404500000.0000000000
     32      3                       4967318                                        405000000.0000000000
     32      3                       4967324                                        405500000.0000000000
     32      3                       4967330                                        406000000.0000000000
     15      1                       4967345                                        406500000.0000000000
     15      1                       4967353                                        407000000.0000000000
     30      3                       4967360                                        407500000.0000000000
     30      3                       4967368                                        408000000.0000000000
     30      3                       4967376                                        408500000.0000000000
     15      1                       4967377                                        409000000.0000000000
     15      1                       4967385                                        409500000.0000000000
     15      1                       4967397                                        410000000.0000000000
     32      3                       4967404                                        410500000.0000000000
     15      1                       4967417                                        411000000.0000000000
     32      3                       4967418                                        411500000.0000000000
     32      3                       4967428                                        412000000.0000000000
     30      3                       4967440                                        412500000.0000000000
     32      3                       4967458                                        413000000.0000000000
     32      3                       4967462                                        413500000.0000000000
     30      3                       4967472                                        414000000.0000000000
     30      3                       4967478                                        414500000.0000000000
     32      3                       4967484                                        415000000.0000000000
     32      3                       4967494                                        415500000.0000000000
     15      1                       4967499                                        416000000.0000000000
     32      3                       4967506                                        416500000.0000000000
     30      3                       4967514                                        417000000.0000000000
     30      3                       4967516                                        417500000.0000000000
     32      3                       4967524                                        418000000.0000000000
     30      3                       4967528                                        418500000.0000000000
     30      3                       4967532                                        419000000.0000000000
     32      3                       4967536                                        419500000.0000000000
     32      3                       4967542                                        420000000.0000000000
     32      3                       4967548                                        420500000.0000000000
     30      3                       4967550                                        421000000.0000000000
     30      3                       4967554                                        421500000.0000000000
     15      1                       4967567                                        422000000.0000000000
     32      3                       4967576                                        422500000.0000000000
     32      3                       4967582                                        423000000.0000000000
     30      3                       4967588                                        423500000.0000000000
     32      3                       4967592                                        424000000.0000000000
     32      3                       4967598                                        424500000.0000000000
     30      3                       4967610                                        425000000.0000000000
     30      3                       4967614                                        425500000.0000000000
     30      3                       4967618                                        426000000.0000000000
     32      3                       4967620                                        426500000.0000000000
     32      3                       4967626                                        427000000.0000000000
     30      3                       4967628                                        427500000.0000000000
     15      1                       4967631                                        428000000.0000000000
     30      3                       4967640                                        428500000.0000000000
     15      1                       4967653                                        429000000.0000000000
     15      1                       4967657                                        429500000.0000000000
     32      3                       4967666                                        430000000.0000000000
     32      3                       4967672                                        430500000.0000000000
     30      3                       4967674                                        431000000.0000000000
     15      1                       4967681                                        431500000.0000000000
     32      3                       4967686                                        432000000.0000000000
     32      3                       4967690                                        432500000.0000000000
     32      3                       4967698                                        433000000.0000000000
     30      3                       4967708                                        433500000.0000000000
     32      3                       4967714                                        434000000.0000000000
     30      3                       4967718                                        434500000.0000000000
     12      1                       5528580                                        435000000.0000000000
      7      0                       5528581                                        454000000.0000000000
      7      0                       5528585                                        455000000.0000000000
      7      0                       5528587                                        456000000.0000000000
      7      0                       5528589                                        456500000.0000000000
      7      0                       5528591                                        458000000.0000000000
      7      0                       5528593                                        460000000.0000000000
      7      0                       5528597                                        460500000.0000000000
      7      0                       5528599                                        461000000.0000000000
      7      0                       5528603                                        461500000.0000000000
      7      0                       5528605                                        462000000.0000000000
      7      0                       5528609                                        463500000.0000000000
      7      0                       5528611                                        464000000.0000000000
      7      0                       5528615                                        464500000.0000000000
      7      0                       5528617                                        465000000.0000000000
      7      0                       5528621                                        465500000.0000000000
      7      0                       5528623                                        467000000.0000000000
      7      0                       5528625                                        467500000.0000000000
      7      0                       5528627                                        468000000.0000000000
      7      0                       5528629                                        468500000.0000000000
      5      0                      10526589                                        469000000.0000000000
      7      0                      10526593                                        638000000.0000000000
      7      0                      10526595                                        639000000.0000000000
     16      1                      10526596                                        639500000.0000000000
      7      0                      10526599                                        640000000.0000000000
      7      0                      10526601                                        640500000.0000000000
      2      0                      11390358                                        641000000.0000000000
      7      0                      11390360                                        671500000.0000000000
      7      0                      11390362                                        672500000.0000000000
      7      0                      11390364                                        673000000.0000000000
      7      0                      11390366                                        675000000.0000000000
      7      0                      11390372                                        675500000.0000000000
      7      0                      11390374                                        676500000.0000000000
      7      0                      11390380                                        677000000.0000000000
      7      0                      11390382                                        678000000.0000000000
     16      1                      11390383                                        679000000.0000000000
      7      0                      11390386                                        679500000.0000000000
      7      0                      11390388                                        680500000.0000000000
      7      0                      11390394                                        681000000.0000000000
      7      0                      11390400                                        681500000.0000000000
      7      0                      11390402                                        682500000.0000000000
      7      0                      11390404                                        683000000.0000000000
      7      0                      11390406                                        684000000.0000000000
     16      1                      11390409                                        685000000.0000000000
      7      0                      11390410                                        685500000.0000000000
      7      0                      11390412                                        686000000.0000000000
      7      0                      11390414                                        686500000.0000000000
     16      1                      11390421                                        687500000.0000000000
      7      0                      11390426                                        688000000.0000000000
      7      0                      11390430                                        689000000.0000000000
      7      0                      11390432                                        689500000.0000000000
      7      0                      11390434                                        692000000.0000000000
      1      0                      13898125                                        692500000.0000000000
     23      2                      13898126                                        778000000.0000000000
     23      2                      13898128                                        778500000.0000000000
      6      0                      13898129                                        779000000.0000000000
      8      0                      13898131                                        779500000.0000000000
      8      0                      13898133                                        781500000.0000000000
     23      2                      13898134                                        782000000.0000000000
      8      0                      13898137                                        782500000.0000000000
     23      2                      13898138                                        783000000.0000000000
     23      2                      13898140                                        783500000.0000000000
      2      0                      16996587                                        784000000.0000000000
      7      0                      16996589                                        890000000.0000000000
     14      1                      16996590                                        890500000.0000000000
      7      0                      16996593                                        891000000.0000000000
      7      0                      16996595                                        891500000.0000000000
      7      0                      16996597                                        892500000.0000000000
      7      0                      16996599                                        893000000.0000000000
      7      0                      16996601                                        894500000.0000000000
      7      0                      16996603                                        895000000.0000000000
      7      0                      16996605                                        895500000.0000000000
      7      0                      16996609                                        896000000.0000000000
      7      0                      16996611                                        896500000.0000000000
      7      0                      16996613                                        897000000.0000000000
      7      0                      16996615                                        897500000.0000000000
     16      1                      16996618                                        898000000.0000000000
      5      0                      19567240                                        898500000.0000000000
      7      0                      19567242                                        985500000.0000000000
      7      0                      19567244                                        986000000.0000000000
      7      0                      19567246                                        986500000.0000000000
      7      0                      19567248                                        987500000.0000000000
      7      0                      19567254                                        988000000.0000000000
      7      0                      19567256                                        988500000.0000000000
      7      0                      19567258                                        990000000.0000000000
      7      0                      19567260                                        990500000.0000000000
      7      0                      19567262                                        991000000.0000000000
     14      1                      19567265                                        991500000.0000000000
      7      0                      19567266                                        992000000.0000000000
      7      0                      19567268                                        993500000.0000000000
      7      0                      19567270                                        994000000.0000000000
      7      0                      19567272                                        995500000.0000000000
     14      1                      19567273                                        996000000.0000000000
      7      0                      19567276                                        996500000.0000000000
      7      0                      19567278                                        997000000.0000000000
      7      0                      19567280                                        997500000.0000000000
     16      1                      19567281                                        998000000.0000000000
      7      0                      19567284                                        998500000.0000000000
      7      0                      19567288                                        999000000.0000000000
      7      0                      19567290                                       1000000000.0000000000
     14      1                      19567290                                       1000314815.9267594791
