     10      1                             0                                                0.0000000000
     10      1                         17378                                           500000.0000000000
     32      3                         17383                                          1000000.0000000000
     30      3                         17391                                          1500000.0000000000
     32      3                         17397                                          2000000.0000000000
     32      3                         17399                                          2500000.0000000000
     32      3                         17409                                          3000000.0000000000
     30      3                         17415                                          3500000.0000000000
     30      3                         17417                                          4000000.0000000000
     30      3                         17425                                          4500000.0000000000
     30      3                         17427                                          5000000.0000000000
     32      3                         17435                                          5500000.0000000000
     30      3                         17447                                          6000000.0000000000
     30      3                         17455                                          6500000.0000000000
     32      3                         17461                                          7000000.0000000000
     32      3                         17467                                          7500000.0000000000
     30      3                         17475                                          8000000.0000000000
     32      3                         17479                                          8500000.0000000000
     32      3                         17481                                          9000000.0000000000
     32      3                         17485                                          9500000.0000000000
     15      1                         17492                                         10000000.0000000000
     32      3                         17499                                         10500000.0000000000
      9      1                       1079982                                         11000000.0000000000
      7      0                       1079983                                         46500000.0000000000
      7      0                       1079985                                         47000000.0000000000
      7      0                       1079987                                         48500000.0000000000
      7      0                       1079989                                         49500000.0000000000
      7      0                       1079991                                         50000000.0000000000
      7      0                       1079995                                         51500000.0000000000
      7      0                       1079997                                         52000000.0000000000
      7      0                       1079999                                         52500000.0000000000
      7      0                       1080003                                         53000000.0000000000
     10      1                       1447742                                         54500000.0000000000
      7      0                       1447743                                         66500000.0000000000
     16      1                       1447744                                         67500000.0000000000
      7      0                       1447745                                         68000000.0000000000
     16      1                       1447746                                         69000000.0000000000
      7      0                       1447757                                         69500000.0000000000
      7      0                       1447759                                         70000000.0000000000
     14      1                       1447760                                         72000000.0000000000
      7      0                       1447765                                         72500000.0000000000
     16      1                       1447768                                         73500000.0000000000
      4      0                       2796280                                         74000000.0000000000
      7      0                       2796282                                        119500000.0000000000
     16      1                       2796283                                        120000000.0000000000
      7      0                       2796286                                        120500000.0000000000
      7      0                       2796288                                        121000000.0000000000
      7      0                       2796290                                        122000000.0000000000
      7      0                       2796292                                        122500000.0000000000
      7      0                       2796296                                        123500000.0000000000
      7      0                       2796298                                        124000000.0000000000
      7      0                       2796302                                        124500000.0000000000
      4      0                       4264523                                        125000000.0000000000
      7      0                       4264525                                        175500000.0000000000
      7      0                       4264527                                        176500000.0000000000
      7      0                       4264529                                        177000000.0000000000
      7      0                       4264533                                        178000000.0000000000
     14      1                       4264536                                        179000000.0000000000
      7      0                       4264537                                        179500000.0000000000
      7      0                       4264539                                        181000000.0000000000
     16      1                       4264540                                        181500000.0000000000
      7      0                       4264541                                        182000000.0000000000
      7      0                       4264543                                        182500000.0000000000
      7      0                       4264547                                        183000000.0000000000
      7      0                       4264549                                        184500000.0000000000
      7      0                       4264553                                        185000000.0000000000
      7      0                       4264555                                        186000000.0000000000
      7      0                       4264557                                        186500000.0000000000
      7      0                       4264559                                        187500000.0000000000
      3      0                       4801005                                        188000000.0000000000
      7      0                       4801007                                        207000000.0000000000
      7      0                       4801011                                        208000000.0000000000
      7      0                       4801013                                        209500000.0000000000
      7      0                       4801015                                        210000000.0000000000
      7      0                       4801017                                        211000000.0000000000
      7      0                       4801019                                        212000000.0000000000
      7      0                       4801021                                        213000000.0000000000
      7      0                       4801027                                        213500000.0000000000
      7      0                       4801029                                        214000000.0000000000
      7      0                       4801031                                        215000000.0000000000
     16      1                       4801034                                        215500000.0000000000
      7      0                       4801035                                        216000000.0000000000
      7      0                       4801037                                        216500000.0000000000
      7      0                       4801041                                        218000000.0000000000
      7      0                       4801043                                        218500000.0000000000
      7      0                       4801045                                        219000000.0000000000
      7      0                       4801047                                        220000000.0000000000
     14      1                       4801048                                        220500000.0000000000
      7      0                       4801053                                        221000000.0000000000
      7      0                       4801055                                        221500000.0000000000
      7      0                       4801057                                        222000000.0000000000
      7      0                       4801061                                        222500000.0000000000
      7      0                       4801065                                        223000000.0000000000
      7      0                       4801067                                        223500000.0000000000
      7      0                       4801069                                        224000000.0000000000
      7      0                       4801071                                        225000000.0000000000
      7      0                       4801075                                        225500000.0000000000
      7      0                       4801077                                        226000000.0000000000
      7      0                       4801081                                        226500000.0000000000
      7      0                       4801083                                        227000000.0000000000
      7      0                       4801085                                        229000000.0000000000
     16      1                       4801090                                        229500000.0000000000
      7      0                       4801091                                        230000000.0000000000
      7      0                       4801093                                        231000000.0000000000
      7      0                       4801095                                        231500000.0000000000
      7      0                       4801097                                        232000000.0000000000
      7      0                       4801099                                        232500000.0000000000
      7      0                       4801103                                        233500000.0000000000
      7      0                       4801107                                        234000000.0000000000
      7      0                       4801111                                        236000000.0000000000
     16      1                       4801112                                        236500000.0000000000
      7      0                       4801117                                        237000000.0000000000
      7      0                       4801119                                        238000000.0000000000
      7      0                       4801125                                        238500000.0000000000
      7      0                       4801127                                        240000000.0000000000
      7      0                       4801129                                        240500000.0000000000
      7      0                       4801133                                        241500000.0000000000
      7      0                       4801135                                        243000000.0000000000
     14      1                       4801138                                        243500000.0000000000
      7      0                       4801141                                        244000000.0000000000
      7      0                       4801145                                        244500000.0000000000
      7      0                       4801147                                        245000000.0000000000
      7      0                       4801149                                        245500000.0000000000
      7      0                       4801151                                        246000000.0000000000
      7      0                       4801153                                        246500000.0000000000
      7      0                       4801155                                        247000000.0000000000
      7      0                       4801159                                        248000000.0000000000
      7      0                       4801161                                        248500000.0000000000
      7      0                       4801163                                        250000000.0000000000
      7      0                       4801167                                        251000000.0000000000
      7      0                       4801171                                        251500000.0000000000
      7      0                       4801173                                        252000000.0000000000
      7      0                       4801175                                        252500000.0000000000
      7      0                       4801177                                        253000000.0000000000
      7      0                       4801179                                        253500000.0000000000
      9      1                       5095229                                        254000000.0000000000
     30      3                       5095234                                        264000000.0000000000
     32      3                       5095238                                        264500000.0000000000
     32      3                       5095242                                        265000000.0000000000
     32      3                       5095254                                        265500000.0000000000
     15      1                       5095263                                        266000000.0000000000
     32      3                       5095268                                        266500000.0000000000
     32      3                       5095274                                        267500000.0000000000
     30      3                       5095282                                        268000000.0000000000
     30      3                       5095294                                        268500000.0000000000
     30      3                       5095298                                        269000000.0000000000
     32      3                       5095306                                        269500000.0000000000
     15      1                       5095309                                        270000000.0000000000
     32      3                       5095318                                        270500000.0000000000
     15      1                       5095321                                        271000000.0000000000
     15      1                       5095329                                        271500000.0000000000
     30      3                       5095332                                        272000000.0000000000
     30      3                       5095338                                        272500000.0000000000
     15      1                       5095345                                        273000000.0000000000
     30      3                       5095352                                        273500000.0000000000
     15      1                       5095357                                        274000000.0000000000
     30      3                       5095366                                        274500000.0000000000
     15      1                       5095377                                        275000000.0000000000
     15      1                       5095389                                        275500000.0000000000
     30      3                       5095390                                        276000000.0000000000
     30      3                       5095398                                        276500000.0000000000
     30      3                       5095406                                        277000000.0000000000
     32      3                       5095414                                        277500000.0000000000
     32      3                       5095424                                        278000000.0000000000
     30      3                       5095436                                        278500000.0000000000
     30      3                       5095448                                        279000000.0000000000
     32      3                       5095456                                        279500000.0000000000
     30      3                       5095460                                        280000000.0000000000
     15      1                       5095465                                        280500000.0000000000
     32      3                       5095472                                        281000000.0000000000
     30      3                       5095478                                        281500000.0000000000
     30      3                       5095484                                        282000000.0000000000
     30      3                       5095488                                        282500000.0000000000
     32      3                       5095490                                        283000000.0000000000
     32      3                       5095494                                        283500000.0000000000
     30      3                       5095502                                        284000000.0000000000
     32      3                       5095514                                        284500000.0000000000
     32      3                       5095520                                        285000000.0000000000
     15      1                       5095527                                        285500000.0000000000
     32      3                       5095530                                        286000000.0000000000
     15      1                       5095539                                        286500000.0000000000
     32      3                       5095544                                        287000000.0000000000
     30      3                       5095548                                        287500000.0000000000
     32      3                       5095556                                        288000000.0000000000
     32      3                       5095558                                        288500000.0000000000
     30      3                       5095560                                        289000000.0000000000
     32      3                       5095562                                        289500000.0000000000
     32      3                       5095568                                        290000000.0000000000
     30      3                       5095574                                        290500000.0000000000
     15      1                       5095577                                        291000000.0000000000
     32      3                       5095584                                        291500000.0000000000
     32      3                       5095594                                        292000000.0000000000
     32      3                       5095602                                        292500000.0000000000
     15      1                       5095609                                        293000000.0000000000
     32      3                       5095620                                        293500000.0000000000
     30      3                       5095628                                        294000000.0000000000
     32      3                       5095632                                        294500000.0000000000
     15      1                       5095639                                        295000000.0000000000
     30      3                       5095644                                        295500000.0000000000
     32      3                       5095646                                        296000000.0000000000
     32      3                       5095654                                        296500000.0000000000
     30      3                       5095658                                        297000000.0000000000
     32      3                       5095664                                        297500000.0000000000
     32      3                       5095672                                        298000000.0000000000
     32      3                       5095680                                        299000000.0000000000
     32      3                       5095684                                        299500000.0000000000
     32      3                       5095692                                        300000000.0000000000
     30      3                       5095700                                        300500000.0000000000
     32      3                       5095702                                        301000000.0000000000
     32      3                       5095710                                        301500000.0000000000
     30      3                       5095716                                        302000000.0000000000
     32      3                       5095720                                        302500000.0000000000
     32      3                       5095724                                        303000000.0000000000
     32      3                       5095730                                        303500000.0000000000
     30      3                       5095734                                        304000000.0000000000
     30      3                       5095742                                        304500000.0000000000
     32      3                       5095748                                        305000000.0000000000
     30      3                       5095756                                        305500000.0000000000
     15      1                       5095763                                        306000000.0000000000
     30      3                       5095774                                        306500000.0000000000
     15      1                       5095787                                        307500000.0000000000
     15      1                       5095795                                        308000000.0000000000
     30      3                       5095802                                        308500000.0000000000
     15      1                       5095811                                        309000000.0000000000
     32      3                       5095818                                        309500000.0000000000
     30      3                       5095820                                        310000000.0000000000
     30      3                       5095832                                        310500000.0000000000
     30      3                       5095842                                        311500000.0000000000
     30      3                       5095850                                        312500000.0000000000
     30      3                       5095856                                        313000000.0000000000
     15      1                       5095865                                        313500000.0000000000
     30      3                       5095872                                        314000000.0000000000
     30      3                       5095878                                        314500000.0000000000
     30      3                       5095886                                        315000000.0000000000
     32      3                       5095894                                        315500000.0000000000
     32      3                       5095898                                        316000000.0000000000
     32      3                       5095902                                        316500000.0000000000
     12      1                       5120978                                        317000000.0000000000
      7      0                       5120979                                        317500000.0000000000
     14      1                       5120980                                        318000000.0000000000
     16      1                       5120986                                        318500000.0000000000
      7      0                       5120989                                        319000000.0000000000
      7      0                       5120995                                        319500000.0000000000
      1      0                       5159363                                        320500000.0000000000
      7      0                       5159367                                        323000000.0000000000
     16      1                       5159370                                        323500000.0000000000
      7      0                       5159373                                        324000000.0000000000
      7      0                       5159377                                        324500000.0000000000
     16      1                       5159384                                        325000000.0000000000
      7      0                       5159387                                        325500000.0000000000
      7      0                       5159391                                        326500000.0000000000
     14      1                       5159398                                        327500000.0000000000
      7      0                       5159399                                        328000000.0000000000
      9      1                       5397224                                        329000000.0000000000
      7      0                       5397227                                        337500000.0000000000
     14      1                       5397232                                        338000000.0000000000
      7      0                       5397235                                        338500000.0000000000
      7      0                       5397239                                        340500000.0000000000
      7      0                       5397241                                        341000000.0000000000
      7      0                       5397243                                        341500000.0000000000
      7      0                       5397245                                        343000000.0000000000
      7      0                       5397247                                        343500000.0000000000
     14      1                       5397248                                        344000000.0000000000
      7      0                       5397249                                        344500000.0000000000
      7      0                       5397251                                        345000000.0000000000
      7      0                       5397253                                        346000000.0000000000
      1      0                       7163218                                        346500000.0000000000
     23      2                       7163219                                        409000000.0000000000
      8      0                       7163222                                        409500000.0000000000
      8      0                       7163224                                        410500000.0000000000
      6      0                       7163226                                        411000000.0000000000
      6      0                       7163228                                        411500000.0000000000
     23      2                       7163229                                        412000000.0000000000
      8      0                       7163230                                        412500000.0000000000
      8      0                       7163232                                        413000000.0000000000
     23      2                       7163233                                        414500000.0000000000
      6      0                       7163234                                        415000000.0000000000
      8      0                       7163236                                        415500000.0000000000
      8      0                       7163238                                        418000000.0000000000
     23      2                       7163241                                        418500000.0000000000
      8      0                       7163242                                        419000000.0000000000
     23      2                       7163243                                        421000000.0000000000
      8      0                       7163246                                        421500000.0000000000
     23      2                       7163247                                        422000000.0000000000
      8      0                       7163248                                        422500000.0000000000
     23      2                       7163249                                        425000000.0000000000
      8      0                       7163250                                        425500000.0000000000
      8      0                       7163252                                        428500000.0000000000
     23      2                       7163253                                        432000000.0000000000
      3      0                       9213242                                        432500000.0000000000
      6      0                       9213244                                        504500000.0000000000
      6      0                       9213246                                        505000000.0000000000
      6      0                       9213248                                        505500000.0000000000
      6      0                       9213250                                        506500000.0000000000
     23      2                       9213251                                        507000000.0000000000
      6      0                       9213254                                        507500000.0000000000
      8      0                       9213256                                        509500000.0000000000
      8      0                       9213258                                        510000000.0000000000
      8      0                       9213260                                        511000000.0000000000
      6      0                       9213262                                        513000000.0000000000
     23      2                       9213263                                        513500000.0000000000
      6      0                       9213264                                        514000000.0000000000
      8      0                       9213266                                        517000000.0000000000
      8      0                       9213270                                        519000000.0000000000
     23      2                       9213271                                        520000000.0000000000
      6      0                       9213272                                        520500000.0000000000
     23      2                       9213273                                        522500000.0000000000
      6      0                       9213276                                        523000000.0000000000
      6      0                       9213278                                        523500000.0000000000
      6      0                       9213282                                        524000000.0000000000
      2      0                       9341760                                        524500000.0000000000
      6      0                       9341762                                        529500000.0000000000
      6      0                       9341764                                        530000000.0000000000
      6      0                       9341766                                        531500000.0000000000
     23      2                       9341769                                        532000000.0000000000
      8      0                       9341770                                        532500000.0000000000
      6      0                       9341774                                        535000000.0000000000
     23      2                       9341775                                        536500000.0000000000
      8      0                       9341776                                        537000000.0000000000
      8      0                       9341778                                        537500000.0000000000
      8      0                       9341780                                        538000000.0000000000
     23      2                       9341781                                        539000000.0000000000
      6      0                       9341786                                        539500000.0000000000
      3      0                      11519024                                        540000000.0000000000
      7      0                      11519028                                        614500000.0000000000
      7      0                      11519030                                        616000000.0000000000
      7      0                      11519034                                        616500000.0000000000
     13      1                      11995012                                        617000000.0000000000
     30      3                      11995017                                        633000000.0000000000
     32      3                      11995021                                        633500000.0000000000
     15      1                      11995028                                        634000000.0000000000
     32      3                      11995033                                        634500000.0000000000
     30      3                      11995039                                        635000000.0000000000
     15      1                      11995042                                        635500000.0000000000
     30      3                      11995049                                        636000000.0000000000
     30      3                      11995055                                        636500000.0000000000
     30      3                      11995061                                        637000000.0000000000
     30      3                      11995067                                        637500000.0000000000
     32      3                      11995071                                        638000000.0000000000
     30      3                      11995079                                        638500000.0000000000
     30      3                      11995081                                        639000000.0000000000
     32      3                      11995087                                        639500000.0000000000
     30      3                      11995093                                        640000000.0000000000
     32      3                      11995099                                        640500000.0000000000
     32      3                      11995101                                        641000000.0000000000
     32      3                      11995107                                        641500000.0000000000
     32      3                      11995111                                        642000000.0000000000
     32      3                      11995117                                        642500000.0000000000
     32      3                      11995123                                        643000000.0000000000
     26      3                      12807730                                        643500000.0000000000
     15      1                      12807730                                       1410853058.6374625496
