     31      3                             0                                                0.0000000000
     24      2                             6                                           500000.0000000000
     22      2                             8                                          1000000.0000000000
     22      2                            10                                          1500000.0000000000
     22      2                            12                                          2000000.0000000000
     22      2                            14                                          2500000.0000000000
     31      3                            19                                          3000000.0000000000
     31      3                            23                                          3500000.0000000000
     31      3                            27                                          4000000.0000000000
     24      2                            30                                          4500000.0000000000
     24      2                            34                                          5000000.0000000000
     22      2                            40                                          5500000.0000000000
     31      3                            43                                          6000000.0000000000
     31      3                            49                                          6500000.0000000000
     22      2                            50                                          7000000.0000000000
     24      2                            56                                          7500000.0000000000
     22      2                            64                                          8000000.0000000000
     22      2                            66                                          8500000.0000000000
     22      2                            68                                          9000000.0000000000
     24      2                            70                                          9500000.0000000000
     31      3                            73                                         10000000.0000000000
     24      2                            74                                         10500000.0000000000
     22      2                            76                                         11000000.0000000000
     31      3                            83                                         11500000.0000000000
     22      2                            86                                         12000000.0000000000
     24      2                            92                                         12500000.0000000000
     22      2                            94                                         13500000.0000000000
     24      2                            96                                         14000000.0000000000
     24      2                            98                                         14500000.0000000000
     22      2                           100                                         15000000.0000000000
     24      2                           104                                         15500000.0000000000
     24      2                           106                                         16000000.0000000000
     24      2                           110                                         16500000.0000000000
     22      2                           112                                         17000000.0000000000
     22      2                           114                                         17500000.0000000000
     24      2                           116                                         18000000.0000000000
     24      2                           118                                         18500000.0000000000
     22      2                           122                                         19000000.0000000000
     22      2                           130                                         19500000.0000000000
     31      3                           133                                         20000000.0000000000
     22      2                           136                                         20500000.0000000000
     24      2                           140                                         21000000.0000000000
     31      3                           145                                         21500000.0000000000
     22      2                           148                                         22000000.0000000000
     31      3                           149                                         22500000.0000000000
     22      2                           158                                         23000000.0000000000
     24      2                           160                                         25000000.0000000000
     31      3                           161                                         26000000.0000000000
     24      2                           164                                         26500000.0000000000
     24      2                           166                                         27000000.0000000000
     24      2                           170                                         27500000.0000000000
     24      2                           172                                         28000000.0000000000
     24      2                           178                                         28500000.0000000000
     31      3                           185                                         29000000.0000000000
     31      3                           189                                         29500000.0000000000
     22      2                           194                                         30000000.0000000000
     22      2                           196                                         32000000.0000000000
     22      2                           198                                         32500000.0000000000
     24      2                           202                                         33000000.0000000000
     24      2                           206                                         33500000.0000000000
     22      2                           210                                         34000000.0000000000
     31      3                           215                                         34500000.0000000000
     24      2                           216                                         35000000.0000000000
     22      2                           218                                         36000000.0000000000
     22      2                           220                                         36500000.0000000000
     24      2                           222                                         37000000.0000000000
     31      3                           225                                         37500000.0000000000
     22      2                           230                                         38000000.0000000000
     22      2                           232                                         39000000.0000000000
     24      2                           234                                         39500000.0000000000
     22      2                           236                                         40000000.0000000000
     24      2                           238                                         40500000.0000000000
     24      2                           240                                         41500000.0000000000
     24      2                           244                                         42000000.0000000000
     24      2                           250                                         42500000.0000000000
     24      2                           254                                         43500000.0000000000
     31      3                           255                                         44000000.0000000000
     24      2                           260                                         44500000.0000000000
     24      2                           264                                         45000000.0000000000
     22      2                           270                                         45500000.0000000000
     24      2                           272                                         46000000.0000000000
     31      3                           275                                         46500000.0000000000
     31      3                           279                                         47000000.0000000000
     22      2                           280                                         47500000.0000000000
     22      2                           286                                         48000000.0000000000
     31      3                           287                                         48500000.0000000000
     24      2                           292                                         49000000.0000000000
     24      2                           294                                         49500000.0000000000
     24      2                           298                                         50000000.0000000000
     31      3                           305                                         50500000.0000000000
     24      2                           308                                         51000000.0000000000
     22      2                           312                                         51500000.0000000000
     24      2                           314                                         52000000.0000000000
     22      2                           316                                         52500000.0000000000
     22      2                           318                                         53000000.0000000000
     24      2                           322                                         53500000.0000000000
     31      3                           325                                         54000000.0000000000
     31      3                           329                                         54500000.0000000000
     22      2                           330                                         55000000.0000000000
     31      3                           335                                         55500000.0000000000
     22      2                           340                                         56000000.0000000000
     24      2                           344                                         56500000.0000000000
     31      3                           349                                         57000000.0000000000
     22      2                           350                                         57500000.0000000000
     22      2                           352                                         58000000.0000000000
     24      2                           354                                         58500000.0000000000
     22      2                           358                                         59500000.0000000000
     31      3                           363                                         60000000.0000000000
     24      2                           364                                         60500000.0000000000
     31      3                           365                                         61000000.0000000000
     24      2                           368                                         61500000.0000000000
     24      2                           372                                         62000000.0000000000
     22      2                           376                                         62500000.0000000000
     22      2                           378                                         63000000.0000000000
     22      2                           380                                         63500000.0000000000
     24      2                           386                                         64000000.0000000000
     24      2                           390                                         64500000.0000000000
     24      2                           394                                         65000000.0000000000
     24      2                           398                                         65500000.0000000000
     22      2                           400                                         66000000.0000000000
     31      3                           403                                         66500000.0000000000
     24      2                           404                                         67000000.0000000000
     31      3                           405                                         67500000.0000000000
     24      2                           406                                         68000000.0000000000
     22      2                           412                                         68500000.0000000000
     22      2                           414                                         69500000.0000000000
     22      2                           418                                         70500000.0000000000
     22      2                           420                                         71000000.0000000000
     31      3                           421                                         71500000.0000000000
     24      2                           426                                         72000000.0000000000
     24      2                           430                                         72500000.0000000000
     22      2                           434                                         73000000.0000000000
     22      2                           440                                         73500000.0000000000
     24      2                           444                                         74500000.0000000000
     22      2                           448                                         75000000.0000000000
     31      3                           455                                         76000000.0000000000
     22      2                           458                                         76500000.0000000000
     24      2                           460                                         77000000.0000000000
     22      2                           462                                         77500000.0000000000
     24      2                           466                                         78000000.0000000000
     22      2                           468                                         78500000.0000000000
     31      3                           475                                         79000000.0000000000
     24      2                           478                                         79500000.0000000000
     31      3                           479                                         80000000.0000000000
     24      2                           482                                         80500000.0000000000
     31      3                           485                                         81000000.0000000000
     31      3                           489                                         81500000.0000000000
     24      2                           490                                         82000000.0000000000
     22      2                           494                                         82500000.0000000000
     22      2                           498                                         83000000.0000000000
     22      2                           502                                         83500000.0000000000
     22      2                           504                                         84000000.0000000000
     24      2                           508                                         84500000.0000000000
     22      2                           514                                         85000000.0000000000
     24      2                           516                                         86000000.0000000000
     24      2                           518                                         86500000.0000000000
     22      2                           520                                         87000000.0000000000
     24      2                           522                                         88000000.0000000000
     24      2                           526                                         88500000.0000000000
     24      2                           532                                         89000000.0000000000
     22      2                           534                                         89500000.0000000000
     22      2                           538                                         90000000.0000000000
     22      2                           544                                         90500000.0000000000
     21      2                          2149                                         91500000.0000000000
     24      2                          2155                                         93500000.0000000000
     24      2                          2157                                         94000000.0000000000
     22      2                          2159                                         94500000.0000000000
     24      2                          2161                                         95000000.0000000000
     31      3                          2162                                         95500000.0000000000
     22      2                          2163                                         96000000.0000000000
     31      3                          2164                                         98000000.0000000000
     24      2                          2167                                         98500000.0000000000
     22      2                          2169                                         99000000.0000000000
     31      3                          2170                                        100000000.0000000000
     24      2                          2173                                        100500000.0000000000
     31      3                          2178                                        101000000.0000000000
     31      3                          2180                                        101500000.0000000000
     24      2                          2187                                        102000000.0000000000
     24      2                          2189                                        102500000.0000000000
     24      2                          2191                                        103500000.0000000000
     22      2                          2193                                        104000000.0000000000
     31      3                          2196                                        104500000.0000000000
     22      2                          2199                                        105000000.0000000000
     24      2                          2205                                        105500000.0000000000
     22      2                          2207                                        106000000.0000000000
     24      2                          2213                                        106500000.0000000000
     24      2                          2217                                        107000000.0000000000
     24      2                          2221                                        107500000.0000000000
     22      2                          2229                                        108000000.0000000000
     22      2                          2231                                        108500000.0000000000
     24      2                          2233                                        110000000.0000000000
     22      2                          2235                                        111000000.0000000000
     22      2                          2237                                        111500000.0000000000
     31      3                          2246                                        113500000.0000000000
     31      3                          2250                                        114000000.0000000000
     24      2                          2255                                        114500000.0000000000
     24      2                          2259                                        115000000.0000000000
     31      3                          2264                                        115500000.0000000000
     24      2                          2269                                        116000000.0000000000
     22      2                          2271                                        116500000.0000000000
     22      2                          2273                                        117000000.0000000000
     22      2                          2275                                        117500000.0000000000
     24      2                          2277                                        118000000.0000000000
     22      2                          2285                                        118500000.0000000000
     22      2                          2287                                        119500000.0000000000
     31      3                          2292                                        120000000.0000000000
     22      2                          2297                                        120500000.0000000000
     24      2                          2299                                        121000000.0000000000
     22      2                          2301                                        121500000.0000000000
     31      3                          2304                                        122000000.0000000000
     22      2                          2307                                        122500000.0000000000
     31      3                          2312                                        123000000.0000000000
     22      2                          2315                                        123500000.0000000000
     31      3                          2318                                        124000000.0000000000
     24      2                          2323                                        124500000.0000000000
     22      2                          2325                                        125500000.0000000000
     22      2                          2327                                        126000000.0000000000
     24      2                          2331                                        126500000.0000000000
     22      2                          2335                                        127000000.0000000000
     24      2                          2337                                        127500000.0000000000
     22      2                          2341                                        128000000.0000000000
     22      2                          2343                                        128500000.0000000000
     31      3                          2346                                        129000000.0000000000
     22      2                          2349                                        129500000.0000000000
     24      2                          2351                                        130000000.0000000000
     24      2                          2353                                        130500000.0000000000
     24      2                          2357                                        131500000.0000000000
     24      2                          2359                                        132000000.0000000000
     31      3                          2360                                        132500000.0000000000
     22      2                          2367                                        133000000.0000000000
     31      3                          2370                                        133500000.0000000000
     31      3                          2374                                        134000000.0000000000
     31      3                          2378                                        134500000.0000000000
     24      2                          2381                                        135000000.0000000000
     22      2                          2383                                        135500000.0000000000
     22      2                          2385                                        136000000.0000000000
     31      3                          2386                                        136500000.0000000000
     22      2                          2389                                        137000000.0000000000
     24      2                          2391                                        138000000.0000000000
     22      2                          2395                                        138500000.0000000000
     24      2                          2397                                        139000000.0000000000
     31      3                          2400                                        139500000.0000000000
     22      2                          2403                                        140000000.0000000000
     22      2                          2407                                        140500000.0000000000
     22      2                          2411                                        141000000.0000000000
     22      2                          2413                                        141500000.0000000000
     31      3                          2418                                        142000000.0000000000
     24      2                          2421                                        142500000.0000000000
     22      2                          2423                                        143000000.0000000000
     22      2                          2425                                        143500000.0000000000
     24      2                          2429                                        144000000.0000000000
     24      2                          2431                                        144500000.0000000000
     31      3                          2434                                        145000000.0000000000
     22      2                          2435                                        145500000.0000000000
     31      3                          2438                                        146000000.0000000000
     22      2                          2441                                        146500000.0000000000
     22      2                          2447                                        147500000.0000000000
     22      2                          2451                                        148000000.0000000000
     31      3                          2454                                        148500000.0000000000
     22      2                          2459                                        149000000.0000000000
     24      2                          2465                                        150500000.0000000000
     31      3                          2470                                        151000000.0000000000
     24      2                          2471                                        151500000.0000000000
     24      2                          2473                                        152000000.0000000000
     31      3                          2480                                        152500000.0000000000
     24      2                          2483                                        153000000.0000000000
     22      2                          2485                                        154000000.0000000000
     31      3                          2492                                        154500000.0000000000
     22      2                          2497                                        155000000.0000000000
     22      2                          2499                                        155500000.0000000000
     22      2                          2503                                        156000000.0000000000
     22      2                          2511                                        156500000.0000000000
     24      2                          2513                                        157000000.0000000000
     22      2                          2515                                        158000000.0000000000
     31      3                          2518                                        158500000.0000000000
     22      2                          2519                                        159000000.0000000000
     22      2                          2523                                        159500000.0000000000
     24      2                          2529                                        160000000.0000000000
     22      2                          2531                                        161000000.0000000000
     24      2                          2537                                        162500000.0000000000
     22      2                          2539                                        163000000.0000000000
     22      2                          2541                                        163500000.0000000000
     22      2                          2547                                        164000000.0000000000
     24      2                          2551                                        165000000.0000000000
     31      3                          2556                                        165500000.0000000000
     24      2                          2559                                        166000000.0000000000
     31      3                          2560                                        167000000.0000000000
     22      2                          2563                                        167500000.0000000000
     24      2                          2567                                        168000000.0000000000
     22      2                          2571                                        168500000.0000000000
     22      2                          2575                                        169000000.0000000000
     22      2                          2577                                        169500000.0000000000
     24      2                          2579                                        170000000.0000000000
     24      2                          2581                                        170500000.0000000000
     22      2                          2587                                        171000000.0000000000
     31      3                          2590                                        171500000.0000000000
     24      2                          2597                                        172000000.0000000000
     22      2                          2599                                        172500000.0000000000
     24      2                          2603                                        173000000.0000000000
     24      2                          2609                                        173500000.0000000000
     22      2                          2611                                        174000000.0000000000
     31      3                          2616                                        174500000.0000000000
     31      3                          2624                                        175000000.0000000000
     24      2                          2627                                        175500000.0000000000
     22      2                          2633                                        176000000.0000000000
     22      2                          2635                                        176500000.0000000000
     24      2                          2637                                        177000000.0000000000
     22      2                          2641                                        178000000.0000000000
     24      2                          2645                                        178500000.0000000000
     24      2                          2649                                        179000000.0000000000
     24      2                          2651                                        179500000.0000000000
     22      2                          2653                                        180500000.0000000000
     22      2                          2657                                        181000000.0000000000
     22      2                          2663                                        181500000.0000000000
     31      3                          2666                                        182000000.0000000000
     24      2                          2669                                        182500000.0000000000
     24      2                          2671                                        183000000.0000000000
     22      2                          2673                                        183500000.0000000000
     22      2                          2679                                        184000000.0000000000
     22      2                          2683                                        184500000.0000000000
     22      2                          2689                                        185000000.0000000000
     22      2                          2695                                        185500000.0000000000
     22      2                          2699                                        186000000.0000000000
     31      3                          2702                                        186500000.0000000000
     31      3                          2706                                        187000000.0000000000
     21      2                        159132                                        187500000.0000000000
     24      2                        159134                                        375000000.0000000000
     22      2                        159138                                        376000000.0000000000
     22      2                        159140                                        376500000.0000000000
     22      2                        159144                                        377000000.0000000000
     22      2                        159146                                        378000000.0000000000
     31      3                        159147                                        379000000.0000000000
     22      2                        159152                                        379500000.0000000000
     31      3                        159155                                        380000000.0000000000
     24      2                        159158                                        380500000.0000000000
     22      2                        159162                                        381000000.0000000000
     22      2                        159166                                        381500000.0000000000
     31      3                        159169                                        382000000.0000000000
     31      3                        159171                                        382500000.0000000000
     31      3                        159177                                        383000000.0000000000
     31      3                        159179                                        383500000.0000000000
     24      2                        159180                                        384000000.0000000000
     22      2                        159182                                        384500000.0000000000
     31      3                        159185                                        385000000.0000000000
     24      2                        159190                                        385500000.0000000000
     22      2                        159192                                        386000000.0000000000
     31      3                        159193                                        386500000.0000000000
     24      2                        159198                                        387000000.0000000000
     31      3                        159205                                        387500000.0000000000
     24      2                        159206                                        388000000.0000000000
     31      3                        159209                                        388500000.0000000000
     22      2                        159214                                        389000000.0000000000
     31      3                        159217                                        389500000.0000000000
     24      2                        159220                                        390000000.0000000000
     24      2                        159224                                        390500000.0000000000
     24      2                        159226                                        391000000.0000000000
     24      2                        159228                                        391500000.0000000000
     31      3                        159233                                        392000000.0000000000
     24      2                        159238                                        392500000.0000000000
     22      2                        159240                                        393000000.0000000000
     31      3                        159247                                        393500000.0000000000
     31      3                        159249                                        394000000.0000000000
     24      2                        159252                                        394500000.0000000000
     24      2                        159254                                        395500000.0000000000
     31      3                        159257                                        396500000.0000000000
     22      2                        159262                                        397000000.0000000000
     22      2                        159268                                        398000000.0000000000
     31      3                        159269                                        398500000.0000000000
     24      2                        159272                                        399000000.0000000000
     31      3                        159275                                        399500000.0000000000
     22      2                        159282                                        400000000.0000000000
     22      2                        159284                                        400500000.0000000000
     24      2                        159288                                        401000000.0000000000
     22      2                        159290                                        401500000.0000000000
     31      3                        159295                                        402000000.0000000000
     24      2                        159298                                        402500000.0000000000
     24      2                        159302                                        403000000.0000000000
     22      2                        159304                                        403500000.0000000000
     24      2                        159308                                        404000000.0000000000
     24      2                        159310                                        404500000.0000000000
     31      3                        159313                                        405000000.0000000000
     31      3                        159317                                        405500000.0000000000
     24      2                        159318                                        406000000.0000000000
     24      2                        159320                                        406500000.0000000000
     24      2                        159324                                        407500000.0000000000
     31      3                        159327                                        408500000.0000000000
     22      2                        159332                                        409000000.0000000000
     31      3                        159333                                        410000000.0000000000
     24      2                        159336                                        410500000.0000000000
     22      2                        159340                                        411000000.0000000000
     22      2                        159344                                        411500000.0000000000
     31      3                        159347                                        412000000.0000000000
     31      3                        159349                                        412500000.0000000000
     22      2                        159350                                        413000000.0000000000
     24      2                        159354                                        414000000.0000000000
     24      2                        159360                                        414500000.0000000000
     24      2                        159368                                        415000000.0000000000
     22      2                        159372                                        416000000.0000000000
     24      2                        159374                                        416500000.0000000000
     22      2                        159378                                        417000000.0000000000
     24      2                        159380                                        417500000.0000000000
     22      2                        159382                                        418000000.0000000000
     22      2                        159384                                        418500000.0000000000
     24      2                        159388                                        419000000.0000000000
     22      2                        159392                                        419500000.0000000000
     22      2                        159398                                        420000000.0000000000
     22      2                        159400                                        420500000.0000000000
     24      2                        159402                                        421000000.0000000000
     24      2                        159406                                        421500000.0000000000
     24      2                        159412                                        422000000.0000000000
     22      2                        159418                                        422500000.0000000000
     22      2                        159422                                        423000000.0000000000
     31      3                        159423                                        423500000.0000000000
     31      3                        159427                                        424000000.0000000000
     22      2                        159430                                        424500000.0000000000
     24      2                        159436                                        425000000.0000000000
     22      2                        159438                                        425500000.0000000000
     24      2                        159442                                        426000000.0000000000
     22      2                        159446                                        426500000.0000000000
     22      2                        159450                                        427000000.0000000000
     31      3                        159457                                        427500000.0000000000
     22      2                        159462                                        428000000.0000000000
     31      3                        159463                                        428500000.0000000000
     24      2                        159466                                        429000000.0000000000
     22      2                        159468                                        429500000.0000000000
     22      2                        159470                                        430000000.0000000000
     24      2                        159474                                        430500000.0000000000
     31      3                        159479                                        432000000.0000000000
     22      2                        159482                                        432500000.0000000000
     24      2                        159490                                        433000000.0000000000
     31      3                        159491                                        433500000.0000000000
     24      2                        159492                                        434000000.0000000000
     22      2                        159498                                        435000000.0000000000
     31      3                        159505                                        435500000.0000000000
     22      2                        159510                                        436000000.0000000000
     22      2                        159514                                        436500000.0000000000
     31      3                        159515                                        437000000.0000000000
     24      2                        159520                                        437500000.0000000000
     31      3                        159525                                        438000000.0000000000
     31      3                        159529                                        438500000.0000000000
     24      2                        159534                                        439000000.0000000000
     31      3                        159543                                        439500000.0000000000
     22      2                        159548                                        440000000.0000000000
     31      3                        159551                                        441000000.0000000000
     22      2                        159552                                        441500000.0000000000
     24      2                        159556                                        442000000.0000000000
     31      3                        159561                                        442500000.0000000000
     24      2                        159562                                        443000000.0000000000
     18      2                        580791                                        443500000.0000000000
     24      2                        580793                                        946500000.0000000000
     24      2                        580797                                        947000000.0000000000
     24      2                        580799                                        947500000.0000000000
     24      2                        580801                                        948000000.0000000000
     31      3                        580802                                        948500000.0000000000
     24      2                        580805                                        949000000.0000000000
     22      2                        580807                                        950000000.0000000000
     31      3                        580810                                        950500000.0000000000
     31      3                        580812                                        951000000.0000000000
     24      2                        580815                                        951500000.0000000000
     22      2                        580819                                        952000000.0000000000
     24      2                        580821                                        952500000.0000000000
     22      2                        580823                                        953000000.0000000000
     22      2                        580825                                        953500000.0000000000
     22      2                        580829                                        954000000.0000000000
     24      2                        580831                                        954500000.0000000000
     22      2                        580833                                        955500000.0000000000
     22      2                        580839                                        956500000.0000000000
     24      2                        580841                                        957000000.0000000000
     22      2                        580843                                        957500000.0000000000
     22      2                        580847                                        958000000.0000000000
     24      2                        580855                                        958500000.0000000000
     24      2                        580859                                        959000000.0000000000
     24      2                        580865                                        959500000.0000000000
     31      3                        580868                                        960000000.0000000000
     22      2                        580869                                        960500000.0000000000
     31      3                        580874                                        961000000.0000000000
     24      2                        580877                                        961500000.0000000000
     24      2                        580881                                        962000000.0000000000
     31      3                        580882                                        962500000.0000000000
     24      2                        580883                                        963000000.0000000000
     24      2                        580885                                        963500000.0000000000
     24      2                        580887                                        964000000.0000000000
     24      2                        580889                                        964500000.0000000000
     24      2                        580893                                        965000000.0000000000
     24      2                        580895                                        965500000.0000000000
     24      2                        580897                                        966000000.0000000000
     22      2                        580901                                        966500000.0000000000
     31      3                        580904                                        967000000.0000000000
     24      2                        580907                                        967500000.0000000000
     22      2                        580909                                        968000000.0000000000
     22      2                        580913                                        968500000.0000000000
     31      3                        580916                                        969000000.0000000000
     22      2                        580921                                        969500000.0000000000
     24      2                        580927                                        970000000.0000000000
     24      2                        580929                                        970500000.0000000000
     24      2                        580933                                        971500000.0000000000
     22      2                        580937                                        972000000.0000000000
     22      2                        580939                                        972500000.0000000000
     22      2                        580943                                        973000000.0000000000
     22      2                        580949                                        973500000.0000000000
     31      3                        580952                                        974000000.0000000000
     31      3                        580956                                        974500000.0000000000
     24      2                        580957                                        975000000.0000000000
     31      3                        580962                                        975500000.0000000000
     22      2                        580965                                        976000000.0000000000
     31      3                        580970                                        976500000.0000000000
     22      2                        580971                                        977000000.0000000000
     24      2                        580975                                        978000000.0000000000
     24      2                        580981                                        978500000.0000000000
     22      2                        580983                                        979000000.0000000000
     22      2                        580985                                        979500000.0000000000
     24      2                        580987                                        980000000.0000000000
     31      3                        580994                                        980500000.0000000000
     24      2                        580999                                        981000000.0000000000
     22      2                        581003                                        981500000.0000000000
     22      2                        581005                                        982000000.0000000000
     24      2                        581011                                        982500000.0000000000
     31      3                        581016                                        983000000.0000000000
     22      2                        581023                                        983500000.0000000000
     24      2                        581027                                        984000000.0000000000
     31      3                        581030                                        985000000.0000000000
     22      2                        581033                                        985500000.0000000000
     31      3                        581038                                        986000000.0000000000
     22      2                        581047                                        986500000.0000000000
     22      2                        581049                                        987000000.0000000000
     31      3                        581054                                        987500000.0000000000
     24      2                        581057                                        988000000.0000000000
     24      2                        581059                                        988500000.0000000000
     22      2                        581063                                        989000000.0000000000
     31      3                        581066                                        989500000.0000000000
     24      2                        581067                                        990000000.0000000000
     22      2                        581069                                        990500000.0000000000
     22      2                        581073                                        991000000.0000000000
     24      2                        581075                                        992000000.0000000000
     31      3                        581082                                        993000000.0000000000
     22      2                        581087                                        993500000.0000000000
     22      2                        581093                                        994000000.0000000000
     24      2                        581095                                        994500000.0000000000
     24      2                        581101                                        995500000.0000000000
     24      2                        581103                                        996000000.0000000000
     24      2                        581105                                        996500000.0000000000
     31      3                        581108                                        997000000.0000000000
     22      2                        581111                                        997500000.0000000000
     22      2                        581113                                        998000000.0000000000
     31      3                        581118                                        998500000.0000000000
     24      2                        581125                                        999000000.0000000000
     22      2                        581127                                        999500000.0000000000
     24      2                        581129                                       1000000000.0000000000
     31      3                        581129                                       1000388151.5710051125
