     19      2                             0                                                0.0000000000
     19      2                        184864                                           500000.0000000000
      8      0                        184865                                        221000000.0000000000
     23      2                        184866                                        223500000.0000000000
      6      0                        184869                                        224000000.0000000000
     23      2                        184872                                        225000000.0000000000
      6      0                        184875                                        225500000.0000000000
     23      2                        184876                                        226500000.0000000000
      8      0                        184877                                        227000000.0000000000
     23      2                        184878                                        227500000.0000000000
      8      0                        184879                                        228000000.0000000000
     23      2                        184880                                        230000000.0000000000
      8      0                        184881                                        230500000.0000000000
     23      2                        184882                                        231500000.0000000000
      6      0                        184885                                        232000000.0000000000
     23      2                        184886                                        232500000.0000000000
      6      0                        184887                                        233500000.0000000000
     23      2                        184890                                        234000000.0000000000
      6      0                        184891                                        234500000.0000000000
      8      0                        184893                                        237000000.0000000000
      6      0                        184895                                        238500000.0000000000
      6      0                        184897                                        239000000.0000000000
     23      2                        184898                                        239500000.0000000000
      8      0                        184899                                        240000000.0000000000
      6      0                        184901                                        244000000.0000000000
     23      2                        184902                                        245500000.0000000000
      8      0                        184903                                        246000000.0000000000
     23      2                        184906                                        247000000.0000000000
      8      0                        184909                                        247500000.0000000000
      2      0                       1015495                                        249000000.0000000000
      7      0                       1015497                                        280500000.0000000000
      7      0                       1015499                                        281000000.0000000000
      7      0                       1015503                                        281500000.0000000000
      7      0                       1015507                                        282000000.0000000000
      7      0                       1015509                                        282500000.0000000000
      7      0                       1015511                                        283000000.0000000000
      7      0                       1015513                                        283500000.0000000000
      7      0                       1015515                                        284000000.0000000000
     16      1                       1015520                                        284500000.0000000000
      7      0                       1015523                                        285000000.0000000000
      7      0                       1015525                                        285500000.0000000000
      7      0                       1015529                                        286500000.0000000000
      7      0                       1015533                                        287000000.0000000000
      7      0                       1015535                                        287500000.0000000000
      7      0                       1015539                                        289500000.0000000000
      7      0                       1015541                                        291000000.0000000000
      7      0                       1015543                                        291500000.0000000000
      7      0                       1015545                                        292000000.0000000000
      7      0                       1015547                                        292500000.0000000000
      7      0                       1015549                                        293500000.0000000000
      7      0                       1015553                                        294500000.0000000000
      7      0                       1015555                                        295000000.0000000000
      7      0                       1015559                                        295500000.0000000000
      7      0                       1015561                                        296000000.0000000000
     14      1                       1015564                                        297000000.0000000000
      7      0                       1015571                                        297500000.0000000000
      7      0                       1015573                                        300500000.0000000000
      7      0                       1015575                                        301000000.0000000000
      7      0                       1015577                                        301500000.0000000000
      7      0                       1015579                                        302000000.0000000000
      7      0                       1015581                                        303000000.0000000000
      7      0                       1015583                                        303500000.0000000000
     14      1                       1015590                                        304000000.0000000000
      7      0                       1015591                                        304500000.0000000000
      7      0                       1015593                                        305000000.0000000000
      7      0                       1015595                                        306000000.0000000000
      7      0                       1015597                                        306500000.0000000000
      7      0                       1015599                                        307000000.0000000000
      7      0                       1015601                                        307500000.0000000000
      7      0                       1015605                                        308000000.0000000000
      7      0                       1015609                                        308500000.0000000000
      7      0                       1015613                                        309000000.0000000000
      7      0                       1015615                                        309500000.0000000000
      7      0                       1015619                                        310500000.0000000000
      7      0                       1015623                                        311000000.0000000000
      7      0                       1015625                                        311500000.0000000000
     14      1                       1015630                                        312500000.0000000000
      2      0                       2093254                                        313000000.0000000000
      7      0                       2093256                                        350500000.0000000000
      7      0                       2093260                                        351500000.0000000000
      7      0                       2093264                                        352000000.0000000000
      7      0                       2093268                                        352500000.0000000000
      7      0                       2093270                                        353500000.0000000000
     14      1                       2093271                                        354000000.0000000000
      7      0                       2093276                                        354500000.0000000000
      7      0                       2093278                                        355500000.0000000000
      7      0                       2093280                                        356000000.0000000000
      7      0                       2093282                                        357000000.0000000000
      7      0                       2093286                                        357500000.0000000000
      7      0                       2093288                                        358000000.0000000000
      7      0                       2093290                                        358500000.0000000000
      7      0                       2093292                                        359500000.0000000000
      7      0                       2093294                                        360000000.0000000000
      7      0                       2093298                                        360500000.0000000000
      7      0                       2093300                                        361500000.0000000000
      7      0                       2093304                                        362000000.0000000000
      7      0                       2093308                                        362500000.0000000000
      7      0                       2093310                                        363000000.0000000000
     16      1                       2093313                                        364000000.0000000000
      7      0                       2093314                                        364500000.0000000000
      7      0                       2093320                                        365000000.0000000000
      7      0                       2093322                                        365500000.0000000000
      7      0                       2093324                                        366500000.0000000000
      7      0                       2093328                                        367000000.0000000000
      7      0                       2093330                                        367500000.0000000000
      7      0                       2093332                                        368000000.0000000000
      7      0                       2093334                                        369000000.0000000000
      7      0                       2093336                                        370000000.0000000000
     10      1                       2644002                                        371000000.0000000000
      7      0                       2644003                                        389500000.0000000000
      7      0                       2644005                                        390000000.0000000000
     16      1                       2644006                                        390500000.0000000000
      7      0                       2644011                                        391000000.0000000000
      7      0                       2644013                                        393000000.0000000000
     14      1                       2644016                                        393500000.0000000000
      7      0                       2644021                                        394000000.0000000000
      7      0                       2644023                                        394500000.0000000000
      7      0                       2644027                                        395500000.0000000000
      7      0                       2644029                                        396500000.0000000000
      7      0                       2644031                                        397000000.0000000000
      7      0                       2644037                                        398000000.0000000000
      7      0                       2644039                                        399000000.0000000000
      7      0                       2644041                                        400500000.0000000000
      7      0                       2644047                                        401000000.0000000000
      7      0                       2644049                                        401500000.0000000000
      7      0                       2644053                                        402000000.0000000000
      7      0                       2644055                                        403000000.0000000000
      7      0                       2644057                                        404500000.0000000000
      7      0                       2644061                                        405500000.0000000000
      7      0                       2644063                                        406000000.0000000000
      7      0                       2644065                                        406500000.0000000000
     16      1                       2644066                                        407500000.0000000000
      7      0                       2644067                                        408000000.0000000000
      7      0                       2644069                                        409000000.0000000000
      7      0                       2644071                                        409500000.0000000000
     14      1                       2644074                                        410000000.0000000000
      7      0                       2644075                                        410500000.0000000000
      3      0                       7755923                                        412000000.0000000000
      6      0                       7755927                                        585500000.0000000000
      8      0                       7755929                                        586500000.0000000000
      6      0                       7755931                                        587500000.0000000000
      8      0                       7755933                                        588000000.0000000000
      6      0                       7755935                                        588500000.0000000000
     23      2                       7755936                                        589500000.0000000000
      8      0                       7755939                                        590000000.0000000000
      8      0                       7755941                                        593500000.0000000000
      1      0                       8851401                                        595000000.0000000000
      8      0                       8851403                                        636000000.0000000000
      8      0                       8851405                                        636500000.0000000000
      8      0                       8851407                                        637500000.0000000000
     23      2                       8851410                                        640000000.0000000000
      8      0                       8851413                                        640500000.0000000000
      8      0                       8851415                                        641500000.0000000000
      6      0                       8851417                                        643500000.0000000000
      6      0                       8851419                                        644000000.0000000000
      6      0                       8851423                                        644500000.0000000000
      6      0                       8851425                                        645000000.0000000000
     23      2                       8851428                                        646500000.0000000000
     23      2                       8851430                                        647000000.0000000000
      6      0                       8851431                                        647500000.0000000000
      8      0                       8851433                                        648000000.0000000000
      6      0                       8851435                                        649500000.0000000000
     23      2                       8851436                                        650000000.0000000000
     23      2                       8851440                                        650500000.0000000000
      1      0                       8882995                                        651000000.0000000000
      7      0                       8882999                                        655000000.0000000000
      7      0                       8883001                                        656000000.0000000000
      7      0                       8883003                                        656500000.0000000000
      7      0                       8883005                                        657000000.0000000000
      7      0                       8883009                                        657500000.0000000000
      7      0                       8883011                                        658000000.0000000000
      7      0                       8883013                                        658500000.0000000000
      7      0                       8883017                                        659500000.0000000000
     14      1                       8883020                                        663000000.0000000000
      7      0                       8883023                                        663500000.0000000000
      7      0                       8883025                                        664000000.0000000000
      7      0                       8883029                                        664500000.0000000000
      7      0                       8883031                                        665500000.0000000000
      7      0                       8883035                                        666000000.0000000000
      7      0                       8883037                                        666500000.0000000000
      5      0                       9231675                                        667500000.0000000000
      7      0                       9231677                                        681500000.0000000000
      7      0                       9231681                                        682500000.0000000000
      7      0                       9231683                                        683000000.0000000000
     10      1                       9322997                                        683500000.0000000000
      7      0                       9322998                                        686500000.0000000000
      3      0                      12290473                                        687000000.0000000000
     23      2                      12290474                                        787500000.0000000000
      6      0                      12290477                                        788000000.0000000000
      6      0                      12290481                                        789500000.0000000000
     23      2                      12290482                                        790000000.0000000000
      6      0                      12290483                                        790500000.0000000000
      8      0                      12290485                                        791000000.0000000000
      8      0                      12290487                                        792000000.0000000000
      6      0                      12290489                                        792500000.0000000000
      8      0                      12290491                                        793000000.0000000000
      6      0                      12290493                                        794000000.0000000000
      8      0                      12290495                                        794500000.0000000000
     23      2                      12290496                                        796500000.0000000000
      8      0                      12290497                                        797000000.0000000000
      6      0                      12290499                                        797500000.0000000000
      8      0                      12290501                                        798500000.0000000000
     23      2                      12290502                                        799500000.0000000000
      4      0                      14121345                                        800000000.0000000000
      7      0                      14121347                                        862500000.0000000000
      3      0                      15021074                                        863000000.0000000000
      8      0                      15021076                                        896000000.0000000000
     23      2                      15021079                                        898000000.0000000000
      8      0                      15021082                                        898500000.0000000000
      8      0                      15021084                                        899000000.0000000000
     23      2                      15021087                                        900500000.0000000000
      5      0                      17561794                                        901000000.0000000000
      8      0                      17561796                                        988500000.0000000000
      8      0                      17561800                                        989000000.0000000000
      8      0                      17561802                                        990000000.0000000000
      6      0                      17561804                                        990500000.0000000000
      6      0                      17561806                                        992000000.0000000000
      8      0                      17561808                                        994000000.0000000000
     23      2                      17561809                                        995500000.0000000000
      2      0                      21275255                                        996000000.0000000000
     23      2                      21275255                                       1121585122.7472842364
