     29      3                             0                                                0.0000000000
     29      3                         79399                                           500000.0000000000
     32      3                         79405                                         75000000.0000000000
     30      3                         79407                                         75500000.0000000000
     32      3                         79415                                         76000000.0000000000
     32      3                         79427                                         76500000.0000000000
     15      1                         79436                                         77000000.0000000000
     25      3                        150202                                         77500000.0000000000
     22      2                        150207                                        144500000.0000000000
     31      3                        150208                                        145000000.0000000000
     24      2                        150211                                        145500000.0000000000
     22      2                        150213                                        146000000.0000000000
     31      3                        150216                                        146500000.0000000000
     22      2                        150217                                        147000000.0000000000
     31      3                        150218                                        148000000.0000000000
     22      2                        150221                                        148500000.0000000000
     24      2                        150223                                        149000000.0000000000
     24      2                        150229                                        149500000.0000000000
     22      2                        150233                                        150500000.0000000000
     22      2                        150237                                        151000000.0000000000
     22      2                        150239                                        151500000.0000000000
     22      2                        150241                                        152000000.0000000000
     22      2                        150245                                        152500000.0000000000
     24      2                        150247                                        153000000.0000000000
     22      2                        150251                                        153500000.0000000000
     31      3                        150254                                        154000000.0000000000
     22      2                        150257                                        154500000.0000000000
     24      2                        150261                                        155000000.0000000000
     24      2                        150265                                        155500000.0000000000
     22      2                        150269                                        156000000.0000000000
     22      2                        150273                                        156500000.0000000000
     24      2                        150277                                        157000000.0000000000
     22      2                        150279                                        157500000.0000000000
     24      2                        150281                                        158000000.0000000000
     24      2                        150283                                        159000000.0000000000
     24      2                        150285                                        160000000.0000000000
     31      3                        150286                                        161000000.0000000000
     31      3                        150292                                        161500000.0000000000
     24      2                        150297                                        162000000.0000000000
     22      2                        150301                                        162500000.0000000000
     22      2                        150305                                        163000000.0000000000
     24      2                        150307                                        163500000.0000000000
     22      2                        150311                                        164000000.0000000000
     31      3                        150314                                        164500000.0000000000
     22      2                        150317                                        165000000.0000000000
     22      2                        150319                                        166000000.0000000000
     22      2                        150321                                        166500000.0000000000
     24      2                        150327                                        167000000.0000000000
     22      2                        150329                                        167500000.0000000000
     22      2                        150333                                        168500000.0000000000
     24      2                        150335                                        169500000.0000000000
     24      2                        150339                                        170000000.0000000000
     24      2                        150343                                        170500000.0000000000
     24      2                        150349                                        171000000.0000000000
     22      2                        150351                                        171500000.0000000000
     31      3                        150352                                        172000000.0000000000
     31      3                        150356                                        172500000.0000000000
     22      2                        150359                                        173000000.0000000000
     22      2                        150361                                        174000000.0000000000
     22      2                        150363                                        174500000.0000000000
     22      2                        150365                                        175000000.0000000000
     31      3                        150370                                        175500000.0000000000
     31      3                        150372                                        176000000.0000000000
     22      2                        150373                                        176500000.0000000000
     22      2                        150377                                        177000000.0000000000
     22      2                        150381                                        177500000.0000000000
     22      2                        150383                                        178500000.0000000000
     22      2                        150387                                        179000000.0000000000
     31      3                        150392                                        179500000.0000000000
     24      2                        150393                                        180000000.0000000000
     22      2                        150397                                        180500000.0000000000
     31      3                        150398                                        181000000.0000000000
     24      2                        150399                                        181500000.0000000000
     31      3                        150400                                        182500000.0000000000
     22      2                        150401                                        183000000.0000000000
     22      2                        150405                                        183500000.0000000000
     22      2                        150407                                        184000000.0000000000
     22      2                        150411                                        184500000.0000000000
     22      2                        150413                                        185000000.0000000000
     24      2                        150419                                        185500000.0000000000
     24      2                        150425                                        186000000.0000000000
     24      2                        150429                                        186500000.0000000000
     22      2                        150433                                        187000000.0000000000
     22      2                        150437                                        187500000.0000000000
     31      3                        150438                                        188500000.0000000000
     24      2                        150439                                        189000000.0000000000
     31      3                        150442                                        189500000.0000000000
     24      2                        150445                                        190000000.0000000000
     22      2                        150449                                        190500000.0000000000
     31      3                        150456                                        191000000.0000000000
     22      2                        150459                                        191500000.0000000000
     24      2                        150461                                        192000000.0000000000
     31      3                        150466                                        193000000.0000000000
     31      3                        150468                                        193500000.0000000000
     31      3                        150472                                        194000000.0000000000
     22      2                        150477                                        194500000.0000000000
     22      2                        150481                                        195000000.0000000000
     22      2                        150483                                        196000000.0000000000
     31      3                        150488                                        197000000.0000000000
     22      2                        150491                                        197500000.0000000000
     22      2                        150495                                        198000000.0000000000
     24      2                        150497                                        198500000.0000000000
     22      2                        150501                                        199000000.0000000000
     24      2                        150505                                        199500000.0000000000
     24      2                        150507                                        200000000.0000000000
     22      2                        150509                                        201000000.0000000000
     31      3                        150514                                        201500000.0000000000
     31      3                        150518                                        202000000.0000000000
     24      2                        150523                                        202500000.0000000000
     24      2                        150525                                        203000000.0000000000
     22      2                        150527                                        203500000.0000000000
     22      2                        150529                                        204000000.0000000000
     22      2                        150531                                        204500000.0000000000
     31      3                        150534                                        205000000.0000000000
     24      2                        150537                                        205500000.0000000000
     31      3                        150542                                        206000000.0000000000
     31      3                        150544                                        206500000.0000000000
     24      2                        150547                                        207000000.0000000000
     31      3                        150550                                        207500000.0000000000
     24      2                        150555                                        208000000.0000000000
     31      3                        150558                                        208500000.0000000000
     22      2                        150563                                        209000000.0000000000
     22      2                        150565                                        210000000.0000000000
     22      2                        150567                                        211000000.0000000000
     31      3                        150570                                        211500000.0000000000
     31      3                        150572                                        212000000.0000000000
     22      2                        150581                                        212500000.0000000000
     31      3                        150582                                        213000000.0000000000
     22      2                        150583                                        213500000.0000000000
     22      2                        150587                                        214500000.0000000000
     24      2                        150591                                        215500000.0000000000
     31      3                        150592                                        216500000.0000000000
     24      2                        150597                                        217000000.0000000000
     24      2                        150599                                        217500000.0000000000
     22      2                        150603                                        218000000.0000000000
     24      2                        150605                                        218500000.0000000000
     22      2                        150607                                        219000000.0000000000
     22      2                        150611                                        219500000.0000000000
     31      3                        150614                                        220000000.0000000000
     24      2                        150617                                        220500000.0000000000
     22      2                        150619                                        221000000.0000000000
     22      2                        150623                                        221500000.0000000000
     24      2                        150625                                        222000000.0000000000
     22      2                        150631                                        222500000.0000000000
     24      2                        150633                                        223000000.0000000000
     31      3                        150634                                        224000000.0000000000
     24      2                        150639                                        224500000.0000000000
     24      2                        150645                                        225500000.0000000000
     22      2                        150651                                        226000000.0000000000
     24      2                        150655                                        226500000.0000000000
     24      2                        150659                                        227500000.0000000000
     24      2                        150663                                        228000000.0000000000
     24      2                        150667                                        228500000.0000000000
     22      2                        150671                                        229000000.0000000000
     31      3                        150674                                        229500000.0000000000
     22      2                        150677                                        230000000.0000000000
     31      3                        150678                                        231000000.0000000000
     22      2                        150681                                        231500000.0000000000
     24      2                        150683                                        232000000.0000000000
     22      2                        150687                                        232500000.0000000000
     24      2                        150689                                        233500000.0000000000
     22      2                        150691                                        234000000.0000000000
     22      2                        150695                                        234500000.0000000000
     22      2                        150699                                        235000000.0000000000
     31      3                        150702                                        235500000.0000000000
     22      2                        150705                                        236000000.0000000000
     22      2                        150709                                        236500000.0000000000
     24      2                        150713                                        237000000.0000000000
     24      2                        150717                                        237500000.0000000000
     22      2                        150723                                        238000000.0000000000
     24      2                        150727                                        239000000.0000000000
     22      2                        150729                                        239500000.0000000000
     24      2                        150733                                        240000000.0000000000
     22      2                        150737                                        240500000.0000000000
     22      2                        150739                                        241000000.0000000000
     22      2                        150741                                        241500000.0000000000
     31      3                        150744                                        242000000.0000000000
     24      2                        150745                                        242500000.0000000000
     31      3                        150750                                        243000000.0000000000
     31      3                        150754                                        243500000.0000000000
     22      2                        150755                                        244000000.0000000000
     24      2                        150757                                        244500000.0000000000
     24      2                        150759                                        245500000.0000000000
     31      3                        150762                                        246000000.0000000000
     24      2                        150763                                        246500000.0000000000
     24      2                        150765                                        247500000.0000000000
     31      3                        150770                                        248000000.0000000000
     24      2                        150777                                        248500000.0000000000
     22      2                        150779                                        249000000.0000000000
     24      2                        150783                                        249500000.0000000000
     22      2                        150791                                        250000000.0000000000
     24      2                        150795                                        250500000.0000000000
     24      2                        150799                                        251500000.0000000000
     24      2                        150801                                        252000000.0000000000
     22      2                        150805                                        252500000.0000000000
     31      3                        150814                                        253000000.0000000000
     24      2                        150817                                        253500000.0000000000
     31      3                        150822                                        254000000.0000000000
     24      2                        150827                                        254500000.0000000000
     24      2                        150831                                        255000000.0000000000
     22      2                        150835                                        255500000.0000000000
     22      2                        150837                                        256000000.0000000000
     24      2                        150841                                        256500000.0000000000
     24      2                        150845                                        257000000.0000000000
     22      2                        150851                                        257500000.0000000000
     22      2                        150853                                        258500000.0000000000
     22      2                        150855                                        259000000.0000000000
     24      2                        150861                                        259500000.0000000000
     31      3                        150862                                        260000000.0000000000
     24      2                        150869                                        260500000.0000000000
     24      2                        150873                                        261000000.0000000000
     22      2                        150879                                        261500000.0000000000
     22      2                        150881                                        262000000.0000000000
     31      3                        150884                                        262500000.0000000000
     24      2                        150891                                        263000000.0000000000
     22      2                        150895                                        263500000.0000000000
     22      2                        150897                                        264000000.0000000000
     31      3                        150900                                        264500000.0000000000
     22      2                        150903                                        265000000.0000000000
     31      3                        150904                                        265500000.0000000000
     22      2                        150907                                        266000000.0000000000
     24      2                        150911                                        266500000.0000000000
     24      2                        150913                                        267000000.0000000000
     24      2                        150915                                        267500000.0000000000
     31      3                        150918                                        268000000.0000000000
     31      3                        150924                                        268500000.0000000000
     22      2                        150927                                        269000000.0000000000
     31      3                        150928                                        269500000.0000000000
     24      2                        150929                                        270000000.0000000000
     24      2                        150931                                        270500000.0000000000
     22      2                        150935                                        271000000.0000000000
     22      2                        150937                                        271500000.0000000000
     22      2                        150939                                        272000000.0000000000
     24      2                        150941                                        272500000.0000000000
     31      3                        150942                                        273000000.0000000000
     24      2                        150945                                        273500000.0000000000
     22      2                        150947                                        274000000.0000000000
     24      2                        150953                                        274500000.0000000000
     22      2                        150957                                        275000000.0000000000
     22      2                        150959                                        275500000.0000000000
     24      2                        150961                                        276000000.0000000000
     22      2                        150965                                        276500000.0000000000
     31      3                        150970                                        277000000.0000000000
     22      2                        150973                                        277500000.0000000000
     31      3                        150976                                        278000000.0000000000
     24      2                        150983                                        278500000.0000000000
     22      2                        150985                                        279000000.0000000000
     31      3                        150990                                        279500000.0000000000
     24      2                        150995                                        280000000.0000000000
     24      2                        150997                                        281000000.0000000000
     31      3                        150998                                        281500000.0000000000
     22      2                        150999                                        282000000.0000000000
     22      2                        151001                                        282500000.0000000000
     22      2                        151003                                        283000000.0000000000
     24      2                        151005                                        283500000.0000000000
     24      2                        151009                                        284000000.0000000000
     31      3                        151010                                        284500000.0000000000
     31      3                        151014                                        285000000.0000000000
     24      2                        151015                                        285500000.0000000000
     31      3                        151020                                        286000000.0000000000
     31      3                        151022                                        286500000.0000000000
     24      2                        151023                                        287000000.0000000000
     22      2                        151029                                        287500000.0000000000
     22      2                        151031                                        288000000.0000000000
     31      3                        151036                                        288500000.0000000000
     31      3                        151040                                        289000000.0000000000
     24      2                        151045                                        289500000.0000000000
     22      2                        151047                                        290000000.0000000000
     22      2                        151053                                        290500000.0000000000
     24      2                        151055                                        291000000.0000000000
     19      2                        267088                                        291500000.0000000000
      8      0                        267089                                        431000000.0000000000
      8      0                        267091                                        432500000.0000000000
      6      0                        267093                                        434000000.0000000000
      8      0                        267097                                        435500000.0000000000
      8      0                        267101                                        436000000.0000000000
      8      0                        267103                                        438000000.0000000000
      8      0                        267105                                        439500000.0000000000
      8      0                        267107                                        442000000.0000000000
     23      2                        267108                                        444000000.0000000000
      6      0                        267109                                        444500000.0000000000
     23      2                        267110                                        446500000.0000000000
      6      0                        267111                                        447000000.0000000000
      8      0                        267113                                        447500000.0000000000
      6      0                        267115                                        448500000.0000000000
      8      0                        267117                                        449000000.0000000000
     23      2                        267118                                        450000000.0000000000
      8      0                        267121                                        450500000.0000000000
      8      0                        267123                                        452000000.0000000000
      6      0                        267125                                        452500000.0000000000
      8      0                        267127                                        455000000.0000000000
      6      0                        267129                                        455500000.0000000000
      8      0                        267131                                        456000000.0000000000
      6      0                        267133                                        456500000.0000000000
     23      2                        267134                                        457000000.0000000000
      6      0                        267135                                        457500000.0000000000
      8      0                        267137                                        459000000.0000000000
      6      0                        267139                                        460000000.0000000000
      6      0                        267141                                        462500000.0000000000
      6      0                        267145                                        463500000.0000000000
     23      2                        267146                                        464000000.0000000000
      6      0                        267149                                        464500000.0000000000
      6      0                        267151                                        465500000.0000000000
     23      2                        267154                                        468000000.0000000000
      6      0                        267155                                        468500000.0000000000
      8      0                        267157                                        469000000.0000000000
      8      0                        267159                                        469500000.0000000000
      8      0                        267161                                        473500000.0000000000
      6      0                        267163                                        474500000.0000000000
     23      2                        267164                                        475000000.0000000000
      6      0                        267165                                        475500000.0000000000
      8      0                        267167                                        476000000.0000000000
      8      0                        267169                                        477000000.0000000000
      6      0                        267171                                        477500000.0000000000
      6      0                        267175                                        478000000.0000000000
     23      2                        267176                                        482500000.0000000000
      6      0                        267177                                        483000000.0000000000
     23      2                        267178                                        483500000.0000000000
      8      0                        267179                                        484000000.0000000000
      6      0                        267181                                        485000000.0000000000
      6      0                        267183                                        488500000.0000000000
      6      0                        267185                                        489000000.0000000000
     23      2                        267186                                        490500000.0000000000
      6      0                        267187                                        491000000.0000000000
      8      0                        267189                                        492000000.0000000000
      6      0                        267191                                        494500000.0000000000
      6      0                        267193                                        496000000.0000000000
      6      0                        267197                                        496500000.0000000000
      8      0                        267199                                        497000000.0000000000
      6      0                        267201                                        497500000.0000000000
      8      0                        267203                                        498000000.0000000000
      8      0                        267207                                        499500000.0000000000
      6      0                        267209                                        500500000.0000000000
      8      0                        267211                                        502500000.0000000000
     23      2                        267212                                        503000000.0000000000
      8      0                        267213                                        503500000.0000000000
      8      0                        267215                                        505500000.0000000000
     23      2                        267216                                        507000000.0000000000
      8      0                        267217                                        507500000.0000000000
     23      2                        267218                                        509500000.0000000000
      3      0                       1125574                                        510000000.0000000000
      4      0                       1546362                                        542000000.0000000000
      7      0                       1546364                                        556500000.0000000000
      7      0                       1546366                                        559000000.0000000000
      7      0                       1546368                                        559500000.0000000000
      7      0                       1546370                                        560500000.0000000000
      7      0                       1546372                                        561000000.0000000000
      7      0                       1546374                                        562000000.0000000000
      7      0                       1546376                                        563000000.0000000000
      7      0                       1546378                                        564000000.0000000000
      7      0                       1546380                                        565000000.0000000000
      7      0                       1546382                                        565500000.0000000000
      7      0                       1546386                                        566000000.0000000000
      7      0                       1546392                                        567500000.0000000000
      7      0                       1546396                                        568000000.0000000000
      7      0                       1546398                                        570000000.0000000000
      7      0                       1546400                                        571000000.0000000000
      7      0                       1546402                                        571500000.0000000000
      7      0                       1546404                                        572000000.0000000000
      7      0                       1546406                                        572500000.0000000000
      7      0                       1546410                                        574000000.0000000000
      7      0                       1546414                                        574500000.0000000000
      7      0                       1546418                                        575000000.0000000000
      7      0                       1546422                                        575500000.0000000000
      7      0                       1546424                                        576000000.0000000000
      7      0                       1546426                                        576500000.0000000000
      7      0                       1546428                                        577500000.0000000000
      7      0                       1546430                                        578000000.0000000000
      7      0                       1546434                                        579000000.0000000000
      7      0                       1546440                                        580000000.0000000000
      7      0                       1546442                                        581500000.0000000000
      1      0                       2319856                                        582500000.0000000000
     23      2                       2319859                                        610500000.0000000000
      8      0                       2319862                                        611000000.0000000000
     23      2                       2319863                                        611500000.0000000000
      8      0                       2319866                                        612000000.0000000000
      8      0                       2319868                                        614500000.0000000000
      8      0                       2319870                                        615000000.0000000000
      6      0                       2319872                                        617500000.0000000000
      8      0                       2319874                                        619000000.0000000000
      8      0                       2319876                                        621000000.0000000000
      8      0                       2319878                                        621500000.0000000000
     23      2                       2319879                                        623000000.0000000000
      8      0                       2319880                                        623500000.0000000000
     23      2                       2319881                                        624500000.0000000000
      6      0                       2319882                                        625000000.0000000000
      8      0                       2319884                                        625500000.0000000000
     23      2                       2319887                                        626000000.0000000000
      6      0                       2319890                                        626500000.0000000000
     23      2                       2319893                                        627500000.0000000000
      8      0                       2319894                                        628000000.0000000000
     23      2                       2319895                                        628500000.0000000000
      6      0                       2319896                                        629000000.0000000000
      8      0                       2319898                                        630000000.0000000000
      6      0                       2319900                                        633000000.0000000000
      1      0                       2956677                                        635000000.0000000000
      7      0                       2956679                                        657000000.0000000000
      7      0                       2956681                                        658000000.0000000000
      7      0                       2956685                                        659000000.0000000000
      7      0                       2956687                                        659500000.0000000000
      7      0                       2956691                                        660000000.0000000000
      7      0                       2956693                                        660500000.0000000000
      7      0                       2956695                                        661000000.0000000000
     16      1                       2956696                                        661500000.0000000000
      7      0                       2956699                                        662000000.0000000000
      7      0                       2956701                                        663500000.0000000000
      7      0                       2956703                                        664000000.0000000000
      7      0                       2956705                                        664500000.0000000000
      7      0                       2956707                                        665500000.0000000000
      7      0                       2956713                                        666000000.0000000000
      7      0                       2956719                                        666500000.0000000000
      7      0                       2956723                                        667500000.0000000000
      7      0                       2956725                                        668000000.0000000000
     14      1                       2956728                                        668500000.0000000000
      7      0                       2956733                                        669000000.0000000000
      7      0                       2956735                                        669500000.0000000000
      7      0                       2956737                                        671500000.0000000000
      7      0                       2956739                                        672000000.0000000000
      7      0                       2956741                                        673000000.0000000000
      7      0                       2956743                                        673500000.0000000000
      7      0                       2956745                                        674000000.0000000000
     16      1                       2956746                                        675000000.0000000000
      7      0                       2956747                                        675500000.0000000000
      7      0                       2956749                                        676000000.0000000000
      7      0                       2956753                                        676500000.0000000000
      7      0                       2956755                                        677000000.0000000000
      7      0                       2956757                                        678000000.0000000000
      7      0                       2956761                                        678500000.0000000000
      7      0                       2956765                                        679000000.0000000000
      7      0                       2956767                                        679500000.0000000000
      7      0                       2956769                                        680500000.0000000000
      7      0                       2956773                                        681500000.0000000000
      7      0                       2956775                                        682000000.0000000000
      7      0                       2956777                                        682500000.0000000000
      7      0                       2956781                                        683000000.0000000000
      7      0                       2956783                                        684000000.0000000000
      7      0                       2956787                                        685000000.0000000000
      7      0                       2956791                                        685500000.0000000000
      7      0                       2956793                                        686000000.0000000000
      7      0                       2956795                                        686500000.0000000000
      7      0                       2956801                                        687000000.0000000000
      7      0                       2956803                                        687500000.0000000000
      7      0                       2956807                                        689000000.0000000000
      7      0                       2956809                                        689500000.0000000000
      7      0                       2956811                                        691000000.0000000000
      7      0                       2956815                                        691500000.0000000000
      7      0                       2956817                                        694500000.0000000000
      4      0                       7208055                                        695000000.0000000000
     23      2                       7208056                                        838000000.0000000000
      8      0                       7208057                                        838500000.0000000000
      6      0                       7208059                                        839000000.0000000000
      6      0                       7208061                                        841500000.0000000000
      6      0                       7208063                                        842000000.0000000000
     23      2                       7208064                                        842500000.0000000000
      8      0                       7208067                                        843000000.0000000000
      6      0                       7208069                                        846000000.0000000000
     23      2                       7208070                                        847000000.0000000000
      4      0                      11565201                                        847500000.0000000000
     23      2                      11565202                                        995000000.0000000000
      8      0                      11565205                                        995500000.0000000000
     23      2                      11565206                                        996500000.0000000000
     23      2                      11565208                                        997500000.0000000000
      6      0                      11565209                                        998000000.0000000000
      8      0                      11565211                                        998500000.0000000000
      6      0                      11565215                                        999500000.0000000000
      8      0                      11565217                                       1000000000.0000000000
     23      2                      11565217                                       1002495728.3520494926
