    144      2                             0                                                0.0000000000
    144      2                         48991                                        500000000.0000000000
    167      2                        121011                                       6000000000.0000000000
    170      2                        138240                                      14500000000.0000000000
    167      2                        144430                                      16500000000.0000000000
    167      2                        152498                                      17000000000.0000000000
    144      2                        174292                                      18000000000.0000000000
    170      2                        188852                                      20500000000.0000000000
    167      2                        224314                                      22000000000.0000000000
    169      2                        227971                                      26000000000.0000000000
    169      2                        229789                                      26500000000.0000000000
    170      2                        246989                                      27000000000.0000000000
    144      2                        285653                                      29000000000.0000000000
    144      2                        317480                                      33000000000.0000000000
    169      2                        328335                                      37000000000.0000000000
    144      2                        357007                                      38000000000.0000000000
    167      2                        401154                                      41500000000.0000000000
    169      2                        433053                                      46500000000.0000000000
     91      2                        447883                                      50500000000.0000000000
    167      2                        468890                                      52000000000.0000000000
    169      2                        482572                                      54500000000.0000000000
    169      2                        498267                                      56000000000.0000000000
    169      2                        504393                                      58000000000.0000000000
    144      2                        522767                                      58500000000.0000000000
    170      2                        539692                                      60500000000.0000000000
    144      2                        549959                                      62500000000.0000000000
    167      2                        557699                                      64000000000.0000000000
    144      2                        637190                                      64500000000.0000000000
     65      2                        647579                                      74000000000.0000000000
    144      2                        682661                                      75000000000.0000000000
     65      2                        699355                                      79000000000.0000000000
    144      2                        709625                                      81000000000.0000000000
     65      2                        724150                                      82000000000.0000000000
    167      2                        740618                                      84000000000.0000000000
    130      2                        741678                                      85500000000.0000000000
    144      2                        760950                                      86000000000.0000000000
     65      2                        768824                                      88000000000.0000000000
    167      2                        785894                                      89000000000.0000000000
    144      2                        878976                                      91000000000.0000000000
     65      2                        897606                                     101500000000.0000000000
    167      2                        914222                                     104000000000.0000000000
    167      2                        940275                                     105500000000.0000000000
     65      2                        942241                                     108500000000.0000000000
    144      2                        961943                                     109000000000.0000000000
    170      2                        980949                                     111000000000.0000000000
    144      2                       1012459                                     113500000000.0000000000
    169      2                       1073541                                     117000000000.0000000000
    169      2                       1081595                                     124000000000.0000000000
    130      2                       1092334                                     125000000000.0000000000
    144      2                       1100757                                     126500000000.0000000000
    125      5                       1103100                                     127500000000.0000000000
     76      5                       1104491                                     128000000000.0000000000
    115      5                       1106204                                     128500000000.0000000000
    103      5                       1107969                                     129000000000.0000000000
     23      5                       1109555                                     129500000000.0000000000
     23      5                       1110799                                     130000000000.0000000000
     76      5                       1112094                                     130500000000.0000000000
    158      5                       1114134                                     131000000000.0000000000
     23      5                       1115867                                     131500000000.0000000000
    115      5                       1118063                                     132000000000.0000000000
     76      5                       1120184                                     132500000000.0000000000
    125      5                       1121729                                     133000000000.0000000000
    150      5                       1123722                                     133500000000.0000000000
    103      5                       1125282                                     134000000000.0000000000
    158      5                       1126982                                     134500000000.0000000000
     76      5                       1128663                                     135000000000.0000000000
     76      5                       1130374                                     135500000000.0000000000
    115      5                       1132036                                     136000000000.0000000000
    123      5                       1133830                                     136500000000.0000000000
    123      5                       1135637                                     137000000000.0000000000
    150      5                       1137141                                     137500000000.0000000000
    115      5                       1138742                                     138000000000.0000000000
     23      5                       1140396                                     138500000000.0000000000
    158      5                       1141748                                     139000000000.0000000000
     76      5                       1143345                                     139500000000.0000000000
    115      5                       1145161                                     140000000000.0000000000
     23      5                       1147103                                     140500000000.0000000000
     76      5                       1148792                                     141000000000.0000000000
     23      5                       1150332                                     141500000000.0000000000
    125      5                       1152582                                     142000000000.0000000000
    158      5                       1154370                                     142500000000.0000000000
    103      5                       1155711                                     143000000000.0000000000
     76      5                       1157221                                     143500000000.0000000000
    123      5                       1158677                                     144000000000.0000000000
    123      5                       1160178                                     144500000000.0000000000
    125      5                       1162108                                     145000000000.0000000000
    125      5                       1163277                                     145500000000.0000000000
     76      5                       1165415                                     146000000000.0000000000
    125      5                       1166779                                     146500000000.0000000000
    115      5                       1168464                                     147000000000.0000000000
     76      5                       1169969                                     147500000000.0000000000
    115      5                       1172114                                     148000000000.0000000000
    123      5                       1173542                                     148500000000.0000000000
    150      5                       1174906                                     149000000000.0000000000
    150      5                       1176272                                     149500000000.0000000000
     23      5                       1178303                                     150000000000.0000000000
     76      5                       1179829                                     150500000000.0000000000
     23      5                       1181227                                     151000000000.0000000000
    158      5                       1182522                                     151500000000.0000000000
    125      5                       1184239                                     152000000000.0000000000
    150      5                       1185883                                     152500000000.0000000000
     23      5                       1188161                                     153000000000.0000000000
    123      5                       1189678                                     153500000000.0000000000
    125      5                       1191479                                     154000000000.0000000000
    158      5                       1193223                                     154500000000.0000000000
    125      5                       1194977                                     155000000000.0000000000
    115      5                       1196521                                     155500000000.0000000000
    115      5                       1198774                                     156000000000.0000000000
     76      5                       1200014                                     156500000000.0000000000
     76      5                       1201608                                     157000000000.0000000000
    150      5                       1203514                                     157500000000.0000000000
     23      5                       1204911                                     158000000000.0000000000
    123      5                       1206698                                     158500000000.0000000000
    125      5                       1208431                                     159000000000.0000000000
    125      5                       1209696                                     159500000000.0000000000
    158      5                       1211546                                     160000000000.0000000000
    158      5                       1213649                                     160500000000.0000000000
    123      5                       1214957                                     161000000000.0000000000
    125      5                       1216777                                     161500000000.0000000000
    115      5                       1218466                                     162000000000.0000000000
    150      5                       1219880                                     162500000000.0000000000
    123      5                       1221272                                     163000000000.0000000000
    123      5                       1223415                                     163500000000.0000000000
    158      5                       1225332                                     164000000000.0000000000
     76      5                       1226733                                     164500000000.0000000000
     76      5                       1228528                                     165000000000.0000000000
     76      5                       1230590                                     165500000000.0000000000
     76      5                       1232444                                     166000000000.0000000000
    125      5                       1233876                                     166500000000.0000000000
     23      5                       1235082                                     167000000000.0000000000
     76      5                       1236778                                     167500000000.0000000000
    103      5                       1238838                                     168000000000.0000000000
    150      5                       1240645                                     168500000000.0000000000
     76      5                       1241814                                     169000000000.0000000000
    123      5                       1243197                                     169500000000.0000000000
    158      5                       1244834                                     170000000000.0000000000
    158      5                       1246358                                     170500000000.0000000000
     76      5                       1248096                                     171000000000.0000000000
    125      5                       1249487                                     171500000000.0000000000
     23      5                       1251151                                     172000000000.0000000000
     23      5                       1253211                                     172500000000.0000000000
    125      5                       1254972                                     173000000000.0000000000
    123      5                       1256909                                     173500000000.0000000000
    123      5                       1258475                                     174000000000.0000000000
    115      5                       1260219                                     174500000000.0000000000
    150      5                       1262023                                     175000000000.0000000000
    103      5                       1263228                                     175500000000.0000000000
    123      5                       1265039                                     176000000000.0000000000
     76      5                       1266840                                     176500000000.0000000000
    150      5                       1268401                                     177000000000.0000000000
     76      5                       1269885                                     177500000000.0000000000
    125      5                       1271567                                     178000000000.0000000000
    125      5                       1273536                                     178500000000.0000000000
    125      5                       1275115                                     179000000000.0000000000
     76      5                       1276828                                     179500000000.0000000000
    158      5                       1278393                                     180000000000.0000000000
    150      5                       1280143                                     180500000000.0000000000
    123      5                       1282175                                     181000000000.0000000000
    150      5                       1283470                                     181500000000.0000000000
    158      5                       1285306                                     182000000000.0000000000
    125      5                       1286568                                     182500000000.0000000000
     76      5                       1288526                                     183000000000.0000000000
    150      5                       1290171                                     183500000000.0000000000
     76      5                       1292014                                     184000000000.0000000000
    123      5                       1293701                                     184500000000.0000000000
    123      5                       1295323                                     185000000000.0000000000
    158      5                       1297770                                     185500000000.0000000000
    103      5                       1299402                                     186000000000.0000000000
    123      5                       1301131                                     186500000000.0000000000
    123      5                       1302696                                     187000000000.0000000000
     23      5                       1304229                                     187500000000.0000000000
     76      5                       1305986                                     188000000000.0000000000
     23      5                       1307934                                     188500000000.0000000000
     76      5                       1309312                                     189000000000.0000000000
    103      5                       1311020                                     189500000000.0000000000
    125      5                       1312807                                     190000000000.0000000000
    103      5                       1314653                                     190500000000.0000000000
    115      5                       1316089                                     191000000000.0000000000
    158      5                       1317682                                     191500000000.0000000000
    103      5                       1319082                                     192000000000.0000000000
    150      5                       1320676                                     192500000000.0000000000
    158      5                       1322069                                     193000000000.0000000000
    123      5                       1323320                                     193500000000.0000000000
    103      5                       1324986                                     194000000000.0000000000
    123      5                       1326369                                     194500000000.0000000000
    103      5                       1327767                                     195000000000.0000000000
     76      5                       1329186                                     195500000000.0000000000
     23      5                       1330687                                     196000000000.0000000000
     23      5                       1332335                                     196500000000.0000000000
    103      5                       1334312                                     197000000000.0000000000
    115      5                       1336185                                     197500000000.0000000000
    123      5                       1337741                                     198000000000.0000000000
     23      5                       1339438                                     198500000000.0000000000
    115      5                       1341256                                     199000000000.0000000000
    125      5                       1343171                                     199500000000.0000000000
    115      5                       1345065                                     200000000000.0000000000
    158      5                       1346877                                     200500000000.0000000000
     23      5                       1348360                                     201000000000.0000000000
     76      5                       1350017                                     201500000000.0000000000
    150      5                       1351731                                     202000000000.0000000000
    158      5                       1353485                                     202500000000.0000000000
    125      5                       1354840                                     203000000000.0000000000
    150      5                       1356779                                     203500000000.0000000000
     76      5                       1358425                                     204000000000.0000000000
     23      5                       1360127                                     204500000000.0000000000
    125      5                       1361881                                     205000000000.0000000000
    115      5                       1363412                                     205500000000.0000000000
     23      5                       1365055                                     206000000000.0000000000
     23      5                       1366698                                     206500000000.0000000000
    125      5                       1368393                                     207000000000.0000000000
    103      5                       1369764                                     207500000000.0000000000
    125      5                       1371221                                     208000000000.0000000000
     76      5                       1373017                                     208500000000.0000000000
    123      5                       1375028                                     209000000000.0000000000
     76      5                       1376502                                     209500000000.0000000000
     23      5                       1378519                                     210000000000.0000000000
    103      5                       1380466                                     210500000000.0000000000
    125      5                       1382153                                     211000000000.0000000000
     23      5                       1383942                                     211500000000.0000000000
    123      5                       1386052                                     212000000000.0000000000
    125      5                       1387884                                     212500000000.0000000000
     23      5                       1389296                                     213000000000.0000000000
    125      5                       1390801                                     213500000000.0000000000
    123      5                       1392469                                     214000000000.0000000000
    158      5                       1394283                                     214500000000.0000000000
     76      5                       1396550                                     215000000000.0000000000
     76      5                       1398057                                     215500000000.0000000000
    123      5                       1399478                                     216000000000.0000000000
     76      5                       1400885                                     216500000000.0000000000
    150      5                       1402675                                     217000000000.0000000000
    158      5                       1404214                                     217500000000.0000000000
     23      5                       1405585                                     218000000000.0000000000
    125      5                       1407543                                     218500000000.0000000000
    150      5                       1409247                                     219000000000.0000000000
    125      5                       1410369                                     219500000000.0000000000
    125      5                       1412331                                     220000000000.0000000000
     23      5                       1414318                                     220500000000.0000000000
    115      5                       1415979                                     221000000000.0000000000
     76      5                       1417884                                     221500000000.0000000000
    150      5                       1419456                                     222000000000.0000000000
    150      5                       1421377                                     222500000000.0000000000
     76      5                       1423072                                     223000000000.0000000000
     23      5                       1424885                                     223500000000.0000000000
    103      5                       1426574                                     224000000000.0000000000
    158      5                       1428592                                     224500000000.0000000000
    158      5                       1429968                                     225000000000.0000000000
    103      5                       1431993                                     225500000000.0000000000
    123      5                       1433511                                     226000000000.0000000000
     76      5                       1435310                                     226500000000.0000000000
    158      5                       1436951                                     227000000000.0000000000
    158      5                       1438986                                     227500000000.0000000000
     23      5                       1440700                                     228000000000.0000000000
    123      5                       1442336                                     228500000000.0000000000
    103      5                       1443867                                     229000000000.0000000000
     76      5                       1445635                                     229500000000.0000000000
    158      5                       1447544                                     230000000000.0000000000
    123      5                       1449431                                     230500000000.0000000000
     76      5                       1450875                                     231000000000.0000000000
    158      5                       1452368                                     231500000000.0000000000
     76      5                       1454853                                     232000000000.0000000000
    158      5                       1455856                                     232500000000.0000000000
    125      5                       1457207                                     233000000000.0000000000
    115      5                       1458964                                     233500000000.0000000000
    115      5                       1460871                                     234000000000.0000000000
    115      5                       1462333                                     234500000000.0000000000
     23      5                       1464609                                     235000000000.0000000000
     23      5                       1465328                                     235500000000.0000000000
    125      5                       1467074                                     236000000000.0000000000
    150      5                       1468704                                     236500000000.0000000000
     23      5                       1470258                                     237000000000.0000000000
    125      5                       1472213                                     237500000000.0000000000
    123      5                       1473953                                     238000000000.0000000000
     76      5                       1475544                                     238500000000.0000000000
    150      5                       1477627                                     239000000000.0000000000
    125      5                       1479130                                     239500000000.0000000000
    125      5                       1481078                                     240000000000.0000000000
    123      5                       1482698                                     240500000000.0000000000
    158      5                       1484533                                     241000000000.0000000000
    125      5                       1486009                                     241500000000.0000000000
     23      5                       1487527                                     242000000000.0000000000
    103      5                       1489642                                     242500000000.0000000000
    125      5                       1491322                                     243000000000.0000000000
     23      5                       1493455                                     243500000000.0000000000
     76      5                       1495244                                     244000000000.0000000000
    125      5                       1497087                                     244500000000.0000000000
    115      5                       1499235                                     245000000000.0000000000
    150      5                       1500859                                     245500000000.0000000000
    150      5                       1502312                                     246000000000.0000000000
     76      5                       1504081                                     246500000000.0000000000
     76      5                       1505628                                     247000000000.0000000000
    123      5                       1507472                                     247500000000.0000000000
    115      5                       1509246                                     248000000000.0000000000
    158      5                       1511033                                     248500000000.0000000000
    150      5                       1512960                                     249000000000.0000000000
     76      5                       1514982                                     249500000000.0000000000
     76      5                       1516784                                     250000000000.0000000000
     76      5                       1518619                                     250500000000.0000000000
     76      5                       1520051                                     251000000000.0000000000
     76      5                       1522201                                     251500000000.0000000000
     76      5                       1523713                                     252000000000.0000000000
    123      5                       1525342                                     252500000000.0000000000
     76      5                       1526646                                     253000000000.0000000000
     76      5                       1528131                                     253500000000.0000000000
    115      5                       1529960                                     254000000000.0000000000
    158      5                       1532162                                     254500000000.0000000000
     23      5                       1533928                                     255000000000.0000000000
     76      5                       1535201                                     255500000000.0000000000
    123      5                       1536612                                     256000000000.0000000000
    125      5                       1538444                                     256500000000.0000000000
    158      5                       1539703                                     257000000000.0000000000
     76      5                       1541398                                     257500000000.0000000000
    123      5                       1543257                                     258000000000.0000000000
    125      5                       1544640                                     258500000000.0000000000
     76      5                       1546447                                     259000000000.0000000000
    115      5                       1548192                                     259500000000.0000000000
     23      5                       1550196                                     260000000000.0000000000
     76      5                       1551661                                     260500000000.0000000000
    150      5                       1553290                                     261000000000.0000000000
     23      5                       1555213                                     261500000000.0000000000
    150      5                       1556391                                     262000000000.0000000000
     76      5                       1558315                                     262500000000.0000000000
    158      5                       1559532                                     263000000000.0000000000
    125      5                       1561203                                     263500000000.0000000000
    125      5                       1562761                                     264000000000.0000000000
    115      5                       1564323                                     264500000000.0000000000
    150      5                       1566099                                     265000000000.0000000000
     23      5                       1567156                                     265500000000.0000000000
    158      5                       1569266                                     266000000000.0000000000
    125      5                       1571151                                     266500000000.0000000000
    115      5                       1572685                                     267000000000.0000000000
    158      5                       1574329                                     267500000000.0000000000
    125      5                       1576238                                     268000000000.0000000000
    115      5                       1578184                                     268500000000.0000000000
    103      5                       1579571                                     269000000000.0000000000
    115      5                       1581126                                     269500000000.0000000000
    115      5                       1582892                                     270000000000.0000000000
     23      5                       1584928                                     270500000000.0000000000
    123      5                       1586704                                     271000000000.0000000000
     76      5                       1588961                                     271500000000.0000000000
    115      5                       1590573                                     272000000000.0000000000
    123      5                       1592625                                     272500000000.0000000000
     23      5                       1594557                                     273000000000.0000000000
     76      5                       1595765                                     273500000000.0000000000
     76      5                       1597659                                     274000000000.0000000000
    123      5                       1598683                                     274500000000.0000000000
     76      5                       1600075                                     275000000000.0000000000
    123      5                       1601709                                     275500000000.0000000000
     76      5                       1603587                                     276000000000.0000000000
     76      5                       1605238                                     276500000000.0000000000
    123      5                       1606936                                     277000000000.0000000000
     76      5                       1608843                                     277500000000.0000000000
     23      5                       1611051                                     278000000000.0000000000
    158      5                       1612415                                     278500000000.0000000000
    115      5                       1613868                                     279000000000.0000000000
     23      5                       1615730                                     279500000000.0000000000
     23      5                       1617119                                     280000000000.0000000000
     76      5                       1618602                                     280500000000.0000000000
    125      5                       1620133                                     281000000000.0000000000
     76      5                       1621974                                     281500000000.0000000000
    125      5                       1623693                                     282000000000.0000000000
    158      5                       1625291                                     282500000000.0000000000
    125      5                       1626836                                     283000000000.0000000000
     23      5                       1629049                                     283500000000.0000000000
     23      5                       1630735                                     284000000000.0000000000
    125      5                       1632310                                     284500000000.0000000000
     23      5                       1633830                                     285000000000.0000000000
     23      5                       1635393                                     285500000000.0000000000
     76      5                       1636906                                     286000000000.0000000000
     76      5                       1638899                                     286500000000.0000000000
    158      5                       1640369                                     287000000000.0000000000
    103      5                       1641974                                     287500000000.0000000000
     76      5                       1643371                                     288000000000.0000000000
    123      5                       1645189                                     288500000000.0000000000
    123      5                       1646671                                     289000000000.0000000000
     76      5                       1648159                                     289500000000.0000000000
    103      5                       1649739                                     290000000000.0000000000
     23      5                       1651547                                     290500000000.0000000000
     23      5                       1653069                                     291000000000.0000000000
    125      5                       1654977                                     291500000000.0000000000
     23      5                       1656613                                     292000000000.0000000000
    125      5                       1658028                                     292500000000.0000000000
    123      5                       1659450                                     293000000000.0000000000
    125      5                       1661185                                     293500000000.0000000000
     23      5                       1663154                                     294000000000.0000000000
    150      5                       1664233                                     294500000000.0000000000
    158      5                       1666012                                     295000000000.0000000000
     76      5                       1667923                                     295500000000.0000000000
    115      5                       1669242                                     296000000000.0000000000
     23      5                       1671267                                     296500000000.0000000000
     76      5                       1673185                                     297000000000.0000000000
    125      5                       1674812                                     297500000000.0000000000
     76      5                       1676474                                     298000000000.0000000000
    123      5                       1677881                                     298500000000.0000000000
     23      5                       1679386                                     299000000000.0000000000
    123      5                       1681212                                     299500000000.0000000000
     23      5                       1683008                                     300000000000.0000000000
    125      5                       1684636                                     300500000000.0000000000
    115      5                       1686000                                     301000000000.0000000000
     76      5                       1687365                                     301500000000.0000000000
    158      5                       1689570                                     302000000000.0000000000
    123      5                       1690770                                     302500000000.0000000000
    125      5                       1692868                                     303000000000.0000000000
    158      5                       1694739                                     303500000000.0000000000
    125      5                       1696129                                     304000000000.0000000000
    115      5                       1698474                                     304500000000.0000000000
     76      5                       1699873                                     305000000000.0000000000
     23      5                       1702094                                     305500000000.0000000000
    115      5                       1704282                                     306000000000.0000000000
    115      5                       1706335                                     306500000000.0000000000
    115      5                       1707570                                     307000000000.0000000000
    125      5                       1709538                                     307500000000.0000000000
     23      5                       1711390                                     308000000000.0000000000
    158      5                       1712962                                     308500000000.0000000000
     23      5                       1714755                                     309000000000.0000000000
     23      5                       1716241                                     309500000000.0000000000
    123      5                       1717736                                     310000000000.0000000000
    125      5                       1719669                                     310500000000.0000000000
     76      5                       1721258                                     311000000000.0000000000
    125      5                       1722711                                     311500000000.0000000000
     23      5                       1724692                                     312000000000.0000000000
    150      5                       1726236                                     312500000000.0000000000
     23      5                       1728140                                     313000000000.0000000000
     23      5                       1729957                                     313500000000.0000000000
    150      5                       1731599                                     314000000000.0000000000
    115      5                       1733426                                     314500000000.0000000000
    115      5                       1735282                                     315000000000.0000000000
    115      5                       1736865                                     315500000000.0000000000
     23      5                       1738297                                     316000000000.0000000000
    158      5                       1740200                                     316500000000.0000000000
    125      5                       1742464                                     317000000000.0000000000
    125      5                       1744254                                     317500000000.0000000000
     76      5                       1745680                                     318000000000.0000000000
    115      5                       1747442                                     318500000000.0000000000
     23      5                       1749339                                     319000000000.0000000000
     76      5                       1750387                                     319500000000.0000000000
     23      5                       1752059                                     320000000000.0000000000
    123      5                       1753775                                     320500000000.0000000000
    115      5                       1755986                                     321000000000.0000000000
     76      5                       1757340                                     321500000000.0000000000
     76      5                       1759070                                     322000000000.0000000000
     23      5                       1760113                                     322500000000.0000000000
    158      5                       1761553                                     323000000000.0000000000
     76      5                       1763313                                     323500000000.0000000000
    150      5                       1764999                                     324000000000.0000000000
    125      5                       1766451                                     324500000000.0000000000
    158      5                       1768768                                     325000000000.0000000000
    123      5                       1770032                                     325500000000.0000000000
    158      5                       1771789                                     326000000000.0000000000
    123      5                       1773114                                     326500000000.0000000000
    125      5                       1774871                                     327000000000.0000000000
    125      5                       1776546                                     327500000000.0000000000
    125      5                       1777909                                     328000000000.0000000000
    125      5                       1779677                                     328500000000.0000000000
    125      5                       1781614                                     329000000000.0000000000
    125      5                       1783246                                     329500000000.0000000000
    150      5                       1785008                                     330000000000.0000000000
    158      5                       1786412                                     330500000000.0000000000
     23      5                       1788521                                     331000000000.0000000000
    150      5                       1789959                                     331500000000.0000000000
    150      5                       1791768                                     332000000000.0000000000
     23      5                       1793422                                     332500000000.0000000000
     23      5                       1794800                                     333000000000.0000000000
    115      5                       1796742                                     333500000000.0000000000
    125      5                       1797936                                     334000000000.0000000000
    158      5                       1799460                                     334500000000.0000000000
     76      5                       1801075                                     335000000000.0000000000
     23      5                       1802899                                     335500000000.0000000000
    115      5                       1804827                                     336000000000.0000000000
     23      5                       1806956                                     336500000000.0000000000
     23      5                       1808701                                     337000000000.0000000000
     76      5                       1810488                                     337500000000.0000000000
    150      5                       1812723                                     338000000000.0000000000
    115      5                       1814398                                     338500000000.0000000000
    158      5                       1816248                                     339000000000.0000000000
    158      5                       1817680                                     339500000000.0000000000
    150      5                       1819799                                     340000000000.0000000000
     76      5                       1821527                                     340500000000.0000000000
     76      5                       1823265                                     341000000000.0000000000
    115      5                       1824388                                     341500000000.0000000000
    123      5                       1826147                                     342000000000.0000000000
     23      5                       1827893                                     342500000000.0000000000
    144      2                       1849939                                     343000000000.0000000000
    169      2                       1869625                                     345500000000.0000000000
    144      2                       1879292                                     347500000000.0000000000
     50      2                       1882427                                     348500000000.0000000000
    169      2                       1894101                                     349000000000.0000000000
    170      2                       1965961                                     350500000000.0000000000
    130      2                       1979757                                     358500000000.0000000000
    144      2                       1987582                                     360500000000.0000000000
    170      2                       2006160                                     361500000000.0000000000
     65      2                       2012804                                     363500000000.0000000000
    167      2                       2031598                                     364000000000.0000000000
     65      2                       2042495                                     366500000000.0000000000
    144      2                       2070839                                     367500000000.0000000000
     65      2                       2089017                                     371000000000.0000000000
    144      2                       2111106                                     373000000000.0000000000
    144      2                       2201013                                     375500000000.0000000000
    169      2                       2212384                                     386000000000.0000000000
    144      2                       2240936                                     387000000000.0000000000
     65      2                       2247445                                     390500000000.0000000000
    130      2                       2258943                                     391000000000.0000000000
    167      2                       2297239                                     392500000000.0000000000
    167      2                       2324894                                     397000000000.0000000000
     65      2                       2335273                                     400000000000.0000000000
    167      2                       2351228                                     401500000000.0000000000
     65      2                       2359945                                     403000000000.0000000000
    170      2                       2367258                                     404000000000.0000000000
    167      2                       2394036                                     405000000000.0000000000
    167      2                       2419895                                     408000000000.0000000000
    144      2                       2473285                                     411000000000.0000000000
    130      2                       2488085                                     417000000000.0000000000
    144      2                       2510577                                     419000000000.0000000000
     65      2                       2512256                                     421500000000.0000000000
     65      2                       2525289                                     422000000000.0000000000
    167      2                       2540639                                     423500000000.0000000000
     65      2                       2552227                                     425000000000.0000000000
    170      2                       2582111                                     426500000000.0000000000
    144      2                       2604578                                     430000000000.0000000000
    144      2                       2634713                                     432500000000.0000000000
    170      2                       2672465                                     436000000000.0000000000
    167      2                       2712731                                     440000000000.0000000000
    130      2                       2729095                                     445000000000.0000000000
    170      2                       2733681                                     447000000000.0000000000
     65      2                       2738565                                     447500000000.0000000000
    130      2                       2746938                                     448000000000.0000000000
     91      2                       2752165                                     449000000000.0000000000
    178      0                       2752234                                     449500000000.0000000000
    178      0                       2753127                                     451500000000.0000000000
    174      0                       2753305                                     492500000000.0000000000
    178      0                       2753305                                     500085410137.2052514851
