    202      2                             0                                                0.0000000000
    202      2                         21951                                        500000000.0000000000
    119      2                         35167                                       3000000000.0000000000
    130      2                         40657                                       4500000000.0000000000
    169      2                         87559                                       5000000000.0000000000
    168      2                         98238                                      10500000000.0000000000
    202      2                        107868                                      11500000000.0000000000
    119      2                        119930                                      12500000000.0000000000
    202      2                        140829                                      14000000000.0000000000
    130      2                        143946                                      16500000000.0000000000
    202      2                        229299                                      17000000000.0000000000
    130      2                        242365                                      27000000000.0000000000
    202      2                        263172                                      28500000000.0000000000
     64      2                        275282                                      30500000000.0000000000
    168      2                        284968                                      32000000000.0000000000
    202      2                        342590                                      33000000000.0000000000
    166      2                        371991                                      40000000000.0000000000
    202      2                        412389                                      43000000000.0000000000
    130      2                        430329                                      48000000000.0000000000
    166      2                        450245                                      50000000000.0000000000
    166      2                        473470                                      52500000000.0000000000
    202      2                        517630                                      55000000000.0000000000
    119      2                        531670                                      60000000000.0000000000
    168      2                        533334                                      61500000000.0000000000
    169      2                        549839                                      62000000000.0000000000
     50      2                        559533                                      63500000000.0000000000
    166      2                        575728                                      65000000000.0000000000
    168      2                        580267                                      66500000000.0000000000
    168      2                        593179                                      67500000000.0000000000
     64      2                        599371                                      68500000000.0000000000
    130      2                        606194                                      69500000000.0000000000
    202      2                        647042                                      70000000000.0000000000
    169      2                        655491                                      75000000000.0000000000
    166      2                        695970                                      76000000000.0000000000
    168      2                        699313                                      80500000000.0000000000
    168      2                        705665                                      81000000000.0000000000
     64      2                        724443                                      81500000000.0000000000
    168      2                        734747                                      84000000000.0000000000
    202      2                        745790                                      85000000000.0000000000
    119      2                        756877                                      86500000000.0000000000
    169      2                        765410                                      87500000000.0000000000
     64      2                        772095                                      88500000000.0000000000
    166      2                        830366                                      89500000000.0000000000
     64      2                        841419                                      96000000000.0000000000
    166      2                        854894                                      97500000000.0000000000
    202      2                        886880                                      99000000000.0000000000
     64      2                        920631                                     102500000000.0000000000
    168      2                        927212                                     106500000000.0000000000
    168      2                        937530                                     107500000000.0000000000
     64      2                        964148                                     108500000000.0000000000
    169      2                        980768                                     111500000000.0000000000
    166      2                        997471                                     113500000000.0000000000
     90      2                       1001959                                     115500000000.0000000000
    169      2                       1015779                                     116000000000.0000000000
    202      2                       1054889                                     117500000000.0000000000
    202      2                       1086588                                     122000000000.0000000000
    168      2                       1091541                                     126000000000.0000000000
    202      2                       1111308                                     126500000000.0000000000
     64      2                       1113832                                     128500000000.0000000000
     64      2                       1129814                                     129000000000.0000000000
    202      2                       1135913                                     130500000000.0000000000
    202      2                       1158770                                     131500000000.0000000000
     64      2                       1181076                                     134000000000.0000000000
    166      2                       1215831                                     136500000000.0000000000
    166      2                       1225991                                     140500000000.0000000000
    202      2                       1244879                                     142000000000.0000000000
     64      2                       1331123                                     144000000000.0000000000
    166      2                       1353342                                     154000000000.0000000000
    202      2                       1377616                                     156500000000.0000000000
    130      2                       1383262                                     159500000000.0000000000
    202      2                       1408895                                     160000000000.0000000000
    166      2                       1479041                                     163000000000.0000000000
    202      2                       1570761                                     171000000000.0000000000
     64      2                       1574481                                     181500000000.0000000000
    169      2                       1577395                                     182000000000.0000000000
    168      2                       1588265                                     182500000000.0000000000
    166      2                       1598719                                     183500000000.0000000000
    166      2                       1670602                                     185000000000.0000000000
    119      2                       1681993                                     193000000000.0000000000
    166      2                       1701360                                     194500000000.0000000000
    202      2                       1738248                                     196500000000.0000000000
    166      2                       1779069                                     201000000000.0000000000
    169      2                       1796327                                     205500000000.0000000000
    166      2                       1822892                                     207500000000.0000000000
    166      2                       1848324                                     210500000000.0000000000
    202      2                       1894335                                     213500000000.0000000000
    202      2                       1914856                                     219000000000.0000000000
    202      2                       1965271                                     221000000000.0000000000
    202      2                       2019799                                     227000000000.0000000000
    202      2                       2054112                                     233500000000.0000000000
     78      2                       2073334                                     237500000000.0000000000
    202      2                       2085387                                     239500000000.0000000000
    166      2                       2142608                                     241000000000.0000000000
     64      2                       2186631                                     247500000000.0000000000
     64      2                       2204349                                     252500000000.0000000000
    202      2                       2225096                                     254500000000.0000000000
    119      2                       2233167                                     257000000000.0000000000
    168      2                       2238481                                     258000000000.0000000000
    169      2                       2250100                                     258500000000.0000000000
    169      2                       2273937                                     260000000000.0000000000
    130      2                       2283460                                     262500000000.0000000000
    202      2                       2302300                                     264000000000.0000000000
    168      2                       2333764                                     266000000000.0000000000
    169      2                       2340360                                     269500000000.0000000000
     75      5                       2341994                                     270500000000.0000000000
     24      5                       2343409                                     271000000000.0000000000
    157      5                       2344860                                     271500000000.0000000000
    121      5                       2346196                                     272000000000.0000000000
    114      5                       2347935                                     272500000000.0000000000
    114      5                       2349493                                     273000000000.0000000000
    114      5                       2351026                                     273500000000.0000000000
    157      5                       2352382                                     274000000000.0000000000
     24      5                       2354085                                     274500000000.0000000000
    124      5                       2355874                                     275000000000.0000000000
    157      5                       2356953                                     275500000000.0000000000
    157      5                       2358450                                     276000000000.0000000000
     75      5                       2359747                                     276500000000.0000000000
     75      5                       2361652                                     277000000000.0000000000
    102      5                       2363163                                     277500000000.0000000000
    124      5                       2365210                                     278000000000.0000000000
    150      5                       2366888                                     278500000000.0000000000
     75      5                       2368626                                     279000000000.0000000000
     24      5                       2370422                                     279500000000.0000000000
    114      5                       2372000                                     280000000000.0000000000
     75      5                       2373569                                     280500000000.0000000000
    114      5                       2375336                                     281000000000.0000000000
     75      5                       2376784                                     281500000000.0000000000
    150      5                       2378472                                     282000000000.0000000000
    157      5                       2379977                                     282500000000.0000000000
     75      5                       2381768                                     283000000000.0000000000
     24      5                       2383467                                     283500000000.0000000000
    124      5                       2384966                                     284000000000.0000000000
     24      5                       2387183                                     284500000000.0000000000
    124      5                       2388487                                     285000000000.0000000000
    124      5                       2390270                                     285500000000.0000000000
     24      5                       2392021                                     286000000000.0000000000
     24      5                       2394143                                     286500000000.0000000000
    157      5                       2395788                                     287000000000.0000000000
     75      5                       2397060                                     287500000000.0000000000
    102      5                       2398765                                     288000000000.0000000000
     75      5                       2400376                                     288500000000.0000000000
    124      5                       2402369                                     289000000000.0000000000
     75      5                       2403734                                     289500000000.0000000000
     75      5                       2405307                                     290000000000.0000000000
    124      5                       2407186                                     290500000000.0000000000
    124      5                       2408649                                     291000000000.0000000000
    121      5                       2410268                                     291500000000.0000000000
     75      5                       2412291                                     292000000000.0000000000
    124      5                       2413873                                     292500000000.0000000000
    121      5                       2415736                                     293000000000.0000000000
     75      5                       2417803                                     293500000000.0000000000
    124      5                       2419169                                     294000000000.0000000000
     75      5                       2420606                                     294500000000.0000000000
     24      5                       2422314                                     295000000000.0000000000
    121      5                       2423650                                     295500000000.0000000000
    121      5                       2425433                                     296000000000.0000000000
     75      5                       2426985                                     296500000000.0000000000
    202      2                       2443437                                     297000000000.0000000000
    169      2                       2449237                                     298500000000.0000000000
    119      2                       2456165                                     299500000000.0000000000
    166      2                       2491323                                     300000000000.0000000000
     64      2                       2502451                                     304000000000.0000000000
     64      2                       2507845                                     305500000000.0000000000
     64      2                       2511884                                     306000000000.0000000000
    168      2                       2520705                                     306500000000.0000000000
     78      2                       2523507                                     307500000000.0000000000
    202      2                       2542424                                     308000000000.0000000000
     64      2                       2544298                                     310000000000.0000000000
     64      2                       2551921                                     310500000000.0000000000
    169      2                       2563990                                     311000000000.0000000000
    168      2                       2590491                                     312500000000.0000000000
     78      2                       2602051                                     315500000000.0000000000
    202      2                       2610635                                     317000000000.0000000000
    168      2                       2615152                                     318000000000.0000000000
    202      2                       2670425                                     318500000000.0000000000
    166      2                       2691035                                     325000000000.0000000000
     78      2                       2697472                                     327500000000.0000000000
    202      2                       2733377                                     328000000000.0000000000
    168      2                       2734250                                     332000000000.0000000000
     64      2                       2769061                                     332500000000.0000000000
    202      2                       2794079                                     336500000000.0000000000
     64      2                       2810185                                     339000000000.0000000000
    202      2                       2861021                                     341000000000.0000000000
     64      2                       2865250                                     347000000000.0000000000
     64      2                       2870868                                     347500000000.0000000000
    202      2                       2882748                                     348000000000.0000000000
    202      2                       2940991                                     349500000000.0000000000
    166      2                       2975147                                     356000000000.0000000000
    168      2                       2978346                                     360000000000.0000000000
     64      2                       3001574                                     360500000000.0000000000
     64      2                       3024927                                     363000000000.0000000000
    119      2                       3039750                                     366000000000.0000000000
    166      2                       3065503                                     367500000000.0000000000
    166      2                       3097111                                     370500000000.0000000000
     64      2                       3187911                                     374000000000.0000000000
    202      2                       3213992                                     384500000000.0000000000
    202      2                       3295154                                     388000000000.0000000000
    166      2                       3339433                                     397500000000.0000000000
    168      2                       3351483                                     402500000000.0000000000
    202      2                       3414451                                     404000000000.0000000000
    166      2                       3454910                                     411000000000.0000000000
     90      2                       3462680                                     416000000000.0000000000
    168      2                       3474724                                     416500000000.0000000000
    202      2                       3479568                                     418000000000.0000000000
    130      2                       3486693                                     418500000000.0000000000
    202      2                       3503170                                     419500000000.0000000000
    168      2                       3517053                                     421500000000.0000000000
    202      2                       3552111                                     423000000000.0000000000
     64      2                       3556084                                     427000000000.0000000000
    202      2                       3592567                                     427500000000.0000000000
     64      2                       3609550                                     432000000000.0000000000
    202      2                       3634029                                     434000000000.0000000000
    169      2                       3694077                                     436500000000.0000000000
    202      2                       3714335                                     443500000000.0000000000
    202      2                       3746736                                     446000000000.0000000000
    130      2                       3757623                                     449500000000.0000000000
    202      2                       3767191                                     451000000000.0000000000
    202      2                       3793528                                     452000000000.0000000000
     64      2                       3806544                                     455000000000.0000000000
    169      2                       3864775                                     456500000000.0000000000
    168      2                       3872020                                     463500000000.0000000000
     64      2                       3876739                                     464000000000.0000000000
    166      2                       3890435                                     464500000000.0000000000
    168      2                       3894717                                     466500000000.0000000000
     64      2                       3906664                                     467000000000.0000000000
    169      2                       3909927                                     468000000000.0000000000
    166      2                       3921901                                     468500000000.0000000000
    169      2                       3974331                                     470000000000.0000000000
     64      2                       3976356                                     476000000000.0000000000
    202      2                       3995047                                     476500000000.0000000000
    168      2                       4005301                                     478500000000.0000000000
     90      2                       4012900                                     479500000000.0000000000
    202      2                       4028362                                     480500000000.0000000000
    166      2                       4051821                                     482500000000.0000000000
    166      2                       4087387                                     485000000000.0000000000
     64      2                       4148461                                     489000000000.0000000000
    169      2                       4167600                                     496500000000.0000000000
    202      2                       4173642                                     498500000000.0000000000
    166      2                       4183195                                     499000000000.0000000000
    168      2                       4183195                                     500000000221.3597196043
