    138      5                             0                                                0.0000000000
     24      5                          1703                                        500000000.0000000000
     75      5                          3418                                       1000000000.0000000000
     75      5                          5671                                       1500000000.0000000000
    114      5                          6486                                       2000000000.0000000000
    121      5                          8242                                       2500000000.0000000000
     24      5                         10161                                       3000000000.0000000000
    114      5                         12141                                       3500000000.0000000000
     24      5                         13396                                       4000000000.0000000000
    114      5                         15225                                       4500000000.0000000000
    124      5                         17261                                       5000000000.0000000000
    121      5                         19134                                       5500000000.0000000000
    124      5                         20456                                       6000000000.0000000000
    124      5                         22133                                       6500000000.0000000000
    102      5                         24300                                       7000000000.0000000000
    157      5                         26191                                       7500000000.0000000000
     75      5                         28154                                       8000000000.0000000000
    150      5                         30217                                       8500000000.0000000000
     24      5                         31730                                       9000000000.0000000000
    114      5                         33485                                       9500000000.0000000000
     24      5                         35397                                      10000000000.0000000000
    150      5                         36818                                      10500000000.0000000000
    157      5                         38324                                      11000000000.0000000000
     24      5                         39868                                      11500000000.0000000000
    102      5                         41742                                      12000000000.0000000000
    124      5                         42770                                      12500000000.0000000000
    150      5                         44481                                      13000000000.0000000000
     75      5                         46208                                      13500000000.0000000000
     24      5                         48212                                      14000000000.0000000000
    157      5                         49747                                      14500000000.0000000000
    150      5                         51302                                      15000000000.0000000000
    124      5                         53090                                      15500000000.0000000000
     24      5                         54755                                      16000000000.0000000000
     24      5                         56851                                      16500000000.0000000000
     75      5                         58401                                      17000000000.0000000000
    121      5                         60047                                      17500000000.0000000000
    124      5                         61655                                      18000000000.0000000000
    102      5                         63291                                      18500000000.0000000000
    121      5                         65028                                      19000000000.0000000000
     24      5                         66628                                      19500000000.0000000000
    124      5                         68109                                      20000000000.0000000000
    124      5                         69609                                      20500000000.0000000000
     24      5                         71139                                      21000000000.0000000000
     75      5                         72682                                      21500000000.0000000000
    124      5                         74325                                      22000000000.0000000000
    114      5                         75892                                      22500000000.0000000000
    157      5                         77514                                      23000000000.0000000000
    157      5                         78964                                      23500000000.0000000000
     24      5                         80995                                      24000000000.0000000000
     24      5                         82764                                      24500000000.0000000000
    124      5                         84485                                      25000000000.0000000000
    121      5                         86253                                      25500000000.0000000000
     75      5                         87819                                      26000000000.0000000000
    102      5                         89344                                      26500000000.0000000000
    102      5                         91191                                      27000000000.0000000000
    124      5                         92794                                      27500000000.0000000000
     75      5                         94690                                      28000000000.0000000000
     75      5                         96584                                      28500000000.0000000000
     75      5                         98486                                      29000000000.0000000000
    124      5                         99910                                      29500000000.0000000000
     75      5                        101705                                      30000000000.0000000000
     24      5                        102826                                      30500000000.0000000000
    121      5                        104713                                      31000000000.0000000000
    114      5                        106342                                      31500000000.0000000000
    124      5                        108065                                      32000000000.0000000000
     24      5                        109430                                      32500000000.0000000000
    102      5                        110546                                      33000000000.0000000000
    121      5                        112768                                      33500000000.0000000000
    124      5                        114489                                      34000000000.0000000000
     24      5                        116053                                      34500000000.0000000000
    150      5                        117905                                      35000000000.0000000000
    124      5                        119443                                      35500000000.0000000000
    157      5                        121269                                      36000000000.0000000000
    121      5                        122726                                      36500000000.0000000000
     24      5                        124442                                      37000000000.0000000000
     75      5                        125902                                      37500000000.0000000000
     24      5                        127500                                      38000000000.0000000000
    157      5                        129054                                      38500000000.0000000000
     24      5                        130704                                      39000000000.0000000000
    157      5                        132097                                      39500000000.0000000000
    121      5                        133908                                      40000000000.0000000000
    121      5                        135539                                      40500000000.0000000000
    124      5                        137370                                      41000000000.0000000000
     75      5                        138923                                      41500000000.0000000000
    121      5                        140779                                      42000000000.0000000000
    150      5                        142150                                      42500000000.0000000000
    121      5                        143947                                      43000000000.0000000000
    157      5                        145542                                      43500000000.0000000000
     24      5                        147235                                      44000000000.0000000000
    157      5                        149371                                      44500000000.0000000000
    124      5                        150612                                      45000000000.0000000000
    150      5                        152130                                      45500000000.0000000000
    121      5                        153619                                      46000000000.0000000000
     24      5                        155050                                      46500000000.0000000000
    157      5                        156650                                      47000000000.0000000000
    114      5                        158496                                      47500000000.0000000000
    157      5                        160111                                      48000000000.0000000000
     24      5                        161729                                      48500000000.0000000000
     75      5                        163389                                      49000000000.0000000000
    114      5                        164683                                      49500000000.0000000000
     75      5                        166258                                      50000000000.0000000000
     24      5                        168127                                      50500000000.0000000000
     75      5                        170368                                      51000000000.0000000000
    114      5                        171780                                      51500000000.0000000000
     75      5                        173581                                      52000000000.0000000000
    150      5                        175294                                      52500000000.0000000000
    114      5                        176984                                      53000000000.0000000000
     75      5                        178205                                      53500000000.0000000000
     24      5                        179852                                      54000000000.0000000000
    121      5                        181989                                      54500000000.0000000000
    121      5                        184147                                      55000000000.0000000000
     75      5                        186001                                      55500000000.0000000000
     24      5                        187244                                      56000000000.0000000000
     75      5                        189300                                      56500000000.0000000000
    102      5                        190894                                      57000000000.0000000000
    121      5                        192929                                      57500000000.0000000000
    157      5                        194191                                      58000000000.0000000000
     24      5                        196170                                      58500000000.0000000000
    114      5                        197609                                      59000000000.0000000000
    157      5                        199512                                      59500000000.0000000000
    186      3                        199774                                      60000000000.0000000000
    177      0                        200341                                      67000000000.0000000000
    177      0                        200527                                      92000000000.0000000000
    177      0                        200617                                      99500000000.0000000000
    177      0                        200926                                     103000000000.0000000000
    177      0                        201006                                     115500000000.0000000000
    177      0                        201904                                     119000000000.0000000000
    177      0                        201918                                     160500000000.0000000000
     96      0                        201967                                     161000000000.0000000000
    177      0                        202939                                     162500000000.0000000000
    177      0                        203004                                     201500000000.0000000000
    120      3                        203009                                     205000000000.0000000000
    177      0                        203241                                     225000000000.0000000000
    186      3                        203252                                     236000000000.0000000000
    177      0                        203468                                     246500000000.0000000000
    177      0                        203629                                     255500000000.0000000000
    152      3                        203637                                     262000000000.0000000000
    177      0                        203642                                     271000000000.0000000000
    177      0                        204955                                     271500000000.0000000000
    177      0                        205404                                     335500000000.0000000000
     96      0                        205816                                     356500000000.0000000000
    177      0                        206523                                     376500000000.0000000000
    141      0                        207285                                     400500000000.0000000000
     78      2                        218381                                     436500000000.0000000000
    202      2                        237928                                     438000000000.0000000000
    168      2                        250523                                     440000000000.0000000000
    168      2                        267248                                     441500000000.0000000000
    202      2                        293081                                     443500000000.0000000000
    166      2                        340534                                     446500000000.0000000000
    166      2                        402218                                     452000000000.0000000000
    168      2                        417518                                     459500000000.0000000000
    166      2                        424346                                     461000000000.0000000000
    166      2                        466654                                     462000000000.0000000000
     78      2                        476777                                     467000000000.0000000000
    166      2                        497231                                     468000000000.0000000000
    166      2                        529003                                     470500000000.0000000000
    166      2                        549791                                     474000000000.0000000000
    166      2                        572780                                     476500000000.0000000000
    202      2                        622887                                     479000000000.0000000000
    202      2                        654742                                     485000000000.0000000000
     64      2                        700365                                     488500000000.0000000000
     64      2                        717999                                     494000000000.0000000000
    202      2                        731750                                     496000000000.0000000000
    202      2                        800489                                     497500000000.0000000000
    141      0                        800489                                     505114744590.9950300455
