    202      2                             0                                                0.0000000000
    202      2                          5257                                        500000000.0000000000
     24      5                          6816                                       1000000000.0000000000
    157      5                          8582                                       1500000000.0000000000
    124      5                         10488                                       2000000000.0000000000
    124      5                         11952                                       2500000000.0000000000
     75      5                         13854                                       3000000000.0000000000
     24      5                         15325                                       3500000000.0000000000
    114      5                         16911                                       4000000000.0000000000
    121      5                         18545                                       4500000000.0000000000
    157      5                         20408                                       5000000000.0000000000
     24      5                         21851                                       5500000000.0000000000
    157      5                         23673                                       6000000000.0000000000
     24      5                         25432                                       6500000000.0000000000
    124      5                         26704                                       7000000000.0000000000
     24      5                         28450                                       7500000000.0000000000
    121      5                         29816                                       8000000000.0000000000
     24      5                         31545                                       8500000000.0000000000
    121      5                         33569                                       9000000000.0000000000
    121      5                         34886                                       9500000000.0000000000
     24      5                         36559                                      10000000000.0000000000
     75      5                         37697                                      10500000000.0000000000
     24      5                         39185                                      11000000000.0000000000
     75      5                         41084                                      11500000000.0000000000
    121      5                         42846                                      12000000000.0000000000
    124      5                         44417                                      12500000000.0000000000
    121      5                         46112                                      13000000000.0000000000
     24      5                         47428                                      13500000000.0000000000
     24      5                         48982                                      14000000000.0000000000
    121      5                         50645                                      14500000000.0000000000
    114      5                         52337                                      15000000000.0000000000
    124      5                         53454                                      15500000000.0000000000
     24      5                         55013                                      16000000000.0000000000
     24      5                         56932                                      16500000000.0000000000
    121      5                         58137                                      17000000000.0000000000
     24      5                         60098                                      17500000000.0000000000
     75      5                         60998                                      18000000000.0000000000
     24      5                         62643                                      18500000000.0000000000
     24      5                         64559                                      19000000000.0000000000
    150      5                         66024                                      19500000000.0000000000
     75      5                         67338                                      20000000000.0000000000
     75      5                         69327                                      20500000000.0000000000
    157      5                         71067                                      21000000000.0000000000
    157      5                         72544                                      21500000000.0000000000
     24      5                         74358                                      22000000000.0000000000
     75      5                         76002                                      22500000000.0000000000
     24      5                         77431                                      23000000000.0000000000
    157      5                         79235                                      23500000000.0000000000
    121      5                         80603                                      24000000000.0000000000
    124      5                         82180                                      24500000000.0000000000
    114      5                         84326                                      25000000000.0000000000
    124      5                         85491                                      25500000000.0000000000
    121      5                         87681                                      26000000000.0000000000
    150      5                         89193                                      26500000000.0000000000
     75      5                         90276                                      27000000000.0000000000
    124      5                         91927                                      27500000000.0000000000
    157      5                         93676                                      28000000000.0000000000
     24      5                         95007                                      28500000000.0000000000
     75      5                         96908                                      29000000000.0000000000
    150      5                         98110                                      29500000000.0000000000
     24      5                         99477                                      30000000000.0000000000
    124      5                        101437                                      30500000000.0000000000
     24      5                        103239                                      31000000000.0000000000
    157      5                        104601                                      31500000000.0000000000
     24      5                        106081                                      32000000000.0000000000
     75      5                        107885                                      32500000000.0000000000
    157      5                        109372                                      33000000000.0000000000
    150      5                        110823                                      33500000000.0000000000
    124      5                        112702                                      34000000000.0000000000
    150      5                        114508                                      34500000000.0000000000
    121      5                        116682                                      35000000000.0000000000
     75      5                        117978                                      35500000000.0000000000
     75      5                        119644                                      36000000000.0000000000
     24      5                        121744                                      36500000000.0000000000
    121      5                        123368                                      37000000000.0000000000
    124      5                        125189                                      37500000000.0000000000
     75      5                        127465                                      38000000000.0000000000
    114      5                        128538                                      38500000000.0000000000
     24      5                        130574                                      39000000000.0000000000
    102      5                        131911                                      39500000000.0000000000
     24      5                        133769                                      40000000000.0000000000
     24      5                        135468                                      40500000000.0000000000
    114      5                        137292                                      41000000000.0000000000
    124      5                        138694                                      41500000000.0000000000
     24      5                        140468                                      42000000000.0000000000
     24      5                        142145                                      42500000000.0000000000
    157      5                        144104                                      43000000000.0000000000
     75      5                        145626                                      43500000000.0000000000
     75      5                        147672                                      44000000000.0000000000
    114      5                        148863                                      44500000000.0000000000
    102      5                        150608                                      45000000000.0000000000
    121      5                        152032                                      45500000000.0000000000
    121      5                        153681                                      46000000000.0000000000
    124      5                        155239                                      46500000000.0000000000
    157      5                        156957                                      47000000000.0000000000
     24      5                        158731                                      47500000000.0000000000
    121      5                        160752                                      48000000000.0000000000
    157      5                        162431                                      48500000000.0000000000
     75      5                        163694                                      49000000000.0000000000
     24      5                        165314                                      49500000000.0000000000
     75      5                        166781                                      50000000000.0000000000
    124      5                        168621                                      50500000000.0000000000
    114      5                        169891                                      51000000000.0000000000
    121      5                        171760                                      51500000000.0000000000
    169      2                        182885                                      52000000000.0000000000
    202      2                        220041                                      53000000000.0000000000
    130      2                        232413                                      57500000000.0000000000
    130      2                        236380                                      59000000000.0000000000
    202      2                        273013                                      59500000000.0000000000
    168      2                        283527                                      63500000000.0000000000
    169      2                        306410                                      65000000000.0000000000
     50      2                        321316                                      67500000000.0000000000
    202      2                        341360                                      69000000000.0000000000
     64      2                        353764                                      71500000000.0000000000
    202      2                        381904                                      73000000000.0000000000
    202      2                        403689                                      76000000000.0000000000
    166      2                        428522                                      78500000000.0000000000
    166      2                        455477                                      81500000000.0000000000
    168      2                        463413                                      84500000000.0000000000
    202      2                        479933                                      85500000000.0000000000
    166      2                        516886                                      87500000000.0000000000
    169      2                        523099                                      91500000000.0000000000
     64      2                        546439                                      92500000000.0000000000
    202      2                        568931                                      95000000000.0000000000
    130      2                        577215                                      97500000000.0000000000
     64      2                        591158                                      98500000000.0000000000
    202      2                        648726                                     100000000000.0000000000
    202      2                        671758                                     106500000000.0000000000
    169      2                        704738                                     109500000000.0000000000
    130      2                        723165                                     113000000000.0000000000
    168      2                        741773                                     115500000000.0000000000
    168      2                        755240                                     117500000000.0000000000
    202      2                        763191                                     119000000000.0000000000
    169      2                        835868                                     120000000000.0000000000
    169      2                        850616                                     128500000000.0000000000
    202      2                        891500                                     130000000000.0000000000
     90      2                        899739                                     135000000000.0000000000
     78      2                        906882                                     136000000000.0000000000
    119      2                        911424                                     136500000000.0000000000
    202      2                        980337                                     137000000000.0000000000
    168      2                        983387                                     145000000000.0000000000
     64      2                        996538                                     145500000000.0000000000
    202      2                       1030417                                     147000000000.0000000000
    168      2                       1046251                                     151000000000.0000000000
    202      2                       1098479                                     152500000000.0000000000
    130      2                       1109238                                     159000000000.0000000000
    169      2                       1113532                                     160000000000.0000000000
    166      2                       1137270                                     160500000000.0000000000
    166      2                       1172380                                     163500000000.0000000000
    202      2                       1209854                                     167500000000.0000000000
     64      2                       1217323                                     171500000000.0000000000
    130      2                       1225391                                     172500000000.0000000000
    166      2                       1238117                                     173500000000.0000000000
    202      2                       1314663                                     175000000000.0000000000
    168      2                       1329418                                     184000000000.0000000000
     64      2                       1346154                                     185500000000.0000000000
    202      2                       1403058                                     187500000000.0000000000
     64      2                       1508976                                     194000000000.0000000000
    166      2                       1570454                                     206500000000.0000000000
     90      2                       1574705                                     213500000000.0000000000
    202      2                       1607356                                     214000000000.0000000000
     64      2                       1610484                                     217500000000.0000000000
    202      2                       1649969                                     218000000000.0000000000
    202      2                       1711737                                     222500000000.0000000000
    168      2                       1720161                                     230000000000.0000000000
     64      2                       1730083                                     231000000000.0000000000
    202      2                       1788729                                     232000000000.0000000000
    119      2                       1799360                                     238500000000.0000000000
    166      2                       1830612                                     240000000000.0000000000
     90      2                       1839548                                     243500000000.0000000000
    169      2                       1854281                                     244500000000.0000000000
    166      2                       1924438                                     246500000000.0000000000
     64      2                       1937104                                     254500000000.0000000000
    202      2                       1945654                                     256000000000.0000000000
    119      2                       1961989                                     257000000000.0000000000
     64      2                       2013378                                     258500000000.0000000000
    168      2                       2031781                                     264500000000.0000000000
    169      2                       2057531                                     266500000000.0000000000
    168      2                       2061381                                     269500000000.0000000000
     50      2                       2062555                                     270000000000.0000000000
    166      2                       2119316                                     270500000000.0000000000
     64      2                       2135914                                     277000000000.0000000000
    202      2                       2163327                                     279000000000.0000000000
    130      2                       2181492                                     282000000000.0000000000
    202      2                       2189010                                     284000000000.0000000000
    202      2                       2275533                                     285000000000.0000000000
     64      2                       2287454                                     295000000000.0000000000
    168      2                       2352579                                     296500000000.0000000000
    202      2                       2379507                                     304000000000.0000000000
    168      2                       2386450                                     307000000000.0000000000
     78      2                       2392245                                     308000000000.0000000000
     64      2                       2397399                                     308500000000.0000000000
    202      2                       2406882                                     309000000000.0000000000
    168      2                       2416967                                     310000000000.0000000000
    202      2                       2441689                                     311500000000.0000000000
    169      2                       2460737                                     314000000000.0000000000
    168      2                       2475791                                     316500000000.0000000000
    119      2                       2495256                                     318000000000.0000000000
    166      2                       2499115                                     320500000000.0000000000
    202      2                       2526154                                     321000000000.0000000000
    202      2                       2547184                                     324000000000.0000000000
    166      2                       2580145                                     326500000000.0000000000
     78      2                       2592687                                     330000000000.0000000000
    202      2                       2651614                                     331500000000.0000000000
    169      2                       2663653                                     338500000000.0000000000
    202      2                       2675870                                     340000000000.0000000000
    177      0                       2676099                                     341000000000.0000000000
    177      0                       2676251                                     352500000000.0000000000
    177      0                       2676269                                     360000000000.0000000000
    177      0                       2676938                                     360500000000.0000000000
    177      0                       2677386                                     392500000000.0000000000
    177      0                       2677650                                     410500000000.0000000000
     58      3                       2677656                                     421000000000.0000000000
     24      5                       2678823                                     437000000000.0000000000
     75      5                       2680089                                     437500000000.0000000000
     75      5                       2681861                                     438000000000.0000000000
    121      5                       2683419                                     438500000000.0000000000
    157      5                       2685139                                     439000000000.0000000000
     75      5                       2686854                                     439500000000.0000000000
    195      5                       2688975                                     440000000000.0000000000
    114      5                       2691127                                     440500000000.0000000000
    121      5                       2692395                                     441000000000.0000000000
     75      5                       2694416                                     441500000000.0000000000
     75      5                       2696045                                     442000000000.0000000000
    150      5                       2697947                                     442500000000.0000000000
     75      5                       2699369                                     443000000000.0000000000
     64      2                       2705213                                     443500000000.0000000000
    202      2                       2756096                                     444000000000.0000000000
    168      2                       2774358                                     450000000000.0000000000
    202      2                       2806004                                     452000000000.0000000000
     64      2                       2820049                                     456000000000.0000000000
    202      2                       2900385                                     457500000000.0000000000
    166      2                       2924132                                     467000000000.0000000000
    130      2                       2927739                                     469500000000.0000000000
    130      2                       2933016                                     470000000000.0000000000
    166      2                       2949852                                     470500000000.0000000000
    119      2                       2965443                                     472500000000.0000000000
    168      2                       2966193                                     474000000000.0000000000
    202      2                       2977681                                     474500000000.0000000000
    166      2                       3017194                                     475500000000.0000000000
    202      2                       3065433                                     480500000000.0000000000
    168      2                       3079533                                     486000000000.0000000000
     64      2                       3081734                                     487500000000.0000000000
    202      2                       3098439                                     488000000000.0000000000
    168      2                       3109752                                     489500000000.0000000000
    169      2                       3133998                                     491000000000.0000000000
    119      2                       3150008                                     494000000000.0000000000
    202      2                       3155680                                     495500000000.0000000000
    202      2                       3177176                                     496500000000.0000000000
    202      2                       3189611                                     499000000000.0000000000
     64      2                       3189611                                     500000350068.6482434273
