    118      0                             0                                                0.0000000000
    118      0                           371                                        500000000.0000000000
    177      0                           410                                      15500000000.0000000000
     80      0                           881                                      17000000000.0000000000
    177      0                           987                                      37000000000.0000000000
    177      0                          1838                                      42000000000.0000000000
    177      0                          2186                                      78500000000.0000000000
    177      0                          2221                                      95500000000.0000000000
    177      0                          2648                                      97000000000.0000000000
    177      0                          2707                                     117500000000.0000000000
    177      0                          2848                                     121000000000.0000000000
     96      0                          3132                                     127500000000.0000000000
    177      0                          3396                                     140500000000.0000000000
    177      0                          3637                                     151500000000.0000000000
    177      0                          3672                                     162000000000.0000000000
    177      0                          3839                                     163500000000.0000000000
    177      0                          3923                                     170000000000.0000000000
    177      0                          4836                                     173000000000.0000000000
    177      0                          6008                                     215000000000.0000000000
    152      3                          6030                                     266000000000.0000000000
     15      0                          6225                                     280500000000.0000000000
    168      2                         23635                                     289000000000.0000000000
    202      2                         54781                                     291000000000.0000000000
     64      2                         73712                                     294500000000.0000000000
    168      2                        101841                                     296500000000.0000000000
     78      2                        105709                                     300000000000.0000000000
    166      2                        114331                                     300500000000.0000000000
    202      2                        139320                                     301500000000.0000000000
    202      2                        166239                                     304000000000.0000000000
    130      2                        174229                                     307500000000.0000000000
     64      2                        183966                                     308000000000.0000000000
    202      2                        195170                                     309500000000.0000000000
    166      2                        234930                                     310500000000.0000000000
    130      2                        245744                                     315000000000.0000000000
     64      2                        281840                                     316500000000.0000000000
    168      2                        283204                                     320500000000.0000000000
     64      2                        333737                                     321000000000.0000000000
    168      2                        345641                                     326500000000.0000000000
    168      2                        348681                                     328000000000.0000000000
    168      2                        352783                                     328500000000.0000000000
    202      2                        367546                                     329000000000.0000000000
    119      2                        386629                                     330500000000.0000000000
    166      2                        397748                                     333000000000.0000000000
    168      2                        417674                                     334000000000.0000000000
    166      2                        432144                                     336500000000.0000000000
    168      2                        445877                                     338000000000.0000000000
    202      2                        455943                                     339500000000.0000000000
     64      2                        460721                                     341000000000.0000000000
    202      2                        478338                                     341500000000.0000000000
    130      2                        490153                                     343500000000.0000000000
    202      2                        508968                                     345000000000.0000000000
    168      2                        526649                                     347000000000.0000000000
    168      2                        540505                                     349000000000.0000000000
    202      2                        565657                                     350500000000.0000000000
    130      2                        569671                                     353500000000.0000000000
    130      2                        583573                                     354000000000.0000000000
    166      2                        602441                                     355500000000.0000000000
    202      2                        623379                                     357500000000.0000000000
    130      2                        626110                                     360000000000.0000000000
     64      2                        629594                                     360500000000.0000000000
    168      2                        635077                                     361000000000.0000000000
    166      2                        695076                                     361500000000.0000000000
    202      2                        777515                                     368500000000.0000000000
    202      2                        814852                                     378000000000.0000000000
    168      2                        818035                                     382000000000.0000000000
    166      2                        835959                                     382500000000.0000000000
    169      2                        850742                                     384500000000.0000000000
    166      2                        860277                                     386500000000.0000000000
     64      2                        876967                                     387500000000.0000000000
    166      2                        881677                                     389500000000.0000000000
    166      2                        932528                                     390000000000.0000000000
    166      2                        977715                                     396000000000.0000000000
     64      2                        991856                                     401000000000.0000000000
    202      2                       1000324                                     402500000000.0000000000
     64      2                       1006891                                     403500000000.0000000000
    166      2                       1031749                                     404500000000.0000000000
    202      2                       1073193                                     407500000000.0000000000
     64      2                       1085938                                     412000000000.0000000000
    166      2                       1130688                                     413500000000.0000000000
    202      2                       1154170                                     419000000000.0000000000
    119      2                       1158424                                     421500000000.0000000000
    119      2                       1168233                                     422000000000.0000000000
    157      5                       1168780                                     423000000000.0000000000
    121      5                       1170884                                     423500000000.0000000000
    157      5                       1172351                                     424000000000.0000000000
     75      5                       1174496                                     424500000000.0000000000
    124      5                       1176375                                     425000000000.0000000000
     24      5                       1178243                                     425500000000.0000000000
    150      5                       1179805                                     426000000000.0000000000
     75      5                       1182018                                     426500000000.0000000000
    114      5                       1183791                                     427000000000.0000000000
     75      5                       1185310                                     427500000000.0000000000
    124      5                       1187412                                     428000000000.0000000000
    121      5                       1189222                                     428500000000.0000000000
    121      5                       1190601                                     429000000000.0000000000
    121      5                       1192292                                     429500000000.0000000000
     24      5                       1194160                                     430000000000.0000000000
     24      5                       1195427                                     430500000000.0000000000
    124      5                       1197901                                     431000000000.0000000000
    121      5                       1199827                                     431500000000.0000000000
    124      5                       1201509                                     432000000000.0000000000
    150      5                       1203143                                     432500000000.0000000000
    121      5                       1204997                                     433000000000.0000000000
    157      5                       1207151                                     433500000000.0000000000
     75      5                       1208938                                     434000000000.0000000000
    114      5                       1210827                                     434500000000.0000000000
     75      5                       1212856                                     435000000000.0000000000
    150      5                       1214454                                     435500000000.0000000000
     75      5                       1216163                                     436000000000.0000000000
    157      5                       1218038                                     436500000000.0000000000
    121      5                       1218792                                     437000000000.0000000000
     75      5                       1220698                                     437500000000.0000000000
     24      5                       1222475                                     438000000000.0000000000
    124      5                       1224495                                     438500000000.0000000000
     24      5                       1226264                                     439000000000.0000000000
    121      5                       1227742                                     439500000000.0000000000
    124      5                       1229364                                     440000000000.0000000000
     75      5                       1231007                                     440500000000.0000000000
    121      5                       1232477                                     441000000000.0000000000
     75      5                       1234004                                     441500000000.0000000000
     24      5                       1235540                                     442000000000.0000000000
    114      5                       1237273                                     442500000000.0000000000
    150      5                       1238978                                     443000000000.0000000000
     75      5                       1240560                                     443500000000.0000000000
    121      5                       1241772                                     444000000000.0000000000
     24      5                       1243620                                     444500000000.0000000000
     75      5                       1245088                                     445000000000.0000000000
    157      5                       1246856                                     445500000000.0000000000
     24      5                       1248536                                     446000000000.0000000000
    124      5                       1250051                                     446500000000.0000000000
     24      5                       1251871                                     447000000000.0000000000
    102      5                       1253651                                     447500000000.0000000000
     24      5                       1255479                                     448000000000.0000000000
    124      5                       1257491                                     448500000000.0000000000
    157      5                       1258912                                     449000000000.0000000000
    124      5                       1260461                                     449500000000.0000000000
    102      5                       1262357                                     450000000000.0000000000
     24      5                       1264218                                     450500000000.0000000000
     24      5                       1266198                                     451000000000.0000000000
    102      5                       1268079                                     451500000000.0000000000
    157      5                       1269688                                     452000000000.0000000000
     75      5                       1271178                                     452500000000.0000000000
    102      5                       1272898                                     453000000000.0000000000
    124      5                       1274543                                     453500000000.0000000000
     24      5                       1275847                                     454000000000.0000000000
    124      5                       1277486                                     454500000000.0000000000
     24      5                       1279437                                     455000000000.0000000000
     75      5                       1281573                                     455500000000.0000000000
     75      5                       1283230                                     456000000000.0000000000
    121      5                       1284662                                     456500000000.0000000000
    102      5                       1286250                                     457000000000.0000000000
     75      5                       1287653                                     457500000000.0000000000
    102      5                       1289920                                     458000000000.0000000000
    114      5                       1290956                                     458500000000.0000000000
     24      5                       1292726                                     459000000000.0000000000
    124      5                       1294403                                     459500000000.0000000000
    157      5                       1296457                                     460000000000.0000000000
    150      5                       1297995                                     460500000000.0000000000
     24      5                       1299842                                     461000000000.0000000000
     24      5                       1301800                                     461500000000.0000000000
    124      5                       1303372                                     462000000000.0000000000
    114      5                       1305061                                     462500000000.0000000000
     24      5                       1306721                                     463000000000.0000000000
    114      5                       1308502                                     463500000000.0000000000
    124      5                       1310617                                     464000000000.0000000000
    124      5                       1312545                                     464500000000.0000000000
    121      5                       1313620                                     465000000000.0000000000
    114      5                       1315546                                     465500000000.0000000000
    157      5                       1317418                                     466000000000.0000000000
     24      5                       1319016                                     466500000000.0000000000
    114      5                       1320725                                     467000000000.0000000000
    124      5                       1322247                                     467500000000.0000000000
    121      5                       1323727                                     468000000000.0000000000
     75      5                       1325270                                     468500000000.0000000000
    157      5                       1326719                                     469000000000.0000000000
     75      5                       1328190                                     469500000000.0000000000
    114      5                       1329530                                     470000000000.0000000000
    114      5                       1331056                                     470500000000.0000000000
     24      5                       1332764                                     471000000000.0000000000
     24      5                       1334265                                     471500000000.0000000000
    124      5                       1335912                                     472000000000.0000000000
    102      5                       1337532                                     472500000000.0000000000
     24      5                       1339382                                     473000000000.0000000000
    157      5                       1341115                                     473500000000.0000000000
    150      5                       1342329                                     474000000000.0000000000
    121      5                       1344036                                     474500000000.0000000000
     24      5                       1345803                                     475000000000.0000000000
    124      5                       1347261                                     475500000000.0000000000
    157      5                       1348758                                     476000000000.0000000000
    157      5                       1350518                                     476500000000.0000000000
    121      5                       1352206                                     477000000000.0000000000
    114      5                       1354138                                     477500000000.0000000000
    102      5                       1355720                                     478000000000.0000000000
     75      5                       1357435                                     478500000000.0000000000
    150      5                       1359044                                     479000000000.0000000000
     75      5                       1360744                                     479500000000.0000000000
    150      5                       1362465                                     480000000000.0000000000
    121      5                       1364471                                     480500000000.0000000000
    114      5                       1365632                                     481000000000.0000000000
     24      5                       1367288                                     481500000000.0000000000
    102      5                       1368790                                     482000000000.0000000000
    102      5                       1370551                                     482500000000.0000000000
     24      5                       1372388                                     483000000000.0000000000
    157      5                       1373886                                     483500000000.0000000000
    124      5                       1375435                                     484000000000.0000000000
     24      5                       1376971                                     484500000000.0000000000
    124      5                       1378960                                     485000000000.0000000000
     24      5                       1380359                                     485500000000.0000000000
    150      5                       1381830                                     486000000000.0000000000
    124      5                       1383619                                     486500000000.0000000000
     75      5                       1385685                                     487000000000.0000000000
     75      5                       1387090                                     487500000000.0000000000
     75      5                       1388725                                     488000000000.0000000000
     75      5                       1390421                                     488500000000.0000000000
    121      5                       1392563                                     489000000000.0000000000
    157      5                       1394045                                     489500000000.0000000000
    121      5                       1395486                                     490000000000.0000000000
     75      5                       1397524                                     490500000000.0000000000
    124      5                       1399499                                     491000000000.0000000000
     75      5                       1400946                                     491500000000.0000000000
     75      5                       1402626                                     492000000000.0000000000
     75      5                       1404175                                     492500000000.0000000000
     24      5                       1405381                                     493000000000.0000000000
    114      5                       1407169                                     493500000000.0000000000
     24      5                       1408961                                     494000000000.0000000000
     24      5                       1410855                                     494500000000.0000000000
     24      5                       1412365                                     495000000000.0000000000
    150      5                       1414207                                     495500000000.0000000000
    124      5                       1415735                                     496000000000.0000000000
     75      5                       1417777                                     496500000000.0000000000
    102      5                       1419581                                     497000000000.0000000000
    157      5                       1421053                                     497500000000.0000000000
     24      5                       1422807                                     498000000000.0000000000
    124      5                       1424294                                     498500000000.0000000000
     75      5                       1425836                                     499000000000.0000000000
    157      5                       1427181                                     499500000000.0000000000
    138      5                       1428690                                     500000000000.0000000000
    150      5                       1428690                                     500003312754.9620990455
