    173      3                             0                                                0.0000000000
    173      3                             2                                        500000000.0000000000
    150      5                           417                                      26500000000.0000000000
     75      5                          2073                                      27000000000.0000000000
    121      5                          3810                                      27500000000.0000000000
    150      5                          5338                                      28000000000.0000000000
    124      5                          7493                                      28500000000.0000000000
    121      5                          8868                                      29000000000.0000000000
     24      5                         10700                                      29500000000.0000000000
    124      5                         12098                                      30000000000.0000000000
    121      5                         13814                                      30500000000.0000000000
     75      5                         15238                                      31000000000.0000000000
    124      5                         16979                                      31500000000.0000000000
    157      5                         18731                                      32000000000.0000000000
     24      5                         20307                                      32500000000.0000000000
     75      5                         21970                                      33000000000.0000000000
    124      5                         23660                                      33500000000.0000000000
    124      5                         25182                                      34000000000.0000000000
    124      5                         26834                                      34500000000.0000000000
    114      5                         29156                                      35000000000.0000000000
     75      5                         30688                                      35500000000.0000000000
    157      5                         31936                                      36000000000.0000000000
    157      5                         34055                                      36500000000.0000000000
    124      5                         35225                                      37000000000.0000000000
    124      5                         36947                                      37500000000.0000000000
    121      5                         39034                                      38000000000.0000000000
     75      5                         40616                                      38500000000.0000000000
     24      5                         41802                                      39000000000.0000000000
    114      5                         43482                                      39500000000.0000000000
    157      5                         44824                                      40000000000.0000000000
    157      5                         47006                                      40500000000.0000000000
    114      5                         48386                                      41000000000.0000000000
    124      5                         49986                                      41500000000.0000000000
    121      5                         51750                                      42000000000.0000000000
     24      5                         53406                                      42500000000.0000000000
    121      5                         55333                                      43000000000.0000000000
     75      5                         56825                                      43500000000.0000000000
    102      5                         57890                                      44000000000.0000000000
    124      5                         59761                                      44500000000.0000000000
    121      5                         61366                                      45000000000.0000000000
     24      5                         63454                                      45500000000.0000000000
     75      5                         64862                                      46000000000.0000000000
    124      5                         66628                                      46500000000.0000000000
    157      5                         67898                                      47000000000.0000000000
    121      5                         69292                                      47500000000.0000000000
    114      5                         71446                                      48000000000.0000000000
     75      5                         73385                                      48500000000.0000000000
    121      5                         75401                                      49000000000.0000000000
    121      5                         77019                                      49500000000.0000000000
    124      5                         78885                                      50000000000.0000000000
    150      5                         80709                                      50500000000.0000000000
    124      5                         82039                                      51000000000.0000000000
    150      5                         83650                                      51500000000.0000000000
    102      5                         85275                                      52000000000.0000000000
    102      5                         87179                                      52500000000.0000000000
    114      5                         88903                                      53000000000.0000000000
    121      5                         90372                                      53500000000.0000000000
    121      5                         92406                                      54000000000.0000000000
    121      5                         94225                                      54500000000.0000000000
    121      5                         95904                                      55000000000.0000000000
    102      5                         98031                                      55500000000.0000000000
    124      5                         99625                                      56000000000.0000000000
     75      5                        101004                                      56500000000.0000000000
    102      5                        102984                                      57000000000.0000000000
    121      5                        105503                                      57500000000.0000000000
    150      5                        107414                                      58000000000.0000000000
    124      5                        108894                                      58500000000.0000000000
     24      5                        110495                                      59000000000.0000000000
    121      5                        112379                                      59500000000.0000000000
    121      5                        113933                                      60000000000.0000000000
     24      5                        115749                                      60500000000.0000000000
    121      5                        117642                                      61000000000.0000000000
    124      5                        119545                                      61500000000.0000000000
    114      5                        121152                                      62000000000.0000000000
    121      5                        122932                                      62500000000.0000000000
     24      5                        124735                                      63000000000.0000000000
    124      5                        126260                                      63500000000.0000000000
    157      5                        128084                                      64000000000.0000000000
    157      5                        129440                                      64500000000.0000000000
    157      5                        131243                                      65000000000.0000000000
     75      5                        132938                                      65500000000.0000000000
     75      5                        134620                                      66000000000.0000000000
    114      5                        136691                                      66500000000.0000000000
    150      5                        137886                                      67000000000.0000000000
    121      5                        139654                                      67500000000.0000000000
    150      5                        141107                                      68000000000.0000000000
    150      5                        142644                                      68500000000.0000000000
    124      5                        144429                                      69000000000.0000000000
    121      5                        145939                                      69500000000.0000000000
    102      5                        147744                                      70000000000.0000000000
    114      5                        149306                                      70500000000.0000000000
    121      5                        150977                                      71000000000.0000000000
    157      5                        152945                                      71500000000.0000000000
    124      5                        154199                                      72000000000.0000000000
    150      5                        155433                                      72500000000.0000000000
    114      5                        157603                                      73000000000.0000000000
    121      5                        159099                                      73500000000.0000000000
    114      5                        160798                                      74000000000.0000000000
    124      5                        162505                                      74500000000.0000000000
    124      5                        163921                                      75000000000.0000000000
    157      5                        166099                                      75500000000.0000000000
     24      5                        167289                                      76000000000.0000000000
     24      5                        169268                                      76500000000.0000000000
    124      5                        171419                                      77000000000.0000000000
     75      5                        173035                                      77500000000.0000000000
    102      5                        175454                                      78000000000.0000000000
    157      5                        177380                                      78500000000.0000000000
    114      5                        178985                                      79000000000.0000000000
    157      5                        180424                                      79500000000.0000000000
     75      5                        182127                                      80000000000.0000000000
    124      5                        184117                                      80500000000.0000000000
    124      5                        185681                                      81000000000.0000000000
    121      5                        187465                                      81500000000.0000000000
    114      5                        189403                                      82000000000.0000000000
    121      5                        191515                                      82500000000.0000000000
    124      5                        193186                                      83000000000.0000000000
    121      5                        195110                                      83500000000.0000000000
    124      5                        196950                                      84000000000.0000000000
    114      5                        198747                                      84500000000.0000000000
     75      5                        200105                                      85000000000.0000000000
    124      5                        202158                                      85500000000.0000000000
    102      5                        203896                                      86000000000.0000000000
    102      5                        205203                                      86500000000.0000000000
     75      5                        206815                                      87000000000.0000000000
    124      5                        208619                                      87500000000.0000000000
    124      5                        210330                                      88000000000.0000000000
    121      5                        212524                                      88500000000.0000000000
    102      5                        214249                                      89000000000.0000000000
    121      5                        216012                                      89500000000.0000000000
     24      5                        217709                                      90000000000.0000000000
    157      5                        219190                                      90500000000.0000000000
    102      5                        220982                                      91000000000.0000000000
     24      5                        223066                                      91500000000.0000000000
    114      5                        224345                                      92000000000.0000000000
    114      5                        226201                                      92500000000.0000000000
    121      5                        227996                                      93000000000.0000000000
     75      5                        229463                                      93500000000.0000000000
    102      5                        231203                                      94000000000.0000000000
     24      5                        232668                                      94500000000.0000000000
    124      5                        234755                                      95000000000.0000000000
    114      5                        237521                                      95500000000.0000000000
    157      5                        238327                                      96000000000.0000000000
    124      5                        239720                                      96500000000.0000000000
    157      5                        241260                                      97000000000.0000000000
    124      5                        243025                                      97500000000.0000000000
    157      5                        244232                                      98000000000.0000000000
    102      5                        246115                                      98500000000.0000000000
     24      5                        247962                                      99000000000.0000000000
    114      5                        249828                                      99500000000.0000000000
    124      5                        251589                                     100000000000.0000000000
     75      5                        253160                                     100500000000.0000000000
    124      5                        254766                                     101000000000.0000000000
    102      5                        256136                                     101500000000.0000000000
    114      5                        257596                                     102000000000.0000000000
    121      5                        259259                                     102500000000.0000000000
    121      5                        261374                                     103000000000.0000000000
    124      5                        262834                                     103500000000.0000000000
    157      5                        264481                                     104000000000.0000000000
     75      5                        265962                                     104500000000.0000000000
     75      5                        267288                                     105000000000.0000000000
     75      5                        269708                                     105500000000.0000000000
    121      5                        271785                                     106000000000.0000000000
    124      5                        272782                                     106500000000.0000000000
    121      5                        274479                                     107000000000.0000000000
     24      5                        276402                                     107500000000.0000000000
     24      5                        278054                                     108000000000.0000000000
     24      5                        279626                                     108500000000.0000000000
     24      5                        280904                                     109000000000.0000000000
    150      5                        282783                                     109500000000.0000000000
    157      5                        284437                                     110000000000.0000000000
     24      5                        286045                                     110500000000.0000000000
     24      5                        287503                                     111000000000.0000000000
    124      5                        289078                                     111500000000.0000000000
    114      5                        290726                                     112000000000.0000000000
    124      5                        292256                                     112500000000.0000000000
     24      5                        293805                                     113000000000.0000000000
     24      5                        295715                                     113500000000.0000000000
     24      5                        297474                                     114000000000.0000000000
    121      5                        299346                                     114500000000.0000000000
    157      5                        301530                                     115000000000.0000000000
    102      5                        302700                                     115500000000.0000000000
     24      5                        304799                                     116000000000.0000000000
    124      5                        305875                                     116500000000.0000000000
     24      5                        307224                                     117000000000.0000000000
     75      5                        308902                                     117500000000.0000000000
    102      5                        310638                                     118000000000.0000000000
     24      5                        311711                                     118500000000.0000000000
     24      5                        313299                                     119000000000.0000000000
     24      5                        315281                                     119500000000.0000000000
    121      5                        316484                                     120000000000.0000000000
     24      5                        318135                                     120500000000.0000000000
    121      5                        319692                                     121000000000.0000000000
    124      5                        320883                                     121500000000.0000000000
     24      5                        322287                                     122000000000.0000000000
    121      5                        324188                                     122500000000.0000000000
    121      5                        325614                                     123000000000.0000000000
     24      5                        326802                                     123500000000.0000000000
     75      5                        328788                                     124000000000.0000000000
    157      5                        330169                                     124500000000.0000000000
    121      5                        332071                                     125000000000.0000000000
    124      5                        333341                                     125500000000.0000000000
     24      5                        335413                                     126000000000.0000000000
    114      5                        337395                                     126500000000.0000000000
     24      5                        339399                                     127000000000.0000000000
    150      5                        341266                                     127500000000.0000000000
    150      5                        343264                                     128000000000.0000000000
     24      5                        344845                                     128500000000.0000000000
    150      5                        346796                                     129000000000.0000000000
     24      5                        348248                                     129500000000.0000000000
    114      5                        349953                                     130000000000.0000000000
    150      5                        351311                                     130500000000.0000000000
    114      5                        353585                                     131000000000.0000000000
    157      5                        355446                                     131500000000.0000000000
    157      5                        357028                                     132000000000.0000000000
    114      5                        358476                                     132500000000.0000000000
    121      5                        360955                                     133000000000.0000000000
    114      5                        362824                                     133500000000.0000000000
     75      5                        364557                                     134000000000.0000000000
     24      5                        366258                                     134500000000.0000000000
    150      5                        367716                                     135000000000.0000000000
    124      5                        369087                                     135500000000.0000000000
     24      5                        370764                                     136000000000.0000000000
    124      5                        372160                                     136500000000.0000000000
    114      5                        373735                                     137000000000.0000000000
    114      5                        375176                                     137500000000.0000000000
    124      5                        376630                                     138000000000.0000000000
    157      5                        378100                                     138500000000.0000000000
    121      5                        379971                                     139000000000.0000000000
    114      5                        381356                                     139500000000.0000000000
     75      5                        383624                                     140000000000.0000000000
    114      5                        385466                                     140500000000.0000000000
     75      5                        387274                                     141000000000.0000000000
    150      5                        388638                                     141500000000.0000000000
    150      5                        390392                                     142000000000.0000000000
    102      5                        392396                                     142500000000.0000000000
    121      5                        394180                                     143000000000.0000000000
    150      5                        395629                                     143500000000.0000000000
    150      5                        397041                                     144000000000.0000000000
     75      5                        398634                                     144500000000.0000000000
    102      5                        399983                                     145000000000.0000000000
    157      5                        401570                                     145500000000.0000000000
    157      5                        403170                                     146000000000.0000000000
    157      5                        404784                                     146500000000.0000000000
    124      5                        406710                                     147000000000.0000000000
    124      5                        408171                                     147500000000.0000000000
    150      5                        409962                                     148000000000.0000000000
     24      5                        411453                                     148500000000.0000000000
    124      5                        413190                                     149000000000.0000000000
    114      5                        415078                                     149500000000.0000000000
    114      5                        416577                                     150000000000.0000000000
    121      5                        417996                                     150500000000.0000000000
    124      5                        420514                                     151000000000.0000000000
     24      5                        421762                                     151500000000.0000000000
    102      5                        423749                                     152000000000.0000000000
    114      5                        426015                                     152500000000.0000000000
    121      5                        427982                                     153000000000.0000000000
     75      5                        429705                                     153500000000.0000000000
     75      5                        431428                                     154000000000.0000000000
    124      5                        432755                                     154500000000.0000000000
    114      5                        434459                                     155000000000.0000000000
    114      5                        436180                                     155500000000.0000000000
    121      5                        438060                                     156000000000.0000000000
    157      5                        439328                                     156500000000.0000000000
     24      5                        440781                                     157000000000.0000000000
     75      5                        442324                                     157500000000.0000000000
     24      5                        443877                                     158000000000.0000000000
     75      5                        445700                                     158500000000.0000000000
     75      5                        447363                                     159000000000.0000000000
    114      5                        448747                                     159500000000.0000000000
    121      5                        450207                                     160000000000.0000000000
    124      5                        451739                                     160500000000.0000000000
     75      5                        453485                                     161000000000.0000000000
    124      5                        455105                                     161500000000.0000000000
    157      5                        457064                                     162000000000.0000000000
     75      5                        459400                                     162500000000.0000000000
    150      5                        461002                                     163000000000.0000000000
    121      5                        462312                                     163500000000.0000000000
    124      5                        464045                                     164000000000.0000000000
    157      5                        465833                                     164500000000.0000000000
     24      5                        467489                                     165000000000.0000000000
    114      5                        469659                                     165500000000.0000000000
    202      2                        503915                                     166000000000.0000000000
    202      2                        546809                                     170000000000.0000000000
    168      2                        562565                                     175000000000.0000000000
     64      2                        572782                                     176500000000.0000000000
    169      2                        593531                                     178000000000.0000000000
    130      2                        595886                                     180000000000.0000000000
    130      2                        610249                                     180500000000.0000000000
    202      2                        650962                                     182000000000.0000000000
    169      2                        691855                                     187000000000.0000000000
    169      2                        697779                                     191500000000.0000000000
    166      2                        739195                                     192000000000.0000000000
    168      2                        752744                                     197000000000.0000000000
     64      2                        758222                                     198500000000.0000000000
    166      2                        781792                                     199000000000.0000000000
     64      2                        786189                                     202000000000.0000000000
    130      2                        801022                                     202500000000.0000000000
    166      2                        807938                                     204000000000.0000000000
    169      2                        861009                                     205000000000.0000000000
    168      2                        874507                                     211000000000.0000000000
    166      2                        882605                                     212500000000.0000000000
    169      2                        890088                                     213500000000.0000000000
    166      2                        903374                                     214500000000.0000000000
    166      2                        942670                                     216000000000.0000000000
    169      2                        963617                                     220500000000.0000000000
    169      2                        968300                                     223000000000.0000000000
    130      2                        977987                                     223500000000.0000000000
    168      2                        982997                                     224500000000.0000000000
    202      2                        985488                                     225000000000.0000000000
    130      2                        999794                                     225500000000.0000000000
     64      2                       1035754                                     227000000000.0000000000
     64      2                       1043431                                     231000000000.0000000000
    166      2                       1065037                                     232000000000.0000000000
    166      2                       1090856                                     234500000000.0000000000
     64      2                       1108336                                     237500000000.0000000000
    202      2                       1124285                                     239500000000.0000000000
     64      2                       1128259                                     241500000000.0000000000
    166      2                       1147894                                     242000000000.0000000000
    166      2                       1189579                                     244000000000.0000000000
    202      2                       1256540                                     249000000000.0000000000
    168      2                       1261682                                     257000000000.0000000000
    202      2                       1307310                                     257500000000.0000000000
    169      2                       1310450                                     262500000000.0000000000
    202      2                       1355998                                     263000000000.0000000000
    202      2                       1460180                                     268500000000.0000000000
    166      2                       1506663                                     280500000000.0000000000
     64      2                       1516259                                     285500000000.0000000000
     64      2                       1526342                                     287000000000.0000000000
    166      2                       1571376                                     288000000000.0000000000
    168      2                       1580322                                     293000000000.0000000000
    130      2                       1589051                                     294000000000.0000000000
    166      2                       1613326                                     295500000000.0000000000
    166      2                       1664449                                     298000000000.0000000000
    168      2                       1671931                                     304000000000.0000000000
    202      2                       1688816                                     305000000000.0000000000
     90      2                       1695131                                     307000000000.0000000000
    166      2                       1713238                                     307500000000.0000000000
     78      2                       1725236                                     309500000000.0000000000
    169      2                       1742022                                     311000000000.0000000000
    169      2                       1786295                                     313000000000.0000000000
     64      2                       1796881                                     318000000000.0000000000
    202      2                       1806479                                     319000000000.0000000000
    168      2                       1818560                                     320500000000.0000000000
     64      2                       1823795                                     321500000000.0000000000
     64      2                       1830153                                     322500000000.0000000000
     50      2                       1844167                                     323000000000.0000000000
    166      2                       1885751                                     324500000000.0000000000
    166      2                       1904336                                     329500000000.0000000000
    166      2                       1922819                                     331500000000.0000000000
     90      2                       1930225                                     334000000000.0000000000
    202      2                       1991142                                     334500000000.0000000000
    202      2                       2018314                                     341500000000.0000000000
    166      2                       2040870                                     345000000000.0000000000
    202      2                       2078226                                     347500000000.0000000000
    166      2                       2098683                                     352000000000.0000000000
    166      2                       2144152                                     354000000000.0000000000
    168      2                       2159624                                     359500000000.0000000000
    166      2                       2204590                                     361000000000.0000000000
    130      2                       2218033                                     366500000000.0000000000
    166      2                       2228077                                     368000000000.0000000000
    130      2                       2236770                                     369000000000.0000000000
     64      2                       2250285                                     370000000000.0000000000
     64      2                       2253324                                     371500000000.0000000000
     64      2                       2261949                                     372000000000.0000000000
    202      2                       2305340                                     373000000000.0000000000
    130      2                       2309370                                     378000000000.0000000000
    202      2                       2332505                                     378500000000.0000000000
    166      2                       2372596                                     381000000000.0000000000
    166      2                       2400593                                     385500000000.0000000000
    168      2                       2455237                                     389000000000.0000000000
    130      2                       2463502                                     395500000000.0000000000
    202      2                       2475823                                     396000000000.0000000000
     64      2                       2487115                                     397500000000.0000000000
    166      2                       2496074                                     399000000000.0000000000
    130      2                       2504453                                     400000000000.0000000000
    202      2                       2545746                                     401000000000.0000000000
    119      2                       2562817                                     405500000000.0000000000
    166      2                       2593126                                     407500000000.0000000000
     64      2                       2621032                                     411500000000.0000000000
    202      2                       2662943                                     414500000000.0000000000
     50      2                       2669688                                     419500000000.0000000000
     74      6                       2671598                                     420000000000.0000000000
     22      6                       2671959                                     487500000000.0000000000
     33      6                       2671959                                     500024663200.8155770004
