    202      2                             0                                                0.0000000000
    202      2                         13179                                        500000000.0000000000
    169      2                         47279                                       2000000000.0000000000
    161      6                         48719                                       5500000000.0000000000
     74      6                         53635                                      56500000000.0000000000
     83      6                         54508                                     219500000000.0000000000
    119      2                         63272                                     248500000000.0000000000
    202      2                         86142                                     249500000000.0000000000
    169      2                        104936                                     252500000000.0000000000
     64      2                        108397                                     254500000000.0000000000
    168      2                        120365                                     255000000000.0000000000
    166      2                        131258                                     256000000000.0000000000
     64      2                        148476                                     257500000000.0000000000
    169      2                        161133                                     259500000000.0000000000
    202      2                        184630                                     261000000000.0000000000
     64      2                        200562                                     263500000000.0000000000
    166      2                        205576                                     265500000000.0000000000
    169      2                        245704                                     266000000000.0000000000
    166      2                        282845                                     270500000000.0000000000
    166      2                        327703                                     275000000000.0000000000
    202      2                        394395                                     280000000000.0000000000
    168      2                        406877                                     288000000000.0000000000
     78      2                        411609                                     289500000000.0000000000
    166      2                        455868                                     290000000000.0000000000
    130      2                        467049                                     295000000000.0000000000
    119      2                        467994                                     296000000000.0000000000
    130      2                        472026                                     296500000000.0000000000
    202      2                        492503                                     297000000000.0000000000
    168      2                        506563                                     299000000000.0000000000
    166      2                        513242                                     301000000000.0000000000
    130      2                        525181                                     301500000000.0000000000
    169      2                        548044                                     303000000000.0000000000
     64      2                        563111                                     305500000000.0000000000
    202      2                        592633                                     307500000000.0000000000
    130      2                        609015                                     310500000000.0000000000
    202      2                        645653                                     312500000000.0000000000
     64      2                        702198                                     317000000000.0000000000
    169      2                        721197                                     323500000000.0000000000
    202      2                        724333                                     325500000000.0000000000
     64      2                        729475                                     326000000000.0000000000
    168      2                        734942                                     326500000000.0000000000
    166      2                        748976                                     327000000000.0000000000
    202      2                        850919                                     329000000000.0000000000
    166      2                        879205                                     340500000000.0000000000
    202      2                        902741                                     344000000000.0000000000
     50      2                        911316                                     346500000000.0000000000
    166      2                        953517                                     347500000000.0000000000
    166      2                       1014993                                     352500000000.0000000000
    166      2                       1039734                                     359500000000.0000000000
    202      2                       1080523                                     362500000000.0000000000
    202      2                       1121058                                     367000000000.0000000000
    166      2                       1144614                                     371500000000.0000000000
    130      2                       1148643                                     374500000000.0000000000
     64      2                       1153090                                     375000000000.0000000000
    169      2                       1176919                                     375500000000.0000000000
     64      2                       1184662                                     378000000000.0000000000
    202      2                       1197965                                     379000000000.0000000000
    124      5                       1198386                                     380500000000.0000000000
     75      5                       1199785                                     381000000000.0000000000
    157      5                       1201055                                     381500000000.0000000000
    124      5                       1203187                                     382000000000.0000000000
    121      5                       1204974                                     382500000000.0000000000
    150      5                       1207035                                     383000000000.0000000000
    157      5                       1208295                                     383500000000.0000000000
     24      5                       1210424                                     384000000000.0000000000
     24      5                       1211544                                     384500000000.0000000000
    121      5                       1213034                                     385000000000.0000000000
    150      5                       1214815                                     385500000000.0000000000
    114      5                       1216892                                     386000000000.0000000000
    121      5                       1218500                                     386500000000.0000000000
     24      5                       1219686                                     387000000000.0000000000
    114      5                       1221874                                     387500000000.0000000000
     24      5                       1223282                                     388000000000.0000000000
     24      5                       1224735                                     388500000000.0000000000
    157      5                       1226133                                     389000000000.0000000000
    124      5                       1228098                                     389500000000.0000000000
     75      5                       1229553                                     390000000000.0000000000
    150      5                       1231878                                     390500000000.0000000000
    157      5                       1233881                                     391000000000.0000000000
     24      5                       1235878                                     391500000000.0000000000
    124      5                       1237893                                     392000000000.0000000000
    102      5                       1239582                                     392500000000.0000000000
     75      5                       1241236                                     393000000000.0000000000
     24      5                       1243371                                     393500000000.0000000000
    157      5                       1245639                                     394000000000.0000000000
    124      5                       1246954                                     394500000000.0000000000
    114      5                       1248964                                     395000000000.0000000000
     75      5                       1250773                                     395500000000.0000000000
     24      5                       1252453                                     396000000000.0000000000
    124      5                       1253949                                     396500000000.0000000000
    124      5                       1255657                                     397000000000.0000000000
     75      5                       1257308                                     397500000000.0000000000
    114      5                       1258742                                     398000000000.0000000000
    124      5                       1260391                                     398500000000.0000000000
    150      5                       1262230                                     399000000000.0000000000
    150      5                       1263588                                     399500000000.0000000000
    124      5                       1265294                                     400000000000.0000000000
    157      5                       1267369                                     400500000000.0000000000
     24      5                       1268910                                     401000000000.0000000000
     24      5                       1270657                                     401500000000.0000000000
    114      5                       1272299                                     402000000000.0000000000
    124      5                       1274398                                     402500000000.0000000000
     24      5                       1275792                                     403000000000.0000000000
    114      5                       1277594                                     403500000000.0000000000
    124      5                       1279687                                     404000000000.0000000000
     24      5                       1280943                                     404500000000.0000000000
    150      5                       1282496                                     405000000000.0000000000
    150      5                       1284415                                     405500000000.0000000000
    114      5                       1285996                                     406000000000.0000000000
    157      5                       1287514                                     406500000000.0000000000
    114      5                       1288995                                     407000000000.0000000000
     24      5                       1290567                                     407500000000.0000000000
    121      5                       1292059                                     408000000000.0000000000
     75      5                       1293761                                     408500000000.0000000000
     75      5                       1295365                                     409000000000.0000000000
    114      5                       1297382                                     409500000000.0000000000
     75      5                       1298515                                     410000000000.0000000000
    114      5                       1300366                                     410500000000.0000000000
     75      5                       1301971                                     411000000000.0000000000
     24      5                       1303597                                     411500000000.0000000000
    157      5                       1305157                                     412000000000.0000000000
    124      5                       1306864                                     412500000000.0000000000
    157      5                       1308497                                     413000000000.0000000000
    121      5                       1310443                                     413500000000.0000000000
    121      5                       1312390                                     414000000000.0000000000
    121      5                       1313824                                     414500000000.0000000000
     24      5                       1315300                                     415000000000.0000000000
    124      5                       1316438                                     415500000000.0000000000
     75      5                       1318097                                     416000000000.0000000000
    114      5                       1319231                                     416500000000.0000000000
    150      5                       1321038                                     417000000000.0000000000
    114      5                       1322284                                     417500000000.0000000000
    150      5                       1323938                                     418000000000.0000000000
     75      5                       1325206                                     418500000000.0000000000
     75      5                       1326702                                     419000000000.0000000000
     24      5                       1328503                                     419500000000.0000000000
    114      5                       1330286                                     420000000000.0000000000
    157      5                       1332282                                     420500000000.0000000000
     75      5                       1333776                                     421000000000.0000000000
    121      5                       1335345                                     421500000000.0000000000
     24      5                       1337067                                     422000000000.0000000000
    121      5                       1338830                                     422500000000.0000000000
    114      5                       1340787                                     423000000000.0000000000
    124      5                       1342633                                     423500000000.0000000000
    150      5                       1343654                                     424000000000.0000000000
     24      5                       1345344                                     424500000000.0000000000
    124      5                       1347038                                     425000000000.0000000000
    124      5                       1349092                                     425500000000.0000000000
    121      5                       1350537                                     426000000000.0000000000
     75      5                       1352129                                     426500000000.0000000000
     75      5                       1354250                                     427000000000.0000000000
    124      5                       1356118                                     427500000000.0000000000
    121      5                       1357912                                     428000000000.0000000000
    121      5                       1359837                                     428500000000.0000000000
    124      5                       1361696                                     429000000000.0000000000
    150      5                       1363651                                     429500000000.0000000000
    150      5                       1365781                                     430000000000.0000000000
    157      5                       1367149                                     430500000000.0000000000
     75      5                       1368948                                     431000000000.0000000000
     75      5                       1370825                                     431500000000.0000000000
    150      5                       1372142                                     432000000000.0000000000
    124      5                       1373938                                     432500000000.0000000000
    124      5                       1375365                                     433000000000.0000000000
    124      5                       1377156                                     433500000000.0000000000
    124      5                       1378968                                     434000000000.0000000000
    102      5                       1380695                                     434500000000.0000000000
    114      5                       1382464                                     435000000000.0000000000
     24      5                       1383985                                     435500000000.0000000000
     75      5                       1386014                                     436000000000.0000000000
    114      5                       1387653                                     436500000000.0000000000
    124      5                       1389315                                     437000000000.0000000000
     24      5                       1390873                                     437500000000.0000000000
    121      5                       1392166                                     438000000000.0000000000
    150      5                       1393625                                     438500000000.0000000000
     24      5                       1395041                                     439000000000.0000000000
    150      5                       1396673                                     439500000000.0000000000
    157      5                       1398331                                     440000000000.0000000000
     75      5                       1399877                                     440500000000.0000000000
     75      5                       1401264                                     441000000000.0000000000
    124      5                       1403015                                     441500000000.0000000000
     24      5                       1405175                                     442000000000.0000000000
    114      5                       1407186                                     442500000000.0000000000
    157      5                       1408537                                     443000000000.0000000000
     75      5                       1409950                                     443500000000.0000000000
     24      5                       1411743                                     444000000000.0000000000
    114      5                       1413332                                     444500000000.0000000000
    114      5                       1415216                                     445000000000.0000000000
    121      5                       1417298                                     445500000000.0000000000
    114      5                       1418620                                     446000000000.0000000000
     75      5                       1420199                                     446500000000.0000000000
     75      5                       1421991                                     447000000000.0000000000
    150      5                       1423379                                     447500000000.0000000000
     75      5                       1425206                                     448000000000.0000000000
    150      5                       1426707                                     448500000000.0000000000
    157      5                       1428274                                     449000000000.0000000000
     75      5                       1430095                                     449500000000.0000000000
    124      5                       1431425                                     450000000000.0000000000
     75      5                       1432946                                     450500000000.0000000000
     75      5                       1434507                                     451000000000.0000000000
     75      5                       1435897                                     451500000000.0000000000
     75      5                       1437889                                     452000000000.0000000000
     24      5                       1439257                                     452500000000.0000000000
    150      5                       1441065                                     453000000000.0000000000
    121      5                       1442990                                     453500000000.0000000000
     24      5                       1444734                                     454000000000.0000000000
     75      5                       1446409                                     454500000000.0000000000
     24      5                       1448029                                     455000000000.0000000000
     75      5                       1449455                                     455500000000.0000000000
     75      5                       1451243                                     456000000000.0000000000
     24      5                       1453552                                     456500000000.0000000000
     75      5                       1454502                                     457000000000.0000000000
    114      5                       1456434                                     457500000000.0000000000
    157      5                       1458452                                     458000000000.0000000000
    150      5                       1460164                                     458500000000.0000000000
     75      5                       1461448                                     459000000000.0000000000
     24      5                       1462789                                     459500000000.0000000000
    150      5                       1464839                                     460000000000.0000000000
     24      5                       1466548                                     460500000000.0000000000
    157      5                       1468174                                     461000000000.0000000000
     75      5                       1469947                                     461500000000.0000000000
    121      5                       1471761                                     462000000000.0000000000
    124      5                       1473698                                     462500000000.0000000000
    157      5                       1475349                                     463000000000.0000000000
    124      5                       1477582                                     463500000000.0000000000
    157      5                       1478713                                     464000000000.0000000000
     24      5                       1480565                                     464500000000.0000000000
     24      5                       1482106                                     465000000000.0000000000
     24      5                       1483618                                     465500000000.0000000000
    121      5                       1485365                                     466000000000.0000000000
     75      5                       1486551                                     466500000000.0000000000
    124      5                       1488155                                     467000000000.0000000000
     24      5                       1490177                                     467500000000.0000000000
     75      5                       1491497                                     468000000000.0000000000
     75      5                       1492911                                     468500000000.0000000000
    121      5                       1494537                                     469000000000.0000000000
    157      5                       1496453                                     469500000000.0000000000
     75      5                       1498120                                     470000000000.0000000000
    121      5                       1499915                                     470500000000.0000000000
    150      5                       1501312                                     471000000000.0000000000
    121      5                       1503104                                     471500000000.0000000000
     24      5                       1504872                                     472000000000.0000000000
    114      5                       1506703                                     472500000000.0000000000
    150      5                       1508554                                     473000000000.0000000000
    150      5                       1510108                                     473500000000.0000000000
    114      5                       1512035                                     474000000000.0000000000
    121      5                       1513718                                     474500000000.0000000000
    121      5                       1515329                                     475000000000.0000000000
    150      5                       1516650                                     475500000000.0000000000
    157      5                       1518289                                     476000000000.0000000000
    124      5                       1519630                                     476500000000.0000000000
    157      5                       1521294                                     477000000000.0000000000
     75      5                       1523315                                     477500000000.0000000000
    121      5                       1524581                                     478000000000.0000000000
    124      5                       1526400                                     478500000000.0000000000
    114      5                       1528236                                     479000000000.0000000000
     24      5                       1530418                                     479500000000.0000000000
    102      5                       1531930                                     480000000000.0000000000
     24      5                       1533512                                     480500000000.0000000000
    124      5                       1535325                                     481000000000.0000000000
     75      5                       1537703                                     481500000000.0000000000
     24      5                       1538850                                     482000000000.0000000000
     24      5                       1540992                                     482500000000.0000000000
    124      5                       1541752                                     483000000000.0000000000
    121      5                       1543403                                     483500000000.0000000000
    102      5                       1544713                                     484000000000.0000000000
    121      5                       1546413                                     484500000000.0000000000
    114      5                       1548349                                     485000000000.0000000000
    142      5                       1549841                                     485500000000.0000000000
    121      5                       1551594                                     486000000000.0000000000
    121      5                       1553665                                     486500000000.0000000000
    150      5                       1555037                                     487000000000.0000000000
    121      5                       1556912                                     487500000000.0000000000
    157      5                       1559181                                     488000000000.0000000000
     24      5                       1560374                                     488500000000.0000000000
    124      5                       1562351                                     489000000000.0000000000
    124      5                       1564100                                     489500000000.0000000000
    157      5                       1565766                                     490000000000.0000000000
     24      5                       1567500                                     490500000000.0000000000
     75      5                       1569069                                     491000000000.0000000000
    150      5                       1570748                                     491500000000.0000000000
    121      5                       1572610                                     492000000000.0000000000
    114      5                       1574462                                     492500000000.0000000000
    157      5                       1576259                                     493000000000.0000000000
    121      5                       1578135                                     493500000000.0000000000
    157      5                       1580346                                     494000000000.0000000000
    124      5                       1581731                                     494500000000.0000000000
    150      5                       1583361                                     495000000000.0000000000
    124      5                       1584876                                     495500000000.0000000000
    121      5                       1587230                                     496000000000.0000000000
     24      5                       1588171                                     496500000000.0000000000
    102      5                       1589635                                     497000000000.0000000000
     75      5                       1591194                                     497500000000.0000000000
    157      5                       1593144                                     498000000000.0000000000
    121      5                       1594689                                     498500000000.0000000000
    124      5                       1596484                                     499000000000.0000000000
     75      5                       1597950                                     499500000000.0000000000
    138      5                       1599455                                     500000000000.0000000000
    150      5                       1599455                                     500002028221.5711914599
