     32      4                             0                                                0.0000000000
     32      4                          1717                                        500000000.0000000000
     74      6                          2947                                      13000000000.0000000000
    193      4                          5003                                      55500000000.0000000000
     83      6                          5105                                      70500000000.0000000000
    166      2                         22486                                      75500000000.0000000000
    202      2                         57453                                      77500000000.0000000000
    168      2                         69863                                      81500000000.0000000000
    166      2                         87792                                      83000000000.0000000000
    202      2                        119082                                      85000000000.0000000000
     64      2                        150755                                      89000000000.0000000000
    166      2                        177884                                      92500000000.0000000000
     64      2                        181308                                      95500000000.0000000000
    202      2                        198099                                      96000000000.0000000000
    166      2                        223122                                      98000000000.0000000000
    130      2                        240793                                     101000000000.0000000000
    202      2                        259161                                     103000000000.0000000000
    166      2                        284817                                     105000000000.0000000000
     64      2                        291811                                     108000000000.0000000000
    119      2                        304527                                     109000000000.0000000000
     75      5                        306144                                     110500000000.0000000000
    121      5                        307907                                     111000000000.0000000000
    124      5                        309485                                     111500000000.0000000000
    124      5                        311274                                     112000000000.0000000000
    102      5                        313153                                     112500000000.0000000000
    124      5                        314876                                     113000000000.0000000000
    150      5                        316732                                     113500000000.0000000000
     75      5                        318204                                     114000000000.0000000000
     75      5                        320108                                     114500000000.0000000000
    114      5                        321784                                     115000000000.0000000000
    157      5                        323525                                     115500000000.0000000000
     24      5                        325197                                     116000000000.0000000000
     24      5                        327241                                     116500000000.0000000000
    121      5                        328993                                     117000000000.0000000000
    121      5                        330632                                     117500000000.0000000000
    114      5                        331705                                     118000000000.0000000000
    157      5                        333298                                     118500000000.0000000000
     24      5                        335219                                     119000000000.0000000000
    121      5                        337212                                     119500000000.0000000000
    157      5                        338741                                     120000000000.0000000000
    121      5                        340337                                     120500000000.0000000000
     75      5                        341887                                     121000000000.0000000000
    157      5                        343436                                     121500000000.0000000000
     24      5                        345024                                     122000000000.0000000000
    124      5                        346896                                     122500000000.0000000000
     75      5                        348426                                     123000000000.0000000000
     75      5                        350005                                     123500000000.0000000000
    150      5                        351916                                     124000000000.0000000000
    102      5                        353568                                     124500000000.0000000000
    114      5                        355862                                     125000000000.0000000000
     24      5                        357341                                     125500000000.0000000000
    157      5                        358953                                     126000000000.0000000000
     24      5                        360520                                     126500000000.0000000000
    157      5                        362032                                     127000000000.0000000000
     24      5                        363286                                     127500000000.0000000000
     24      5                        364680                                     128000000000.0000000000
    124      5                        366550                                     128500000000.0000000000
     75      5                        368441                                     129000000000.0000000000
    121      5                        370244                                     129500000000.0000000000
     24      5                        372349                                     130000000000.0000000000
    124      5                        373620                                     130500000000.0000000000
     24      5                        375237                                     131000000000.0000000000
    124      5                        376651                                     131500000000.0000000000
    121      5                        378356                                     132000000000.0000000000
    124      5                        380152                                     132500000000.0000000000
    121      5                        382238                                     133000000000.0000000000
    102      5                        383557                                     133500000000.0000000000
    114      5                        385505                                     134000000000.0000000000
    157      5                        387220                                     134500000000.0000000000
     75      5                        389110                                     135000000000.0000000000
     24      5                        391255                                     135500000000.0000000000
    124      5                        393008                                     136000000000.0000000000
    121      5                        394612                                     136500000000.0000000000
    124      5                        396624                                     137000000000.0000000000
    121      5                        398310                                     137500000000.0000000000
    124      5                        399943                                     138000000000.0000000000
    124      5                        402477                                     138500000000.0000000000
    157      5                        403772                                     139000000000.0000000000
    114      5                        405482                                     139500000000.0000000000
     75      5                        407209                                     140000000000.0000000000
     75      5                        409007                                     140500000000.0000000000
    157      5                        410557                                     141000000000.0000000000
     75      5                        412766                                     141500000000.0000000000
     24      5                        414628                                     142000000000.0000000000
    114      5                        416511                                     142500000000.0000000000
    124      5                        417771                                     143000000000.0000000000
    157      5                        419745                                     143500000000.0000000000
    124      5                        421587                                     144000000000.0000000000
     75      5                        423223                                     144500000000.0000000000
    114      5                        425242                                     145000000000.0000000000
    124      5                        426933                                     145500000000.0000000000
    157      5                        428615                                     146000000000.0000000000
    124      5                        431031                                     146500000000.0000000000
     24      5                        432375                                     147000000000.0000000000
    114      5                        434259                                     147500000000.0000000000
     75      5                        435794                                     148000000000.0000000000
    150      5                        437366                                     148500000000.0000000000
     75      5                        439025                                     149000000000.0000000000
     24      5                        440916                                     149500000000.0000000000
     24      5                        442838                                     150000000000.0000000000
     24      5                        444318                                     150500000000.0000000000
     24      5                        445863                                     151000000000.0000000000
     24      5                        447636                                     151500000000.0000000000
    124      5                        449417                                     152000000000.0000000000
    157      5                        450840                                     152500000000.0000000000
     75      5                        452848                                     153000000000.0000000000
    124      5                        454927                                     153500000000.0000000000
     24      5                        456066                                     154000000000.0000000000
     24      5                        457748                                     154500000000.0000000000
     75      5                        459444                                     155000000000.0000000000
     75      5                        460860                                     155500000000.0000000000
     75      5                        462499                                     156000000000.0000000000
     75      5                        464422                                     156500000000.0000000000
    121      5                        466141                                     157000000000.0000000000
     75      5                        467622                                     157500000000.0000000000
    124      5                        469085                                     158000000000.0000000000
     75      5                        470675                                     158500000000.0000000000
    157      5                        472365                                     159000000000.0000000000
     24      5                        474217                                     159500000000.0000000000
    114      5                        475855                                     160000000000.0000000000
    124      5                        477656                                     160500000000.0000000000
     75      5                        479250                                     161000000000.0000000000
    121      5                        481014                                     161500000000.0000000000
    124      5                        482624                                     162000000000.0000000000
    157      5                        485009                                     162500000000.0000000000
     75      5                        486067                                     163000000000.0000000000
    114      5                        487575                                     163500000000.0000000000
     24      5                        489379                                     164000000000.0000000000
     75      5                        491037                                     164500000000.0000000000
     75      5                        492975                                     165000000000.0000000000
    121      5                        494419                                     165500000000.0000000000
     24      5                        496147                                     166000000000.0000000000
    124      5                        497975                                     166500000000.0000000000
    114      5                        499972                                     167000000000.0000000000
    124      5                        501722                                     167500000000.0000000000
    150      5                        503570                                     168000000000.0000000000
    114      5                        505304                                     168500000000.0000000000
    124      5                        507414                                     169000000000.0000000000
    124      5                        509189                                     169500000000.0000000000
     75      5                        510984                                     170000000000.0000000000
    121      5                        512665                                     170500000000.0000000000
    121      5                        514527                                     171000000000.0000000000
    157      5                        516077                                     171500000000.0000000000
     75      5                        517623                                     172000000000.0000000000
    121      5                        519567                                     172500000000.0000000000
    114      5                        521306                                     173000000000.0000000000
    157      5                        523186                                     173500000000.0000000000
    121      5                        524586                                     174000000000.0000000000
     24      5                        526158                                     174500000000.0000000000
     75      5                        527946                                     175000000000.0000000000
    114      5                        529817                                     175500000000.0000000000
     75      5                        531791                                     176000000000.0000000000
    121      5                        533270                                     176500000000.0000000000
    124      5                        534772                                     177000000000.0000000000
    124      5                        536145                                     177500000000.0000000000
     75      5                        538186                                     178000000000.0000000000
    124      5                        539540                                     178500000000.0000000000
    157      5                        541355                                     179000000000.0000000000
    121      5                        543129                                     179500000000.0000000000
     75      5                        544355                                     180000000000.0000000000
    150      5                        545807                                     180500000000.0000000000
    102      5                        547630                                     181000000000.0000000000
    157      5                        549062                                     181500000000.0000000000
    121      5                        550922                                     182000000000.0000000000
     24      5                        552839                                     182500000000.0000000000
    121      5                        554163                                     183000000000.0000000000
     24      5                        555526                                     183500000000.0000000000
    157      5                        557270                                     184000000000.0000000000
    157      5                        558886                                     184500000000.0000000000
    150      5                        560580                                     185000000000.0000000000
     75      5                        562638                                     185500000000.0000000000
    114      5                        564852                                     186000000000.0000000000
    124      5                        565881                                     186500000000.0000000000
    114      5                        567717                                     187000000000.0000000000
    121      5                        568903                                     187500000000.0000000000
     24      5                        570996                                     188000000000.0000000000
     75      5                        572985                                     188500000000.0000000000
     75      5                        574582                                     189000000000.0000000000
    121      5                        576186                                     189500000000.0000000000
    157      5                        577612                                     190000000000.0000000000
    121      5                        579412                                     190500000000.0000000000
    124      5                        581452                                     191000000000.0000000000
     24      5                        583223                                     191500000000.0000000000
    157      5                        584751                                     192000000000.0000000000
    124      5                        586677                                     192500000000.0000000000
    114      5                        588401                                     193000000000.0000000000
    121      5                        590214                                     193500000000.0000000000
    121      5                        591637                                     194000000000.0000000000
    157      5                        593045                                     194500000000.0000000000
    114      5                        595234                                     195000000000.0000000000
    150      5                        597296                                     195500000000.0000000000
     75      5                        598717                                     196000000000.0000000000
    114      5                        600429                                     196500000000.0000000000
    121      5                        601985                                     197000000000.0000000000
    124      5                        603709                                     197500000000.0000000000
     75      5                        605264                                     198000000000.0000000000
    114      5                        606681                                     198500000000.0000000000
    124      5                        609088                                     199000000000.0000000000
    114      5                        610527                                     199500000000.0000000000
    124      5                        612459                                     200000000000.0000000000
    121      5                        614619                                     200500000000.0000000000
     24      5                        616037                                     201000000000.0000000000
    157      5                        618244                                     201500000000.0000000000
     75      5                        619368                                     202000000000.0000000000
    121      5                        621210                                     202500000000.0000000000
    121      5                        623156                                     203000000000.0000000000
     24      5                        625459                                     203500000000.0000000000
    124      5                        627326                                     204000000000.0000000000
     24      5                        629097                                     204500000000.0000000000
    121      5                        630564                                     205000000000.0000000000
    121      5                        632395                                     205500000000.0000000000
    157      5                        634072                                     206000000000.0000000000
     75      5                        635932                                     206500000000.0000000000
     24      5                        637834                                     207000000000.0000000000
     75      5                        639449                                     207500000000.0000000000
    121      5                        641014                                     208000000000.0000000000
     75      5                        642558                                     208500000000.0000000000
     24      5                        644247                                     209000000000.0000000000
    124      5                        645894                                     209500000000.0000000000
    157      5                        647559                                     210000000000.0000000000
     75      5                        649647                                     210500000000.0000000000
    124      5                        651158                                     211000000000.0000000000
     75      5                        652612                                     211500000000.0000000000
    124      5                        654772                                     212000000000.0000000000
     24      5                        656690                                     212500000000.0000000000
    150      5                        658677                                     213000000000.0000000000
    157      5                        660583                                     213500000000.0000000000
    124      5                        662626                                     214000000000.0000000000
    157      5                        664300                                     214500000000.0000000000
     24      5                        665928                                     215000000000.0000000000
     75      5                        667849                                     215500000000.0000000000
     24      5                        669650                                     216000000000.0000000000
     24      5                        671643                                     216500000000.0000000000
    157      5                        673193                                     217000000000.0000000000
    121      5                        674663                                     217500000000.0000000000
    124      5                        676415                                     218000000000.0000000000
     75      5                        677747                                     218500000000.0000000000
    150      5                        679375                                     219000000000.0000000000
     75      5                        681172                                     219500000000.0000000000
    102      5                        683527                                     220000000000.0000000000
     24      5                        684555                                     220500000000.0000000000
     75      5                        686304                                     221000000000.0000000000
     24      5                        688441                                     221500000000.0000000000
    124      5                        690006                                     222000000000.0000000000
    157      5                        691851                                     222500000000.0000000000
    114      5                        693579                                     223000000000.0000000000
    150      5                        695391                                     223500000000.0000000000
     75      5                        697611                                     224000000000.0000000000
    102      5                        699332                                     224500000000.0000000000
    124      5                        700720                                     225000000000.0000000000
    157      5                        702253                                     225500000000.0000000000
    157      5                        703832                                     226000000000.0000000000
     75      5                        705553                                     226500000000.0000000000
     24      5                        707647                                     227000000000.0000000000
    157      5                        709387                                     227500000000.0000000000
    150      5                        711167                                     228000000000.0000000000
     24      5                        712870                                     228500000000.0000000000
    114      5                        713983                                     229000000000.0000000000
    124      5                        716035                                     229500000000.0000000000
    102      5                        718024                                     230000000000.0000000000
    150      5                        719811                                     230500000000.0000000000
    124      5                        721377                                     231000000000.0000000000
    150      5                        723201                                     231500000000.0000000000
    157      5                        725411                                     232000000000.0000000000
    121      5                        726934                                     232500000000.0000000000
    150      5                        728545                                     233000000000.0000000000
    124      5                        730478                                     233500000000.0000000000
    124      5                        732240                                     234000000000.0000000000
     24      5                        733850                                     234500000000.0000000000
    121      5                        735311                                     235000000000.0000000000
     24      5                        736914                                     235500000000.0000000000
    124      5                        738477                                     236000000000.0000000000
    114      5                        739990                                     236500000000.0000000000
    121      5                        741764                                     237000000000.0000000000
     75      5                        743478                                     237500000000.0000000000
     75      5                        745040                                     238000000000.0000000000
     24      5                        746815                                     238500000000.0000000000
    114      5                        748418                                     239000000000.0000000000
    124      5                        750395                                     239500000000.0000000000
     24      5                        751884                                     240000000000.0000000000
    124      5                        753429                                     240500000000.0000000000
    124      5                        755611                                     241000000000.0000000000
    102      5                        757255                                     241500000000.0000000000
    121      5                        758590                                     242000000000.0000000000
    124      5                        760543                                     242500000000.0000000000
    157      5                        762122                                     243000000000.0000000000
    114      5                        763805                                     243500000000.0000000000
     75      5                        764956                                     244000000000.0000000000
    114      5                        766933                                     244500000000.0000000000
    124      5                        768801                                     245000000000.0000000000
    124      5                        770701                                     245500000000.0000000000
    102      5                        772695                                     246000000000.0000000000
     24      5                        774705                                     246500000000.0000000000
    130      2                        785735                                     247000000000.0000000000
    166      2                        879363                                     248500000000.0000000000
    166      2                        925681                                     259000000000.0000000000
    168      2                        928936                                     264500000000.0000000000
     64      2                        973471                                     265000000000.0000000000
    166      2                       1002434                                     270000000000.0000000000
    169      2                       1021041                                     273500000000.0000000000
    202      2                       1025372                                     275500000000.0000000000
    202      2                       1045580                                     276000000000.0000000000
    166      2                       1050611                                     278500000000.0000000000
    166      2                       1113528                                     279000000000.0000000000
    130      2                       1132823                                     286000000000.0000000000
     64      2                       1144548                                     288500000000.0000000000
    166      2                       1159491                                     290000000000.0000000000
     64      2                       1171437                                     291500000000.0000000000
    166      2                       1191406                                     293000000000.0000000000
     64      2                       1204922                                     295000000000.0000000000
     64      2                       1235196                                     296500000000.0000000000
    202      2                       1259742                                     300500000000.0000000000
    166      2                       1275789                                     303000000000.0000000000
    166      2                       1289889                                     305000000000.0000000000
    169      2                       1292191                                     306500000000.0000000000
    168      2                       1299521                                     307000000000.0000000000
    166      2                       1356092                                     307500000000.0000000000
    166      2                       1382526                                     314000000000.0000000000
    202      2                       1415322                                     317000000000.0000000000
     90      2                       1430346                                     321000000000.0000000000
    166      2                       1445655                                     323000000000.0000000000
    202      2                       1470293                                     324500000000.0000000000
    168      2                       1483770                                     327500000000.0000000000
    166      2                       1508599                                     329000000000.0000000000
     64      2                       1513184                                     332000000000.0000000000
    168      2                       1545235                                     332500000000.0000000000
    202      2                       1570882                                     336000000000.0000000000
    202      2                       1610891                                     339000000000.0000000000
    202      2                       1637173                                     343500000000.0000000000
    130      2                       1649982                                     346500000000.0000000000
    169      2                       1653010                                     348000000000.0000000000
     78      2                       1656953                                     348500000000.0000000000
    166      2                       1676970                                     349000000000.0000000000
     64      2                       1695515                                     351500000000.0000000000
     64      2                       1708595                                     353500000000.0000000000
    166      2                       1756924                                     355000000000.0000000000
     64      2                       1791186                                     360500000000.0000000000
    130      2                       1797762                                     364500000000.0000000000
    202      2                       1818755                                     365500000000.0000000000
    130      2                       1825964                                     367500000000.0000000000
    166      2                       1843482                                     368500000000.0000000000
    202      2                       1869489                                     370500000000.0000000000
    202      2                       1972030                                     373500000000.0000000000
    130      2                       1980474                                     385500000000.0000000000
    166      2                       1992447                                     386500000000.0000000000
    202      2                       2030235                                     388000000000.0000000000
    169      2                       2048028                                     392000000000.0000000000
     64      2                       2061259                                     394500000000.0000000000
    202      2                       2083880                                     396000000000.0000000000
    202      2                       2109006                                     398500000000.0000000000
    166      2                       2137590                                     401500000000.0000000000
    202      2                       2179624                                     404500000000.0000000000
     64      2                       2187994                                     409500000000.0000000000
     90      2                       2193634                                     410500000000.0000000000
    202      2                       2223662                                     411000000000.0000000000
     64      2                       2226151                                     414500000000.0000000000
    202      2                       2280117                                     415000000000.0000000000
    130      2                       2295084                                     421000000000.0000000000
    202      2                       2301729                                     423000000000.0000000000
     64      2                       2328783                                     423500000000.0000000000
    130      2                       2336582                                     427000000000.0000000000
    166      2                       2338501                                     427500000000.0000000000
    130      2                       2343082                                     428000000000.0000000000
    166      2                       2364304                                     428500000000.0000000000
     50      2                       2370792                                     431000000000.0000000000
     64      2                       2375710                                     431500000000.0000000000
    202      2                       2408431                                     432000000000.0000000000
     64      2                       2435783                                     436000000000.0000000000
    119      2                       2439767                                     439000000000.0000000000
    168      2                       2445301                                     439500000000.0000000000
    202      2                       2463815                                     440000000000.0000000000
     84      2                       2480456                                     442500000000.0000000000
    183      1                       2492866                                     444500000000.0000000000
     79      7                       2492871                                     479000000000.0000000000
    123      7                       2492880                                     493500000000.0000000000
     79      7                       2492880                                     508171794424.0254911780
