    138      5                             0                                                0.0000000000
    150      5                          1932                                        500000000.0000000000
    102      5                          3816                                       1000000000.0000000000
     24      5                          4915                                       1500000000.0000000000
    102      5                          6508                                       2000000000.0000000000
     75      5                          7985                                       2500000000.0000000000
    186      3                          8256                                       3000000000.0000000000
    177      0                          8773                                      24000000000.0000000000
    177      0                          9340                                      48000000000.0000000000
    177      0                          9857                                      74500000000.0000000000
    177      0                         10255                                     100500000000.0000000000
    177      0                         10524                                     118000000000.0000000000
    186      3                         10531                                     131500000000.0000000000
    177      0                         10665                                     150500000000.0000000000
    177      0                         10832                                     157000000000.0000000000
    186      3                         10836                                     163500000000.0000000000
    177      0                         11831                                     175000000000.0000000000
    177      0                         12145                                     221500000000.0000000000
    177      0                         12859                                     234500000000.0000000000
    120      3                         12863                                     268500000000.0000000000
    177      0                         13150                                     271000000000.0000000000
     96      0                         14191                                     283000000000.0000000000
    177      0                         14594                                     329000000000.0000000000
    120      3                         14605                                     345000000000.0000000000
    141      0                         14791                                     379500000000.0000000000
     64      2                         31256                                     388000000000.0000000000
    202      2                         54640                                     390000000000.0000000000
     64      2                         85628                                     392500000000.0000000000
     64      2                        115522                                     396000000000.0000000000
    202      2                        166546                                     399500000000.0000000000
    202      2                        191996                                     405500000000.0000000000
     64      2                        206699                                     408500000000.0000000000
     64      2                        233174                                     410000000000.0000000000
    169      2                        243736                                     413000000000.0000000000
    166      2                        254418                                     414000000000.0000000000
    166      2                        290199                                     415500000000.0000000000
    130      2                        295674                                     419500000000.0000000000
    130      2                        305690                                     420500000000.0000000000
    202      2                        328478                                     421500000000.0000000000
    157      5                        329293                                     424000000000.0000000000
     24      5                        330904                                     424500000000.0000000000
     75      5                        332561                                     425000000000.0000000000
    124      5                        334249                                     425500000000.0000000000
    150      5                        336408                                     426000000000.0000000000
    121      5                        338049                                     426500000000.0000000000
    102      5                        340050                                     427000000000.0000000000
    114      5                        341878                                     427500000000.0000000000
    124      5                        343611                                     428000000000.0000000000
    102      5                        345462                                     428500000000.0000000000
    157      5                        347354                                     429000000000.0000000000
    157      5                        348886                                     429500000000.0000000000
     75      5                        350906                                     430000000000.0000000000
    121      5                        352589                                     430500000000.0000000000
    124      5                        354131                                     431000000000.0000000000
    124      5                        355632                                     431500000000.0000000000
    102      5                        357407                                     432000000000.0000000000
    114      5                        358859                                     432500000000.0000000000
    124      5                        360703                                     433000000000.0000000000
    121      5                        362341                                     433500000000.0000000000
     75      5                        364536                                     434000000000.0000000000
     75      5                        365942                                     434500000000.0000000000
     24      5                        367642                                     435000000000.0000000000
    157      5                        369557                                     435500000000.0000000000
    121      5                        371047                                     436000000000.0000000000
    102      5                        372745                                     436500000000.0000000000
     24      5                        375214                                     437000000000.0000000000
     75      5                        376450                                     437500000000.0000000000
    102      5                        377887                                     438000000000.0000000000
     24      5                        380053                                     438500000000.0000000000
    150      5                        381664                                     439000000000.0000000000
    114      5                        383664                                     439500000000.0000000000
    102      5                        385257                                     440000000000.0000000000
     75      5                        387695                                     440500000000.0000000000
    121      5                        389175                                     441000000000.0000000000
     75      5                        390881                                     441500000000.0000000000
    124      5                        392243                                     442000000000.0000000000
    114      5                        393702                                     442500000000.0000000000
    150      5                        395734                                     443000000000.0000000000
    121      5                        397365                                     443500000000.0000000000
     24      5                        398567                                     444000000000.0000000000
     24      5                        400519                                     444500000000.0000000000
    150      5                        402539                                     445000000000.0000000000
    114      5                        404315                                     445500000000.0000000000
     24      5                        406275                                     446000000000.0000000000
    157      5                        407725                                     446500000000.0000000000
    157      5                        409802                                     447000000000.0000000000
    150      5                        411152                                     447500000000.0000000000
     24      5                        412565                                     448000000000.0000000000
    157      5                        414311                                     448500000000.0000000000
    121      5                        416251                                     449000000000.0000000000
     75      5                        418275                                     449500000000.0000000000
    124      5                        419981                                     450000000000.0000000000
     75      5                        421668                                     450500000000.0000000000
    124      5                        423541                                     451000000000.0000000000
    124      5                        424695                                     451500000000.0000000000
    102      5                        426973                                     452000000000.0000000000
    157      5                        428210                                     452500000000.0000000000
     24      5                        429829                                     453000000000.0000000000
     75      5                        431252                                     453500000000.0000000000
    157      5                        432489                                     454000000000.0000000000
     75      5                        434440                                     454500000000.0000000000
    121      5                        436299                                     455000000000.0000000000
     75      5                        437561                                     455500000000.0000000000
    114      5                        439375                                     456000000000.0000000000
     24      5                        441004                                     456500000000.0000000000
    124      5                        442637                                     457000000000.0000000000
    157      5                        444669                                     457500000000.0000000000
    124      5                        446360                                     458000000000.0000000000
     24      5                        448290                                     458500000000.0000000000
     24      5                        450214                                     459000000000.0000000000
    102      5                        451908                                     459500000000.0000000000
    114      5                        453726                                     460000000000.0000000000
     75      5                        455634                                     460500000000.0000000000
    124      5                        457014                                     461000000000.0000000000
    121      5                        459116                                     461500000000.0000000000
    114      5                        459935                                     462000000000.0000000000
    124      5                        461221                                     462500000000.0000000000
    124      5                        463370                                     463000000000.0000000000
    102      5                        464852                                     463500000000.0000000000
    124      5                        466886                                     464000000000.0000000000
    124      5                        469306                                     464500000000.0000000000
     75      5                        471102                                     465000000000.0000000000
    121      5                        471917                                     465500000000.0000000000
     75      5                        474126                                     466000000000.0000000000
     75      5                        475865                                     466500000000.0000000000
    157      5                        478411                                     467000000000.0000000000
    124      5                        480083                                     467500000000.0000000000
    124      5                        482008                                     468000000000.0000000000
    124      5                        483556                                     468500000000.0000000000
    157      5                        485098                                     469000000000.0000000000
    150      5                        486998                                     469500000000.0000000000
    114      5                        488963                                     470000000000.0000000000
    150      5                        490455                                     470500000000.0000000000
    157      5                        492497                                     471000000000.0000000000
     24      5                        494382                                     471500000000.0000000000
    124      5                        495853                                     472000000000.0000000000
    124      5                        497334                                     472500000000.0000000000
     24      5                        499416                                     473000000000.0000000000
    157      5                        501179                                     473500000000.0000000000
     75      5                        503135                                     474000000000.0000000000
     75      5                        505037                                     474500000000.0000000000
    157      5                        506791                                     475000000000.0000000000
    121      5                        508422                                     475500000000.0000000000
    102      5                        509831                                     476000000000.0000000000
    102      5                        511391                                     476500000000.0000000000
     24      5                        512949                                     477000000000.0000000000
    157      5                        514709                                     477500000000.0000000000
     75      5                        516184                                     478000000000.0000000000
     75      5                        517865                                     478500000000.0000000000
    124      5                        519459                                     479000000000.0000000000
    157      5                        521095                                     479500000000.0000000000
     24      5                        522899                                     480000000000.0000000000
    114      5                        524020                                     480500000000.0000000000
    102      5                        525624                                     481000000000.0000000000
    114      5                        527474                                     481500000000.0000000000
    150      5                        528948                                     482000000000.0000000000
    124      5                        530514                                     482500000000.0000000000
    124      5                        531975                                     483000000000.0000000000
    124      5                        533820                                     483500000000.0000000000
    150      5                        535408                                     484000000000.0000000000
    150      5                        536965                                     484500000000.0000000000
     75      5                        539060                                     485000000000.0000000000
    157      5                        540090                                     485500000000.0000000000
    124      5                        541628                                     486000000000.0000000000
    157      5                        543054                                     486500000000.0000000000
    157      5                        544911                                     487000000000.0000000000
     75      5                        547050                                     487500000000.0000000000
    102      5                        548494                                     488000000000.0000000000
    157      5                        550406                                     488500000000.0000000000
    124      5                        552275                                     489000000000.0000000000
    121      5                        553581                                     489500000000.0000000000
     24      5                        555592                                     490000000000.0000000000
    121      5                        557275                                     490500000000.0000000000
    157      5                        559019                                     491000000000.0000000000
     24      5                        560339                                     491500000000.0000000000
    124      5                        561559                                     492000000000.0000000000
     24      5                        563539                                     492500000000.0000000000
    121      5                        565277                                     493000000000.0000000000
     75      5                        567209                                     493500000000.0000000000
    121      5                        569260                                     494000000000.0000000000
     75      5                        571175                                     494500000000.0000000000
    102      5                        572948                                     495000000000.0000000000
     24      5                        574328                                     495500000000.0000000000
    121      5                        575984                                     496000000000.0000000000
    114      5                        577751                                     496500000000.0000000000
     75      5                        579729                                     497000000000.0000000000
    114      5                        581536                                     497500000000.0000000000
    150      5                        583597                                     498000000000.0000000000
    157      5                        585056                                     498500000000.0000000000
     24      5                        587023                                     499000000000.0000000000
    121      5                        588353                                     499500000000.0000000000
    138      5                        590229                                     500000000000.0000000000
    150      5                        590229                                     500005522398.8261841238
