    742      1                             0                                                0.0000000000
    742      1                     545638352                                        500000000.0000000000
    368      8                     547424512                                      56500000000.0000000000
    609      8                     551498565                                      57000000000.0000000000
    547      8                     553658976                                      58000000000.0000000000
    609      8                     555181419                                      58500000000.0000000000
    547      8                     559038977                                      59000000000.0000000000
    368      8                     562393422                                      60000000000.0000000000
    609      8                     564460800                                      60500000000.0000000000
    609      8                     568702119                                      61500000000.0000000000
    803      8                     572885954                                      62500000000.0000000000
    803      8                     578707923                                      63500000000.0000000000
    547      8                     580474881                                      65000000000.0000000000
    803      8                     583301361                                      65500000000.0000000000
    609      8                     583676176                                      66000000000.0000000000
    547      8                     585570783                                      66500000000.0000000000
    547      8                     589053784                                      67000000000.0000000000
    609      8                     589380353                                      67500000000.0000000000
    547      8                     592130037                                      68000000000.0000000000
    609      8                     595038024                                      68500000000.0000000000
    609      8                     595767924                                      69000000000.0000000000
    609      8                     601190833                                      69500000000.0000000000
    803      8                     605117254                                      71000000000.0000000000
    609      8                     607917827                                      72000000000.0000000000
    547      8                     609336922                                      72500000000.0000000000
    547      8                     614000708                                      73000000000.0000000000
    547      8                     617280087                                      74000000000.0000000000
    609      8                     618608985                                      75000000000.0000000000
    126      8                     620188370                                      75500000000.0000000000
    368      8                     623635585                                      76000000000.0000000000
    803      8                     625787887                                      76500000000.0000000000
    547      8                     627338368                                      77000000000.0000000000
    803      8                     630126273                                      77500000000.0000000000
    547      8                     632285205                                      78500000000.0000000000
    609      8                     634733536                                      79000000000.0000000000
    547      8                     639126203                                      79500000000.0000000000
    609      8                     639658922                                      80500000000.0000000000
    547      8                     643228326                                      81000000000.0000000000
    547      8                     643293513                                      81500000000.0000000000
    547      8                     646692108                                      82000000000.0000000000
    609      8                     647961575                                      82500000000.0000000000
    803      8                     651698760                                      83000000000.0000000000
    547      8                     653014331                                      84000000000.0000000000
    547      8                     655987568                                      84500000000.0000000000
    609      8                     657017173                                      85000000000.0000000000
    547      8                     658928974                                      85500000000.0000000000
    803      8                     661701514                                      86000000000.0000000000
    609      8                     663054644                                      86500000000.0000000000
    803      8                     664734077                                      87000000000.0000000000
    547      8                     666354912                                      87500000000.0000000000
    609      8                     671170015                                      88000000000.0000000000
    126      8                     672712701                                      89000000000.0000000000
    609      8                     678094550                                      89500000000.0000000000
    609      8                     680376680                                      91000000000.0000000000
    609      8                     684053719                                      91500000000.0000000000
    547      8                     691845023                                      92500000000.0000000000
    609      8                     693978878                                      94500000000.0000000000
    609      8                     695889537                                      95000000000.0000000000
    609      8                     697374788                                      95500000000.0000000000
    547      8                     700413200                                      96000000000.0000000000
    547      8                     701752395                                      96500000000.0000000000
    547      8                     704300513                                      97000000000.0000000000
    803      8                     704987940                                      97500000000.0000000000
    609      8                     707487955                                      98000000000.0000000000
    609      8                     711959235                                      98500000000.0000000000
    547      8                     714175839                                      99500000000.0000000000
    803      8                     716525340                                     100000000000.0000000000
    547      8                     719107807                                     101000000000.0000000000
    609      8                     722495691                                     101500000000.0000000000
    547      8                     724292777                                     102500000000.0000000000
    547      8                     726679907                                     103000000000.0000000000
    547      8                     728382250                                     103500000000.0000000000
    609      8                     732128492                                     104000000000.0000000000
    547      8                     737647683                                     105000000000.0000000000
    609      8                     741895343                                     106500000000.0000000000
    609      8                     743383857                                     107500000000.0000000000
    368      8                     749588508                                     108000000000.0000000000
    609      8                     751003804                                     109500000000.0000000000
    368      8                     752906217                                     110000000000.0000000000
    609      8                     755799160                                     110500000000.0000000000
    609      8                     757015112                                     111000000000.0000000000
    547      8                     758678034                                     111500000000.0000000000
    547      8                     760932913                                     112000000000.0000000000
    542      8                     763618657                                     112500000000.0000000000
    547      8                     766649094                                     113000000000.0000000000
    547      8                     771597539                                     114000000000.0000000000
    803      8                     776104894                                     115000000000.0000000000
    368      8                     783798437                                     116500000000.0000000000
    547      8                     787927316                                     118500000000.0000000000
    547      8                     794268139                                     119500000000.0000000000
    609      8                     796155450                                     121000000000.0000000000
    609      8                     797938732                                     121500000000.0000000000
    547      8                     800335493                                     122000000000.0000000000
    547      8                     801857325                                     122500000000.0000000000
    609      8                     804271163                                     123000000000.0000000000
    803      8                     807424405                                     123500000000.0000000000
    609      8                     810652071                                     124500000000.0000000000
    803      8                     812568652                                     125500000000.0000000000
    368      8                     816822786                                     126000000000.0000000000
    803      8                     818438055                                     127000000000.0000000000
    609      8                     820581074                                     127500000000.0000000000
    547      8                     822857864                                     128000000000.0000000000
    547      8                     826389006                                     128500000000.0000000000
    609      8                     831144995                                     129500000000.0000000000
    368      8                     832255615                                     130500000000.0000000000
    126      8                     834996577                                     131000000000.0000000000
    609      8                     835906042                                     131500000000.0000000000
    126      8                     839913146                                     132000000000.0000000000
    368      8                     842000006                                     133000000000.0000000000
    609      8                     844247184                                     133500000000.0000000000
    368      8                     847505777                                     134000000000.0000000000
    547      8                     849267554                                     135000000000.0000000000
    609      8                     852129532                                     135500000000.0000000000
    609      8                     852920540                                     136000000000.0000000000
    547      8                     855741883                                     136500000000.0000000000
    547      8                     857995952                                     137000000000.0000000000
    609      8                     860463145                                     137500000000.0000000000
    869      1                    1561091980                                     138000000000.0000000000
    803      8                    1564770480                                     210500000000.0000000000
    609      8                    1567573243                                     211500000000.0000000000
    803      8                    1570589155                                     212000000000.0000000000
    547      8                    1572679652                                     213000000000.0000000000
    126      8                    1574573656                                     213500000000.0000000000
    609      8                    1577379904                                     214000000000.0000000000
    609      8                    1578452291                                     214500000000.0000000000
    803      8                    1580904610                                     215000000000.0000000000
    542      8                    1582272219                                     215500000000.0000000000
    803      8                    1586187486                                     216000000000.0000000000
    547      8                    1590951477                                     217000000000.0000000000
    803      8                    1593038236                                     218000000000.0000000000
    547      8                    1596459481                                     218500000000.0000000000
    547      8                    1598031556                                     219500000000.0000000000
    609      8                    1599771013                                     220000000000.0000000000
    609      8                    1601530047                                     220500000000.0000000000
    803      8                    1603347787                                     221000000000.0000000000
    547      8                    1605255927                                     221500000000.0000000000
    803      8                    1613086131                                     222000000000.0000000000
    547      8                    1624170686                                     224000000000.0000000000
    803      8                    1628193758                                     226500000000.0000000000
    803      8                    1629867668                                     227500000000.0000000000
    609      8                    1630798305                                     228000000000.0000000000
    609      8                    1632603327                                     228500000000.0000000000
    547      8                    1634293707                                     229000000000.0000000000
    547      8                    1636626248                                     229500000000.0000000000
    609      8                    1638327021                                     230000000000.0000000000
    547      8                    1640335321                                     230500000000.0000000000
    609      8                    1641874023                                     231000000000.0000000000
    547      8                    1643820118                                     231500000000.0000000000
    547      8                    1645598353                                     232000000000.0000000000
    609      8                    1649313554                                     232500000000.0000000000
    803      8                    1650627112                                     233000000000.0000000000
    547      8                    1652807178                                     233500000000.0000000000
    609      8                    1654739514                                     234000000000.0000000000
    547      8                    1656202850                                     234500000000.0000000000
    609      8                    1659714360                                     235000000000.0000000000
    126      8                    1661540540                                     236000000000.0000000000
    547      8                    1663058434                                     236500000000.0000000000
    368      8                    1665106742                                     237000000000.0000000000
    803      8                    1668069525                                     237500000000.0000000000
    609      8                    1669491452                                     238000000000.0000000000
    803      8                    1674152603                                     238500000000.0000000000
    126      8                    1674612037                                     239500000000.0000000000
    609      8                    1677550970                                     240000000000.0000000000
    609      8                    1680361282                                     240500000000.0000000000
    609      8                    1682631596                                     241500000000.0000000000
    547      8                    1687809221                                     242000000000.0000000000
    609      8                    1688233430                                     243000000000.0000000000
    609      8                    1690930430                                     243500000000.0000000000
    547      8                    1693322475                                     244000000000.0000000000
    547      8                    1694291183                                     244500000000.0000000000
    547      8                    1696878911                                     245000000000.0000000000
    609      8                    1698033136                                     245500000000.0000000000
    547      8                    1700348780                                     246000000000.0000000000
    547      8                    1703064628                                     246500000000.0000000000
    547      8                    1703985550                                     247000000000.0000000000
    547      8                    1706033208                                     247500000000.0000000000
    547      8                    1709249315                                     248000000000.0000000000
    547      8                    1712997679                                     249000000000.0000000000
    547      8                    1715273367                                     250000000000.0000000000
    368      8                    1718206464                                     250500000000.0000000000
    609      8                    1720400198                                     251000000000.0000000000
    547      8                    1722279494                                     251500000000.0000000000
    547      8                    1722674137                                     252000000000.0000000000
    368      8                    1724815701                                     252500000000.0000000000
    609      8                    1726588501                                     253000000000.0000000000
    547      8                    1728734632                                     253500000000.0000000000
    609      8                    1731168375                                     254000000000.0000000000
    547      8                    1734837447                                     254500000000.0000000000
    609      8                    1736124701                                     255500000000.0000000000
    547      8                    1739281774                                     256000000000.0000000000
    547      8                    1740149625                                     256500000000.0000000000
    869      1                    2668898045                                     257000000000.0000000000
    803      8                    2669597238                                     352500000000.0000000000
    609      8                    2672050064                                     353000000000.0000000000
    547      8                    2674322525                                     353500000000.0000000000
    803      8                    2675364529                                     354000000000.0000000000
    547      8                    2678235733                                     354500000000.0000000000
    368      8                    2679251682                                     355000000000.0000000000
    547      8                    2681128003                                     355500000000.0000000000
    368      8                    2683175975                                     356000000000.0000000000
    609      8                    2685110209                                     356500000000.0000000000
    609      8                    2687349369                                     357000000000.0000000000
    547      8                    2694583523                                     357500000000.0000000000
    609      8                    2696456900                                     359500000000.0000000000
    803      8                    2699924844                                     360000000000.0000000000
    609      8                    2700724305                                     360500000000.0000000000
    803      8                    2706131798                                     361000000000.0000000000
    542      8                    2708231166                                     362500000000.0000000000
    547      8                    2709937291                                     363000000000.0000000000
    803      8                    2712848377                                     363500000000.0000000000
    609      8                    2717170699                                     364000000000.0000000000
    609      8                    2718770212                                     365000000000.0000000000
    547      8                    2722092757                                     365500000000.0000000000
    547      8                    2723542828                                     366500000000.0000000000
    368      8                    2726652965                                     367000000000.0000000000
    547      8                    2728973748                                     367500000000.0000000000
    803      8                    2732075675                                     368000000000.0000000000
    609      8                    2734416839                                     369000000000.0000000000
    547      8                    2734995484                                     369500000000.0000000000
    547      8                    2737747160                                     370000000000.0000000000
    609      8                    2741914557                                     370500000000.0000000000
    547      8                    2744445914                                     371500000000.0000000000
    609      8                    2747292896                                     372000000000.0000000000
    609      8                    2750677515                                     373000000000.0000000000
    803      8                    2752455395                                     374000000000.0000000000
    547      8                    2755387686                                     374500000000.0000000000
    547      8                    2756403904                                     375000000000.0000000000
    609      8                    2758499424                                     375500000000.0000000000
    803      8                    2760303218                                     376000000000.0000000000
    547      8                    2762671959                                     376500000000.0000000000
    803      8                    2765105215                                     377000000000.0000000000
    609      8                    2765914768                                     377500000000.0000000000
    609      8                    2769816738                                     378000000000.0000000000
    547      8                    2771998773                                     379000000000.0000000000
    547      8                    2774269043                                     379500000000.0000000000
    609      8                    2777532923                                     380000000000.0000000000
    368      8                    2780020632                                     381000000000.0000000000
    368      8                    2783655399                                     381500000000.0000000000
    609      8                    2786438020                                     382500000000.0000000000
    368      8                    2788356495                                     383000000000.0000000000
    547      8                    2789484528                                     383500000000.0000000000
    163      8                    2792612877                                     384000000000.0000000000
    547      8                    2793272004                                     384500000000.0000000000
    609      8                    2795174788                                     385000000000.0000000000
    547      8                    2797550702                                     385500000000.0000000000
    547      8                    2798559368                                     386000000000.0000000000
    547      8                    2802646340                                     386500000000.0000000000
    547      8                    2806772241                                     387500000000.0000000000
    609      8                    2812875970                                     388500000000.0000000000
    609      8                    2817027704                                     390000000000.0000000000
    547      8                    2817982287                                     391000000000.0000000000
    609      8                    2822920197                                     391500000000.0000000000
    803      8                    2825276628                                     392500000000.0000000000
    609      8                    2826455920                                     393000000000.0000000000
    547      8                    2831411888                                     393500000000.0000000000
    547      8                    2835711180                                     395000000000.0000000000
    368      8                    2837509335                                     396000000000.0000000000
    547      8                    2839708021                                     396500000000.0000000000
    803      8                    2846161517                                     397000000000.0000000000
    368      8                    2854487321                                     398500000000.0000000000
    547      8                    2856218630                                     401000000000.0000000000
    609      8                    2859897158                                     401500000000.0000000000
    609      8                    2863458405                                     402000000000.0000000000
    547      8                    2863878331                                     403000000000.0000000000
    609      8                    2866605899                                     403500000000.0000000000
    609      8                    2867853205                                     404000000000.0000000000
    547      8                    2874455498                                     404500000000.0000000000
    803      8                    2881082906                                     406000000000.0000000000
    547      8                    2883113866                                     407500000000.0000000000
    126      8                    2888549505                                     408500000000.0000000000
    126      8                    2890297055                                     409500000000.0000000000
    609      8                    2891291716                                     410000000000.0000000000
    609      8                    2894754189                                     410500000000.0000000000
    803      8                    2899161671                                     411500000000.0000000000
    547      8                    2900607746                                     412500000000.0000000000
    368      8                    2903003621                                     413000000000.0000000000
    803      8                    2905205281                                     413500000000.0000000000
    547      8                    2906985234                                     414000000000.0000000000
    609      8                    2908967473                                     414500000000.0000000000
    609      8                    2912668252                                     415000000000.0000000000
    547      8                    2914507173                                     416000000000.0000000000
    609      8                    2915999460                                     416500000000.0000000000
    547      8                    2919239487                                     417000000000.0000000000
    547      8                    2919644758                                     417500000000.0000000000
    547      8                    2922436903                                     418000000000.0000000000
    803      8                    2925419308                                     418500000000.0000000000
    609      8                    2928317446                                     419500000000.0000000000
    368      8                    2932043471                                     420000000000.0000000000
    609      8                    2933925689                                     421000000000.0000000000
    609      8                    2935226115                                     421500000000.0000000000
    609      8                    2937168460                                     422000000000.0000000000
    609      8                    2939116565                                     422500000000.0000000000
    547      8                    2944159871                                     423000000000.0000000000
    609      8                    2945611844                                     424000000000.0000000000
    803      8                    2946615126                                     424500000000.0000000000
    368      8                    2949196543                                     425000000000.0000000000
    609      8                    2951731101                                     425500000000.0000000000
    803      8                    2952555431                                     426000000000.0000000000
    609      8                    2955661940                                     426500000000.0000000000
    803      8                    2958271022                                     427000000000.0000000000
    368      8                    2960071583                                     428000000000.0000000000
    609      8                    2962036539                                     428500000000.0000000000
    609      8                    2966648675                                     429000000000.0000000000
    609      8                    2968763912                                     430000000000.0000000000
    803      8                    2971888842                                     430500000000.0000000000
    547      8                    2976172545                                     431500000000.0000000000
    803      8                    2978922922                                     432500000000.0000000000
    609      8                    2982662283                                     433000000000.0000000000
    126      8                    2983650832                                     434000000000.0000000000
    803      8                    2986946613                                     434500000000.0000000000
    547      8                    2989156114                                     435500000000.0000000000
    547      8                    2991368914                                     436000000000.0000000000
    547      8                    2992936251                                     436500000000.0000000000
    869      1                    4398294357                                     437000000000.0000000000
    834      8                    4398294357                                     581375387998.9721850157
