    967      2                             0                                                0.0000000000
    933      2                      16558040                                        500000000.0000000000
    568      2                      81753643                                       1500000000.0000000000
    138      2                     105291865                                       5500000000.0000000000
     75      2                     111267361                                       7000000000.0000000000
     75      2                     128971295                                       7500000000.0000000000
    164      2                     169210143                                       8500000000.0000000000
    138      2                     187188115                                      11000000000.0000000000
    612      2                     261485070                                      12000000000.0000000000
    172      2                     289713224                                      17000000000.0000000000
    933      2                     343256041                                      18500000000.0000000000
    707      2                     412597882                                      22000000000.0000000000
    164      2                     423700839                                      26500000000.0000000000
     89      2                     428595692                                      27000000000.0000000000
    138      2                     446292374                                      27500000000.0000000000
    568      2                     460030437                                      28500000000.0000000000
    967      2                     526418246                                      29500000000.0000000000
    172      2                     558921570                                      33500000000.0000000000
    707      2                     607574449                                      35500000000.0000000000
    707      2                     670781644                                      38500000000.0000000000
    172      2                     690049069                                      42500000000.0000000000
    172      2                     788663721                                      44000000000.0000000000
    933      2                     807810316                                      50000000000.0000000000
    707      2                     886258248                                      51500000000.0000000000
    537      2                     888908354                                      56000000000.0000000000
     89      2                     903516461                                      56500000000.0000000000
    172      2                     918694289                                      57500000000.0000000000
    612      2                     934624293                                      58500000000.0000000000
    164      2                     969596067                                      59500000000.0000000000
    933      2                     977172553                                      61500000000.0000000000
    933      2                     995981325                                      62000000000.0000000000
    568      2                    1019466344                                      63000000000.0000000000
    152      5                    1022398101                                      64500000000.0000000000
     24      5                    1026072373                                      65000000000.0000000000
    152      5                    1031289632                                      65500000000.0000000000
    200      5                    1036563316                                      66000000000.0000000000
    656      5                    1042685103                                      66500000000.0000000000
    152      5                    1047307294                                      67000000000.0000000000
    656      5                    1052696677                                      67500000000.0000000000
    200      5                    1057989998                                      68000000000.0000000000
    656      5                    1063533602                                      68500000000.0000000000
    152      5                    1068424874                                      69000000000.0000000000
    656      5                    1074300370                                      69500000000.0000000000
    200      5                    1078826785                                      70000000000.0000000000
    656      5                    1084607809                                      70500000000.0000000000
    200      5                    1089255442                                      71000000000.0000000000
    707      2                    1104904709                                      71500000000.0000000000
    172      2                    1151322035                                      72500000000.0000000000
     50      2                    1173544401                                      75000000000.0000000000
    154      2                    1246823275                                      76500000000.0000000000
    612      2                    1273775291                                      81000000000.0000000000
    138      2                    1289375407                                      83000000000.0000000000
    612      2                    1322207335                                      84000000000.0000000000
    933      2                    1367257759                                      86000000000.0000000000
    172      2                    1489145826                                      89000000000.0000000000
    568      2                    1503963534                                      96500000000.0000000000
    967      2                    1510911458                                      97500000000.0000000000
    172      2                    1550434056                                      98000000000.0000000000
    933      2                    1655741180                                     100500000000.0000000000
    933      2                    1693369802                                     107000000000.0000000000
    164      2                    1728127688                                     109500000000.0000000000
    172      2                    1767965239                                     111500000000.0000000000
    933      2                    1803390579                                     114000000000.0000000000
    933      2                    1843116719                                     116500000000.0000000000
    138      2                    1856186716                                     119000000000.0000000000
    612      2                    1902797961                                     119500000000.0000000000
    172      2                    1986039222                                     122500000000.0000000000
    933      2                    2046512030                                     128000000000.0000000000
     75      2                    2048763276                                     131500000000.0000000000
    967      2                    2072219803                                     132000000000.0000000000
    707      2                    2084244223                                     133500000000.0000000000
    612      2                    2147249739                                     134000000000.0000000000
    933      2                    2174859162                                     138000000000.0000000000
    933      2                    2310688271                                     140000000000.0000000000
    612      2                    2377476769                                     148500000000.0000000000
    707      2                    2386133021                                     152500000000.0000000000
     89      2                    2393804839                                     153000000000.0000000000
    164      2                    2402341042                                     153500000000.0000000000
    967      2                    2460795627                                     154000000000.0000000000
    568      2                    2469998796                                     158000000000.0000000000
     75      2                    2492383815                                     158500000000.0000000000
    172      2                    2591107702                                     160000000000.0000000000
    612      2                    2607819518                                     166000000000.0000000000
    967      2                    2650699524                                     167000000000.0000000000
    933      2                    2656474716                                     170000000000.0000000000
    933      2                    2685170635                                     170500000000.0000000000
     75      2                    2689301363                                     172000000000.0000000000
     75      2                    2703610791                                     172500000000.0000000000
    707      2                    2737619653                                     173000000000.0000000000
    967      2                    2769974213                                     175500000000.0000000000
    933      2                    2816202895                                     177500000000.0000000000
    967      2                    2932096753                                     180500000000.0000000000
    933      2                    3058864625                                     187500000000.0000000000
    707      2                    3082163290                                     195500000000.0000000000
     50      2                    3187179871                                     197000000000.0000000000
    707      2                    3217269146                                     204000000000.0000000000
    707      2                    3246317377                                     205500000000.0000000000
    164      2                    3410527299                                     207500000000.0000000000
    138      2                    3451579819                                     218000000000.0000000000
    612      2                    3554262246                                     220500000000.0000000000
    172      2                    3562633701                                     227000000000.0000000000
    933      2                    3567600589                                     227500000000.0000000000
    707      2                    3575401996                                     228000000000.0000000000
    172      2                    3597346240                                     228500000000.0000000000
    172      2                    3737666514                                     229500000000.0000000000
    967      2                    3780264856                                     238500000000.0000000000
    967      2                    3853061843                                     241000000000.0000000000
    967      2                    3872619661                                     246000000000.0000000000
    138      2                    3898694382                                     247000000000.0000000000
     50      2                    3912736431                                     248500000000.0000000000
    612      2                    4020703746                                     249500000000.0000000000
    707      2                    4042795691                                     256500000000.0000000000
     75      2                    4081883540                                     258000000000.0000000000
    967      2                    4116944963                                     260500000000.0000000000
    172      2                    4131791810                                     262500000000.0000000000
     89      2                    4170919925                                     263500000000.0000000000
    172      2                    4200554076                                     266000000000.0000000000
    967      2                    4248774820                                     267500000000.0000000000
    138      2                    4306080678                                     271000000000.0000000000
     89      2                    4353374179                                     274500000000.0000000000
    568      2                    4444343484                                     277500000000.0000000000
    568      2                    4456727762                                     283000000000.0000000000
     89      2                    4556402148                                     284000000000.0000000000
    612      2                    4642932005                                     290000000000.0000000000
    869      1                    5804277491                                     295500000000.0000000000
    609      8                    5806283169                                     415000000000.0000000000
    803      8                    5808272103                                     415500000000.0000000000
    547      8                    5809471671                                     416000000000.0000000000
    547      8                    5813440997                                     416500000000.0000000000
    609      8                    5815054010                                     417500000000.0000000000
    609      8                    5816564169                                     418000000000.0000000000
    803      8                    5819269051                                     418500000000.0000000000
    609      8                    5820181559                                     419000000000.0000000000
    609      8                    5825280433                                     419500000000.0000000000
    803      8                    5826346936                                     420500000000.0000000000
    609      8                    5833193616                                     421000000000.0000000000
    368      8                    5833593932                                     422500000000.0000000000
    126      8                    5836599283                                     423000000000.0000000000
    547      8                    5837424342                                     423500000000.0000000000
    803      8                    5839693667                                     424000000000.0000000000
    609      8                    5841719859                                     424500000000.0000000000
    368      8                    5845385610                                     425000000000.0000000000
    547      8                    5847386720                                     426000000000.0000000000
    609      8                    5850050843                                     426500000000.0000000000
    609      8                    5851464721                                     427000000000.0000000000
    547      8                    5854781430                                     427500000000.0000000000
    803      8                    5860263548                                     428500000000.0000000000
    547      8                    5860588464                                     429500000000.0000000000
    803      8                    5862545269                                     430000000000.0000000000
    609      8                    5865036286                                     430500000000.0000000000
    547      8                    5867728978                                     431000000000.0000000000
    609      8                    5868984110                                     431500000000.0000000000
    609      8                    5870280435                                     432000000000.0000000000
    126      8                    5873025087                                     432500000000.0000000000
    609      8                    5877809621                                     433000000000.0000000000
    742      1                    6511179234                                     434500000000.0000000000
     69      1                    7433629861                                     499500000000.0000000000
    486      7                    7433629861                                     594059246360.3135972619
