    707      2                             0                                                0.0000000000
    707      2                      13310287                                        500000000.0000000000
    226      2                      25059451                                       1000000000.0000000000
     50      2                      65377513                                       2000000000.0000000000
    707      2                      79306572                                       4500000000.0000000000
    537      2                     179478888                                       5500000000.0000000000
     89      2                     213679026                                      11500000000.0000000000
    226      2                     278115466                                      13500000000.0000000000
    612      2                     320323864                                      18000000000.0000000000
    933      2                     343921877                                      20500000000.0000000000
     89      2                     418839706                                      22000000000.0000000000
    138      2                     428246887                                      26500000000.0000000000
    707      2                     487085620                                      27500000000.0000000000
    612      2                     535151814                                      31000000000.0000000000
    172      2                     630246185                                      34000000000.0000000000
    138      2                     656676171                                      40000000000.0000000000
    612      2                     670422220                                      41500000000.0000000000
     89      2                     812570304                                      42500000000.0000000000
    172      2                     889251917                                      51500000000.0000000000
    707      2                     925626891                                      56500000000.0000000000
    138      2                     953429720                                      58500000000.0000000000
     89      2                     966218333                                      60500000000.0000000000
     89      2                    1004739173                                      61500000000.0000000000
    612      2                    1024308699                                      63500000000.0000000000
    933      2                    1047390978                                      65000000000.0000000000
    537      2                    1109562479                                      66500000000.0000000000
    967      2                    1160378176                                      70500000000.0000000000
     89      2                    1163973978                                      73500000000.0000000000
    138      2                    1219824402                                      74000000000.0000000000
    612      2                    1283571499                                      77500000000.0000000000
    707      2                    1302061731                                      81500000000.0000000000
     89      2                    1309123356                                      82500000000.0000000000
    612      2                    1334902148                                      83000000000.0000000000
     75      2                    1417318394                                      84500000000.0000000000
    226      2                    1422333639                                      89500000000.0000000000
    706      2                    1487806123                                      90000000000.0000000000
    707      2                    1515156371                                      94000000000.0000000000
    967      2                    1557267245                                      96000000000.0000000000
    172      2                    1569788922                                      98500000000.0000000000
    707      2                    1592424913                                      99500000000.0000000000
     89      2                    1624806416                                     101000000000.0000000000
    138      2                    1674248151                                     103000000000.0000000000
    707      2                    1692024136                                     106000000000.0000000000
    967      2                    1764894343                                     107000000000.0000000000
    138      2                    1766861177                                     111500000000.0000000000
    707      2                    1810219863                                     112000000000.0000000000
    707      2                    1872716168                                     114500000000.0000000000
    933      2                    1882348557                                     118500000000.0000000000
    933      2                    1902284320                                     119000000000.0000000000
    612      2                    1984355148                                     120500000000.0000000000
    707      2                    1987659599                                     125500000000.0000000000
     50      2                    2048643166                                     126000000000.0000000000
    226      2                    2180920325                                     129500000000.0000000000
    172      2                    2206101157                                     138000000000.0000000000
    612      2                    2213840420                                     139500000000.0000000000
    967      2                    2224782402                                     140000000000.0000000000
    707      2                    2246543833                                     140500000000.0000000000
    172      2                    2275436912                                     142000000000.0000000000
    933      2                    2289921103                                     144000000000.0000000000
    933      2                    2324230531                                     145000000000.0000000000
    933      2                    2339457328                                     147000000000.0000000000
    707      2                    2437322061                                     148000000000.0000000000
    707      2                    2479559242                                     154000000000.0000000000
    226      2                    2512978841                                     157000000000.0000000000
    164      2                    2629593850                                     159000000000.0000000000
    138      2                    2638354286                                     166500000000.0000000000
     89      2                    2672211498                                     167000000000.0000000000
    172      2                    2676754061                                     169000000000.0000000000
    172      2                    2705088671                                     169500000000.0000000000
    707      2                    2738796108                                     171000000000.0000000000
    933      2                    2812902911                                     173000000000.0000000000
    707      2                    2820522970                                     178000000000.0000000000
    612      2                    2827754288                                     178500000000.0000000000
    172      2                    2841515040                                     179000000000.0000000000
    967      2                    2865285561                                     179500000000.0000000000
     50      2                    2890870788                                     181000000000.0000000000
     89      2                    2902290551                                     183000000000.0000000000
    707      2                    3033679051                                     183500000000.0000000000
    707      2                    3056697403                                     192000000000.0000000000
    707      2                    3070777222                                     193500000000.0000000000
    933      2                    3082486851                                     194000000000.0000000000
    172      2                    3175838642                                     195000000000.0000000000
    933      2                    3208404858                                     201000000000.0000000000
    933      2                    3219190386                                     203000000000.0000000000
    707      2                    3224294238                                     203500000000.0000000000
    172      2                    3285163489                                     204000000000.0000000000
    568      2                    3300965620                                     207500000000.0000000000
    138      2                    3314893869                                     208500000000.0000000000
    967      2                    3346968918                                     209500000000.0000000000
     75      2                    3357472462                                     211500000000.0000000000
    164      2                    3437455550                                     212500000000.0000000000
    967      2                    3599202992                                     217500000000.0000000000
    707      2                    3662625364                                     227500000000.0000000000
    164      2                    3795114913                                     231500000000.0000000000
    707      2                    3848627147                                     240000000000.0000000000
    707      2                    3888530954                                     243500000000.0000000000
    967      2                    3935472314                                     246000000000.0000000000
    707      2                    3947940735                                     249000000000.0000000000
     75      2                    3967300976                                     249500000000.0000000000
     50      2                    3979954574                                     251000000000.0000000000
     89      2                    4025199358                                     251500000000.0000000000
    164      2                    4049003156                                     254500000000.0000000000
    164      2                    4243707569                                     256000000000.0000000000
    172      2                    4256525109                                     268000000000.0000000000
    933      2                    4266725840                                     269000000000.0000000000
    612      2                    4280861158                                     269500000000.0000000000
    933      2                    4315926698                                     270500000000.0000000000
    172      2                    4402489372                                     273000000000.0000000000
    138      2                    4404732840                                     278000000000.0000000000
    967      2                    4428252130                                     278500000000.0000000000
    967      2                    4466053862                                     280000000000.0000000000
    707      2                    4526169174                                     282500000000.0000000000
     75      2                    4554946585                                     286000000000.0000000000
    138      2                    4561046165                                     288000000000.0000000000
    138      2                    4618223672                                     288500000000.0000000000
    138      2                    4702190683                                     292000000000.0000000000
    172      2                    4722837155                                     297000000000.0000000000
    967      2                    4777425141                                     298500000000.0000000000
    707      2                    4810040208                                     302000000000.0000000000
    164      2                    4850473069                                     304000000000.0000000000
    612      2                    4861884684                                     306500000000.0000000000
    172      2                    4871732134                                     307000000000.0000000000
    707      2                    4885562141                                     308000000000.0000000000
     89      2                    4912747860                                     308500000000.0000000000
     89      2                    4919294407                                     310500000000.0000000000
    967      2                    4977787510                                     311000000000.0000000000
     50      2                    5054862634                                     314500000000.0000000000
    226      2                    5082527202                                     319500000000.0000000000
    707      2                    5163024852                                     321000000000.0000000000
    967      2                    5199934576                                     326500000000.0000000000
    967      2                    5296319100                                     328500000000.0000000000
    691      2                    5314184448                                     334500000000.0000000000
    707      2                    5354062199                                     336000000000.0000000000
    707      2                    5387371838                                     338500000000.0000000000
    612      2                    5402280895                                     340500000000.0000000000
    707      2                    5412375084                                     341500000000.0000000000
    164      2                    5434338576                                     342000000000.0000000000
    933      2                    5458876438                                     343500000000.0000000000
    612      2                    5476574085                                     345000000000.0000000000
    707      2                    5495575543                                     346000000000.0000000000
    164      2                    5536220682                                     347500000000.0000000000
    691      2                    5583698718                                     350000000000.0000000000
    226      2                    5628636026                                     353000000000.0000000000
    967      2                    5672351154                                     355500000000.0000000000
    967      2                    5688352303                                     358500000000.0000000000
    707      2                    5773090550                                     359500000000.0000000000
    707      2                    5819267763                                     365000000000.0000000000
    154      2                    5890987895                                     367500000000.0000000000
    172      2                    5934293281                                     372000000000.0000000000
     50      2                    5976784950                                     375000000000.0000000000
    967      2                    5999748862                                     377500000000.0000000000
    612      2                    6057367294                                     379000000000.0000000000
    967      2                    6128823100                                     382500000000.0000000000
    933      2                    6133162910                                     387000000000.0000000000
    138      2                    6180648014                                     387500000000.0000000000
    138      2                    6293799020                                     390500000000.0000000000
    612      2                    6298495309                                     397500000000.0000000000
    172      2                    6316996260                                     398000000000.0000000000
    612      2                    6433565627                                     399000000000.0000000000
    707      2                    6482828889                                     406500000000.0000000000
    933      2                    6485648050                                     409500000000.0000000000
    612      2                    6506727779                                     410000000000.0000000000
    612      2                    6514017976                                     411000000000.0000000000
    226      2                    6562796420                                     411500000000.0000000000
    656      5                    6563874721                                     414500000000.0000000000
    656      5                    6570148163                                     415000000000.0000000000
    656      5                    6575944875                                     415500000000.0000000000
     24      5                    6579556103                                     416000000000.0000000000
     24      5                    6585033346                                     416500000000.0000000000
    200      5                    6590166385                                     417000000000.0000000000
    656      5                    6595586142                                     417500000000.0000000000
    200      5                    6600871350                                     418000000000.0000000000
    152      5                    6605889886                                     418500000000.0000000000
    152      5                    6611170189                                     419000000000.0000000000
    656      5                    6617073801                                     419500000000.0000000000
    152      5                    6621663668                                     420000000000.0000000000
    656      5                    6626886459                                     420500000000.0000000000
    656      5                    6633818837                                     421000000000.0000000000
    656      5                    6637239193                                     421500000000.0000000000
     24      5                    6642915790                                     422000000000.0000000000
     24      5                    6647810124                                     422500000000.0000000000
     24      5                    6653526426                                     423000000000.0000000000
    200      5                    6658962940                                     423500000000.0000000000
     24      5                    6663572717                                     424000000000.0000000000
    989      5                    6668737359                                     424500000000.0000000000
    152      5                    6674067185                                     425000000000.0000000000
    152      5                    6679201700                                     425500000000.0000000000
    656      5                    6684427663                                     426000000000.0000000000
    152      5                    6689657733                                     426500000000.0000000000
    152      5                    6695079751                                     427000000000.0000000000
    200      5                    6700363300                                     427500000000.0000000000
    200      5                    6705465981                                     428000000000.0000000000
    656      5                    6710885661                                     428500000000.0000000000
     24      5                    6717025997                                     429000000000.0000000000
    989      5                    6721347473                                     429500000000.0000000000
    656      5                    6728983683                                     430000000000.0000000000
    152      5                    6732044121                                     430500000000.0000000000
    152      5                    6737671535                                     431000000000.0000000000
    200      5                    6742083569                                     431500000000.0000000000
    200      5                    6747318746                                     432000000000.0000000000
     24      5                    6753115282                                     432500000000.0000000000
    200      5                    6757990031                                     433000000000.0000000000
     24      5                    6763092016                                     433500000000.0000000000
     24      5                    6768413054                                     434000000000.0000000000
    200      5                    6773499862                                     434500000000.0000000000
    656      5                    6778778090                                     435000000000.0000000000
    200      5                    6784075906                                     435500000000.0000000000
     24      5                    6789303304                                     436000000000.0000000000
    200      5                    6795354750                                     436500000000.0000000000
    656      5                    6800392101                                     437000000000.0000000000
     24      5                    6805133441                                     437500000000.0000000000
    152      5                    6811369647                                     438000000000.0000000000
    152      5                    6816157522                                     438500000000.0000000000
    200      5                    6821646197                                     439000000000.0000000000
    152      5                    6826079684                                     439500000000.0000000000
     24      5                    6831301190                                     440000000000.0000000000
    656      5                    6836536721                                     440500000000.0000000000
    656      5                    6842072991                                     441000000000.0000000000
    200      5                    6847062197                                     441500000000.0000000000
    152      5                    6853274775                                     442000000000.0000000000
    152      5                    6857377696                                     442500000000.0000000000
    656      5                    6862832925                                     443000000000.0000000000
    200      5                    6869081653                                     443500000000.0000000000
     24      5                    6873264958                                     444000000000.0000000000
    200      5                    6880375697                                     444500000000.0000000000
    656      5                    6883790662                                     445000000000.0000000000
    656      5                    6888858287                                     445500000000.0000000000
    200      5                    6894434094                                     446000000000.0000000000
    200      5                    6899991353                                     446500000000.0000000000
    200      5                    6906897578                                     447000000000.0000000000
    656      5                    6910682756                                     447500000000.0000000000
    200      5                    6915117092                                     448000000000.0000000000
    656      5                    6920713096                                     448500000000.0000000000
    656      5                    6925533361                                     449000000000.0000000000
    733      5                    6930921328                                     449500000000.0000000000
     24      5                    6936014223                                     450000000000.0000000000
    152      5                    6941317079                                     450500000000.0000000000
    656      5                    6946498718                                     451000000000.0000000000
    989      5                    6951870693                                     451500000000.0000000000
    656      5                    6957852586                                     452000000000.0000000000
    200      5                    6962377755                                     452500000000.0000000000
    656      5                    6968394583                                     453000000000.0000000000
    200      5                    6973582659                                     453500000000.0000000000
     24      5                    6979316228                                     454000000000.0000000000
    989      5                    6983352338                                     454500000000.0000000000
    200      5                    6988563978                                     455000000000.0000000000
    152      5                    6993801106                                     455500000000.0000000000
    200      5                    6999212272                                     456000000000.0000000000
    200      5                    7004324543                                     456500000000.0000000000
    152      5                    7009543224                                     457000000000.0000000000
    656      5                    7014865877                                     457500000000.0000000000
    989      5                    7020238517                                     458000000000.0000000000
    656      5                    7025189186                                     458500000000.0000000000
    152      5                    7031056691                                     459000000000.0000000000
    200      5                    7036237938                                     459500000000.0000000000
    989      5                    7040967407                                     460000000000.0000000000
    152      5                    7046078919                                     460500000000.0000000000
    152      5                    7051550776                                     461000000000.0000000000
    656      5                    7057035789                                     461500000000.0000000000
    152      5                    7061948320                                     462000000000.0000000000
    750      5                    7067038283                                     462500000000.0000000000
    656      5                    7072301246                                     463000000000.0000000000
    656      5                    7078207594                                     463500000000.0000000000
    656      5                    7083333350                                     464000000000.0000000000
    656      5                    7088428936                                     464500000000.0000000000
    152      5                    7093608107                                     465000000000.0000000000
     24      5                    7098744780                                     465500000000.0000000000
    656      5                    7103856970                                     466000000000.0000000000
    152      5                    7109204870                                     466500000000.0000000000
     24      5                    7114325395                                     467000000000.0000000000
    200      5                    7119946504                                     467500000000.0000000000
    152      5                    7125197705                                     468000000000.0000000000
    656      5                    7130676035                                     468500000000.0000000000
    989      5                    7135871538                                     469000000000.0000000000
    656      5                    7140886388                                     469500000000.0000000000
    200      5                    7145671660                                     470000000000.0000000000
    152      5                    7151560139                                     470500000000.0000000000
    200      5                    7156874749                                     471000000000.0000000000
    152      5                    7161526562                                     471500000000.0000000000
     24      5                    7167019001                                     472000000000.0000000000
    200      5                    7173044018                                     472500000000.0000000000
    152      5                    7177265314                                     473000000000.0000000000
     24      5                    7183688259                                     473500000000.0000000000
     24      5                    7187743973                                     474000000000.0000000000
    656      5                    7192899614                                     474500000000.0000000000
    656      5                    7198989565                                     475000000000.0000000000
    152      5                    7203496516                                     475500000000.0000000000
    152      5                    7209625946                                     476000000000.0000000000
    152      5                    7213836918                                     476500000000.0000000000
    200      5                    7220227908                                     477000000000.0000000000
    152      5                    7225340278                                     477500000000.0000000000
     24      5                    7230031019                                     478000000000.0000000000
     24      5                    7235220170                                     478500000000.0000000000
    200      5                    7240104808                                     479000000000.0000000000
     24      5                    7245442982                                     479500000000.0000000000
    656      5                    7250917452                                     480000000000.0000000000
    152      5                    7256715149                                     480500000000.0000000000
     24      5                    7261548472                                     481000000000.0000000000
    989      5                    7266243452                                     481500000000.0000000000
    152      5                    7273888243                                     482000000000.0000000000
    656      5                    7277163655                                     482500000000.0000000000
    200      5                    7282679758                                     483000000000.0000000000
    656      5                    7287340557                                     483500000000.0000000000
     24      5                    7293174048                                     484000000000.0000000000
    750      5                    7297713119                                     484500000000.0000000000
    152      5                    7303645068                                     485000000000.0000000000
     24      5                    7308416504                                     485500000000.0000000000
    200      5                    7314301572                                     486000000000.0000000000
     24      5                    7320439601                                     486500000000.0000000000
    200      5                    7324058316                                     487000000000.0000000000
    152      5                    7329178247                                     487500000000.0000000000
    152      5                    7335488295                                     488000000000.0000000000
    152      5                    7339799970                                     488500000000.0000000000
    152      5                    7344990032                                     489000000000.0000000000
    200      5                    7350119800                                     489500000000.0000000000
    200      5                    7355854866                                     490000000000.0000000000
     24      5                    7361043469                                     490500000000.0000000000
    656      5                    7366278267                                     491000000000.0000000000
    200      5                    7371475498                                     491500000000.0000000000
    200      5                    7376815900                                     492000000000.0000000000
    200      5                    7382119410                                     492500000000.0000000000
    656      5                    7386915582                                     493000000000.0000000000
     24      5                    7392146323                                     493500000000.0000000000
    656      5                    7397599990                                     494000000000.0000000000
    656      5                    7402990791                                     494500000000.0000000000
    200      5                    7408016909                                     495000000000.0000000000
     24      5                    7413525459                                     495500000000.0000000000
    152      5                    7419642963                                     496000000000.0000000000
    200      5                    7423514354                                     496500000000.0000000000
     24      5                    7428768972                                     497000000000.0000000000
     24      5                    7434297919                                     497500000000.0000000000
    656      5                    7439225346                                     498000000000.0000000000
     24      5                    7445654680                                     498500000000.0000000000
     24      5                    7450626459                                     499000000000.0000000000
     24      5                    7454955836                                     499500000000.0000000000
     24      5                    7460376231                                     500000000000.0000000000
    922      3                    7460376231                                     500019221567.1577376425
