    869      1                             0                                                0.0000000000
    869      1                     281624772                                        500000000.0000000000
    609      8                     282385248                                      29000000000.0000000000
    547      8                     287425453                                      29500000000.0000000000
    609      8                     288438681                                      30500000000.0000000000
    803      8                     290696045                                      31000000000.0000000000
    609      8                     291701830                                      31500000000.0000000000
    803      8                     294503072                                      32000000000.0000000000
    547      8                     295250461                                      32500000000.0000000000
    547      8                     297766766                                      33000000000.0000000000
    547      8                     299532087                                      33500000000.0000000000
    869      1                     786614587                                      34000000000.0000000000
    706      2                     794049767                                      84000000000.0000000000
    967      2                     821585184                                      84500000000.0000000000
    933      2                     876126504                                      86500000000.0000000000
    138      2                     890070063                                      90000000000.0000000000
    707      2                     904148243                                      90500000000.0000000000
    706      2                     910831956                                      91500000000.0000000000
    707      2                     929776269                                      92000000000.0000000000
    537      2                     969273691                                      93000000000.0000000000
    706      2                     984209181                                      95500000000.0000000000
    172      2                    1010703197                                      96500000000.0000000000
    226      2                    1023571814                                      98500000000.0000000000
     75      2                    1089430385                                      99000000000.0000000000
    967      2                    1099654775                                     103500000000.0000000000
    172      2                    1109555521                                     104000000000.0000000000
    568      2                    1158964636                                     104500000000.0000000000
     50      2                    1172497378                                     107500000000.0000000000
    707      2                    1180436625                                     108500000000.0000000000
    138      2                    1185563166                                     109000000000.0000000000
    138      2                    1212959369                                     109500000000.0000000000
    933      2                    1261139931                                     111000000000.0000000000
    924      2                    1331304425                                     114000000000.0000000000
    226      2                    1414003401                                     118500000000.0000000000
     89      2                    1429805648                                     124000000000.0000000000
     89      2                    1439377796                                     125000000000.0000000000
    568      2                    1457447482                                     125500000000.0000000000
     50      2                    1565234685                                     126500000000.0000000000
    172      2                    1664950967                                     133500000000.0000000000
    707      2                    1800245607                                     139500000000.0000000000
    172      2                    1833800449                                     148000000000.0000000000
    933      2                    1846500249                                     150500000000.0000000000
    967      2                    1855116808                                     151000000000.0000000000
    933      2                    1970516135                                     151500000000.0000000000
    612      2                    1998249401                                     159000000000.0000000000
    172      2                    2012417439                                     160500000000.0000000000
    154      2                    2023588945                                     161500000000.0000000000
     89      2                    2063346231                                     162500000000.0000000000
    707      2                    2088300899                                     165000000000.0000000000
    933      2                    2108242217                                     166500000000.0000000000
    967      2                    2111255477                                     167500000000.0000000000
    707      2                    2125238797                                     168000000000.0000000000
    226      2                    2188020345                                     168500000000.0000000000
    612      2                    2210274123                                     172500000000.0000000000
    612      2                    2213607050                                     174000000000.0000000000
    933      2                    2266259443                                     174500000000.0000000000
    707      2                    2271801716                                     177500000000.0000000000
    612      2                    2303161376                                     178000000000.0000000000
    164      2                    2307980846                                     180000000000.0000000000
    707      2                    2407660991                                     180500000000.0000000000
    707      2                    2486506277                                     186500000000.0000000000
    967      2                    2529194927                                     191500000000.0000000000
     75      2                    2536456658                                     194000000000.0000000000
    612      2                    2546323897                                     194500000000.0000000000
    933      2                    2642167442                                     195500000000.0000000000
    933      2                    2695625163                                     201500000000.0000000000
    138      2                    2707649469                                     204500000000.0000000000
    967      2                    2735030241                                     205500000000.0000000000
    707      2                    2770230313                                     207000000000.0000000000
    172      2                    2853063862                                     209500000000.0000000000
     50      2                    2872297382                                     214500000000.0000000000
    226      2                    2888583245                                     216000000000.0000000000
    967      2                    2893984239                                     217000000000.0000000000
    172      2                    2904422684                                     217500000000.0000000000
    707      2                    2951839726                                     218000000000.0000000000
    164      2                    2996260856                                     221000000000.0000000000
     75      2                    3089528184                                     223500000000.0000000000
    967      2                    3095752554                                     229500000000.0000000000
    706      2                    3117020149                                     230000000000.0000000000
    707      2                    3130757734                                     231500000000.0000000000
    568      2                    3131797138                                     232000000000.0000000000
    967      2                    3149603560                                     232500000000.0000000000
    707      2                    3191888247                                     233500000000.0000000000
    152      5                    3194672464                                     236000000000.0000000000
    656      5                    3199646423                                     236500000000.0000000000
     24      5                    3205677524                                     237000000000.0000000000
    200      5                    3210138575                                     237500000000.0000000000
    200      5                    3216443188                                     238000000000.0000000000
    200      5                    3220064783                                     238500000000.0000000000
     24      5                    3225767517                                     239000000000.0000000000
    656      5                    3230633725                                     239500000000.0000000000
    152      5                    3235827113                                     240000000000.0000000000
    656      5                    3241172751                                     240500000000.0000000000
    200      5                    3246595506                                     241000000000.0000000000
    152      5                    3251662622                                     241500000000.0000000000
    733      5                    3258285846                                     242000000000.0000000000
    656      5                    3262434677                                     242500000000.0000000000
     24      5                    3267473005                                     243000000000.0000000000
    152      5                    3272572048                                     243500000000.0000000000
    656      5                    3278231594                                     244000000000.0000000000
    200      5                    3284572422                                     244500000000.0000000000
    656      5                    3290158017                                     245000000000.0000000000
    200      5                    3293766746                                     245500000000.0000000000
    750      5                    3298671623                                     246000000000.0000000000
    200      5                    3304267642                                     246500000000.0000000000
    200      5                    3309211422                                     247000000000.0000000000
    733      5                    3314435728                                     247500000000.0000000000
     24      5                    3319854949                                     248000000000.0000000000
    152      5                    3326672396                                     248500000000.0000000000
    656      5                    3330501446                                     249000000000.0000000000
     24      5                    3335521349                                     249500000000.0000000000
    989      5                    3340678430                                     250000000000.0000000000
    656      5                    3346013657                                     250500000000.0000000000
     24      5                    3351161747                                     251000000000.0000000000
    152      5                    3356767448                                     251500000000.0000000000
    656      5                    3361856809                                     252000000000.0000000000
    152      5                    3368799093                                     252500000000.0000000000
    656      5                    3373575435                                     253000000000.0000000000
    656      5                    3377798982                                     253500000000.0000000000
     24      5                    3382947167                                     254000000000.0000000000
    152      5                    3388001359                                     254500000000.0000000000
    152      5                    3393084029                                     255000000000.0000000000
    200      5                    3398422990                                     255500000000.0000000000
    200      5                    3403741150                                     256000000000.0000000000
    152      5                    3409003834                                     256500000000.0000000000
     24      5                    3414128645                                     257000000000.0000000000
     24      5                    3419297680                                     257500000000.0000000000
    733      5                    3424758044                                     258000000000.0000000000
     24      5                    3429809449                                     258500000000.0000000000
    273      5                    3435030467                                     259000000000.0000000000
     24      5                    3440288472                                     259500000000.0000000000
    200      5                    3445523026                                     260000000000.0000000000
    750      5                    3450831050                                     260500000000.0000000000
     24      5                    3456008707                                     261000000000.0000000000
    656      5                    3461401064                                     261500000000.0000000000
     24      5                    3466710558                                     262000000000.0000000000
    152      5                    3471778588                                     262500000000.0000000000
     24      5                    3478008394                                     263000000000.0000000000
    200      5                    3482161631                                     263500000000.0000000000
    200      5                    3487589501                                     264000000000.0000000000
     24      5                    3492873665                                     264500000000.0000000000
    200      5                    3497926184                                     265000000000.0000000000
    200      5                    3503732830                                     265500000000.0000000000
    152      5                    3508828177                                     266000000000.0000000000
    152      5                    3514453205                                     266500000000.0000000000
     24      5                    3519351839                                     267000000000.0000000000
    200      5                    3524532209                                     267500000000.0000000000
    152      5                    3529948256                                     268000000000.0000000000
    152      5                    3535769331                                     268500000000.0000000000
    656      5                    3539933082                                     269000000000.0000000000
     24      5                    3545623260                                     269500000000.0000000000
    200      5                    3551491178                                     270000000000.0000000000
    200      5                    3555827465                                     270500000000.0000000000
    200      5                    3561164425                                     271000000000.0000000000
    656      5                    3566148254                                     271500000000.0000000000
    200      5                    3571748829                                     272000000000.0000000000
    152      5                    3576919483                                     272500000000.0000000000
    200      5                    3582882023                                     273000000000.0000000000
    656      5                    3587017427                                     273500000000.0000000000
    152      5                    3592700521                                     274000000000.0000000000
    656      5                    3597500239                                     274500000000.0000000000
    152      5                    3602830352                                     275000000000.0000000000
    152      5                    3609155511                                     275500000000.0000000000
    656      5                    3613344065                                     276000000000.0000000000
    200      5                    3618570389                                     276500000000.0000000000
    656      5                    3625091086                                     277000000000.0000000000
    200      5                    3629025395                                     277500000000.0000000000
    656      5                    3634271670                                     278000000000.0000000000
    656      5                    3639507329                                     278500000000.0000000000
     24      5                    3644741697                                     279000000000.0000000000
    152      5                    3650607720                                     279500000000.0000000000
    200      5                    3656544362                                     280000000000.0000000000
    200      5                    3660514006                                     280500000000.0000000000
     24      5                    3665758664                                     281000000000.0000000000
    152      5                    3671258617                                     281500000000.0000000000
    656      5                    3676144332                                     282000000000.0000000000
    909      5                    3681694445                                     282500000000.0000000000
    152      5                    3686627700                                     283000000000.0000000000
    200      5                    3691827648                                     283500000000.0000000000
    200      5                    3697336615                                     284000000000.0000000000
    152      5                    3703087007                                     284500000000.0000000000
    989      5                    3707754092                                     285000000000.0000000000
    152      5                    3712796032                                     285500000000.0000000000
     24      5                    3718428302                                     286000000000.0000000000
    656      5                    3723899486                                     286500000000.0000000000
     24      5                    3729047963                                     287000000000.0000000000
    152      5                    3734745982                                     287500000000.0000000000
    656      5                    3740096276                                     288000000000.0000000000
    152      5                    3745320938                                     288500000000.0000000000
    200      5                    3749700137                                     289000000000.0000000000
    200      5                    3754717464                                     289500000000.0000000000
    656      5                    3760293323                                     290000000000.0000000000
    656      5                    3765503749                                     290500000000.0000000000
     24      5                    3770562550                                     291000000000.0000000000
    152      5                    3776318681                                     291500000000.0000000000
     24      5                    3781269476                                     292000000000.0000000000
    617      5                    3786272254                                     292500000000.0000000000
    200      5                    3791960804                                     293000000000.0000000000
    656      5                    3796776168                                     293500000000.0000000000
    656      5                    3803566996                                     294000000000.0000000000
    152      5                    3807150483                                     294500000000.0000000000
     24      5                    3813000376                                     295000000000.0000000000
     24      5                    3817888871                                     295500000000.0000000000
    656      5                    3822969227                                     296000000000.0000000000
     24      5                    3828098068                                     296500000000.0000000000
     24      5                    3833457072                                     297000000000.0000000000
    152      5                    3838838745                                     297500000000.0000000000
    152      5                    3844338637                                     298000000000.0000000000
    656      5                    3849299431                                     298500000000.0000000000
    989      5                    3854419793                                     299000000000.0000000000
    200      5                    3860075152                                     299500000000.0000000000
     24      5                    3865591453                                     300000000000.0000000000
    152      5                    3871906818                                     300500000000.0000000000
     24      5                    3875371096                                     301000000000.0000000000
     66      5                    3880539854                                     301500000000.0000000000
    750      5                    3885904293                                     302000000000.0000000000
    656      5                    3891124965                                     302500000000.0000000000
    656      5                    3896537013                                     303000000000.0000000000
    733      5                    3901987293                                     303500000000.0000000000
     24      5                    3906909587                                     304000000000.0000000000
     24      5                    3912423818                                     304500000000.0000000000
    152      5                    3918324687                                     305000000000.0000000000
    200      5                    3922635727                                     305500000000.0000000000
     24      5                    3927732686                                     306000000000.0000000000
    200      5                    3933621129                                     306500000000.0000000000
    656      5                    3938243994                                     307000000000.0000000000
    200      5                    3943711916                                     307500000000.0000000000
    152      5                    3948736824                                     308000000000.0000000000
    152      5                    3954029535                                     308500000000.0000000000
    152      5                    3959245449                                     309000000000.0000000000
    656      5                    3964497250                                     309500000000.0000000000
    152      5                    3970026482                                     310000000000.0000000000
    152      5                    3975698678                                     310500000000.0000000000
    656      5                    3980278565                                     311000000000.0000000000
    656      5                    3985380362                                     311500000000.0000000000
     24      5                    3990696127                                     312000000000.0000000000
    200      5                    3996131398                                     312500000000.0000000000
    152      5                    4001442267                                     313000000000.0000000000
    656      5                    4006571360                                     313500000000.0000000000
     24      5                    4011879470                                     314000000000.0000000000
    200      5                    4017058065                                     314500000000.0000000000
    152      5                    4022410992                                     315000000000.0000000000
    656      5                    4028629295                                     315500000000.0000000000
     24      5                    4032851096                                     316000000000.0000000000
    656      5                    4039150743                                     316500000000.0000000000
    152      5                    4043090979                                     317000000000.0000000000
     24      5                    4048333553                                     317500000000.0000000000
    200      5                    4053977628                                     318000000000.0000000000
    656      5                    4058807468                                     318500000000.0000000000
     24      5                    4064411504                                     319000000000.0000000000
    152      5                    4069679616                                     319500000000.0000000000
    656      5                    4074497334                                     320000000000.0000000000
    152      5                    4079822313                                     320500000000.0000000000
    152      5                    4085434441                                     321000000000.0000000000
     24      5                    4090450135                                     321500000000.0000000000
    200      5                    4096435548                                     322000000000.0000000000
    656      5                    4100721419                                     322500000000.0000000000
    152      5                    4106184369                                     323000000000.0000000000
    152      5                    4111220306                                     323500000000.0000000000
    152      5                    4116956666                                     324000000000.0000000000
    989      5                    4121717252                                     324500000000.0000000000
    152      5                    4127329394                                     325000000000.0000000000
    152      5                    4132292539                                     325500000000.0000000000
     24      5                    4137555166                                     326000000000.0000000000
    152      5                    4143673518                                     326500000000.0000000000
     24      5                    4148361341                                     327000000000.0000000000
     24      5                    4153247807                                     327500000000.0000000000
    656      5                    4158600306                                     328000000000.0000000000
    152      5                    4163807731                                     328500000000.0000000000
    656      5                    4168978864                                     329000000000.0000000000
     24      5                    4174113172                                     329500000000.0000000000
    200      5                    4179652522                                     330000000000.0000000000
    152      5                    4185656722                                     330500000000.0000000000
    656      5                    4190026692                                     331000000000.0000000000
    152      5                    4195616312                                     331500000000.0000000000
    152      5                    4202864602                                     332000000000.0000000000
     24      5                    4205805871                                     332500000000.0000000000
    656      5                    4210793809                                     333000000000.0000000000
    200      5                    4217870424                                     333500000000.0000000000
    656      5                    4221994534                                     334000000000.0000000000
    656      5                    4226480155                                     334500000000.0000000000
    152      5                    4231822783                                     335000000000.0000000000
     24      5                    4237349248                                     335500000000.0000000000
     24      5                    4242772110                                     336000000000.0000000000
     24      5                    4248144824                                     336500000000.0000000000
    656      5                    4255284239                                     337000000000.0000000000
     24      5                    4258610024                                     337500000000.0000000000
    152      5                    4264308074                                     338000000000.0000000000
    989      5                    4268875146                                     338500000000.0000000000
    989      5                    4274103532                                     339000000000.0000000000
    152      5                    4279469337                                     339500000000.0000000000
    200      5                    4284650380                                     340000000000.0000000000
     24      5                    4289754355                                     340500000000.0000000000
     24      5                    4294952781                                     341000000000.0000000000
    152      5                    4300826401                                     341500000000.0000000000
     24      5                    4305262469                                     342000000000.0000000000
    152      5                    4310806262                                     342500000000.0000000000
     24      5                    4315598460                                     343000000000.0000000000
    152      5                    4320851353                                     343500000000.0000000000
    656      5                    4327643716                                     344000000000.0000000000
    152      5                    4332303465                                     344500000000.0000000000
     24      5                    4336759957                                     345000000000.0000000000
    200      5                    4342029993                                     345500000000.0000000000
    152      5                    4347035947                                     346000000000.0000000000
    152      5                    4352688750                                     346500000000.0000000000
     24      5                    4357511652                                     347000000000.0000000000
    656      5                    4363045437                                     347500000000.0000000000
     24      5                    4368380394                                     348000000000.0000000000
     24      5                    4373796107                                     348500000000.0000000000
    152      5                    4378600964                                     349000000000.0000000000
    656      5                    4383978270                                     349500000000.0000000000
    200      5                    4388958366                                     350000000000.0000000000
    656      5                    4394235546                                     350500000000.0000000000
    200      5                    4399639139                                     351000000000.0000000000
    152      5                    4405334876                                     351500000000.0000000000
     24      5                    4410636472                                     352000000000.0000000000
    656      5                    4417167425                                     352500000000.0000000000
    152      5                    4420429913                                     353000000000.0000000000
    200      5                    4425951388                                     353500000000.0000000000
     24      5                    4431429660                                     354000000000.0000000000
    750      5                    4436286897                                     354500000000.0000000000
    656      5                    4441391410                                     355000000000.0000000000
    750      5                    4446832861                                     355500000000.0000000000
    152      5                    4452105298                                     356000000000.0000000000
    656      5                    4457260468                                     356500000000.0000000000
     24      5                    4462917758                                     357000000000.0000000000
    656      5                    4468157454                                     357500000000.0000000000
    152      5                    4472951917                                     358000000000.0000000000
     24      5                    4478663506                                     358500000000.0000000000
    989      5                    4483568041                                     359000000000.0000000000
    656      5                    4488786313                                     359500000000.0000000000
    152      5                    4494421986                                     360000000000.0000000000
    656      5                    4500994180                                     360500000000.0000000000
    152      5                    4505144002                                     361000000000.0000000000
    200      5                    4509813955                                     361500000000.0000000000
    656      5                    4515936929                                     362000000000.0000000000
    152      5                    4521122587                                     362500000000.0000000000
     24      5                    4525956809                                     363000000000.0000000000
    750      5                    4531688425                                     363500000000.0000000000
    200      5                    4536175546                                     364000000000.0000000000
    989      5                    4541240131                                     364500000000.0000000000
     24      5                    4546412405                                     365000000000.0000000000
    200      5                    4551538244                                     365500000000.0000000000
    656      5                    4557077093                                     366000000000.0000000000
    656      5                    4562142221                                     366500000000.0000000000
    656      5                    4567499959                                     367000000000.0000000000
    989      5                    4572481313                                     367500000000.0000000000
     24      5                    4578198320                                     368000000000.0000000000
     24      5                    4583554938                                     368500000000.0000000000
     24      5                    4588679109                                     369000000000.0000000000
    200      5                    4593634095                                     369500000000.0000000000
    989      5                    4598691109                                     370000000000.0000000000
    200      5                    4604006890                                     370500000000.0000000000
    733      5                    4609169105                                     371000000000.0000000000
     24      5                    4614424643                                     371500000000.0000000000
    733      5                    4619738427                                     372000000000.0000000000
    152      5                    4625419474                                     372500000000.0000000000
    152      5                    4630116637                                     373000000000.0000000000
     24      5                    4635662840                                     373500000000.0000000000
    200      5                    4642078594                                     374000000000.0000000000
    656      5                    4646801031                                     374500000000.0000000000
    656      5                    4651610885                                     375000000000.0000000000
    152      5                    4656446237                                     375500000000.0000000000
    152      5                    4661809766                                     376000000000.0000000000
    989      5                    4666934136                                     376500000000.0000000000
     24      5                    4672281174                                     377000000000.0000000000
     24      5                    4677900478                                     377500000000.0000000000
    989      5                    4682763597                                     378000000000.0000000000
     24      5                    4688043934                                     378500000000.0000000000
    152      5                    4693093552                                     379000000000.0000000000
    152      5                    4698535878                                     379500000000.0000000000
    200      5                    4703789064                                     380000000000.0000000000
    200      5                    4709825382                                     380500000000.0000000000
    989      5                    4714081281                                     381000000000.0000000000
    152      5                    4720456309                                     381500000000.0000000000
    200      5                    4724976255                                     382000000000.0000000000
    200      5                    4730136048                                     382500000000.0000000000
    200      5                    4735200503                                     383000000000.0000000000
     24      5                    4740881325                                     383500000000.0000000000
    200      5                    4745733705                                     384000000000.0000000000
    656      5                    4751141108                                     384500000000.0000000000
     24      5                    4756414563                                     385000000000.0000000000
    200      5                    4761177578                                     385500000000.0000000000
    200      5                    4766437493                                     386000000000.0000000000
    656      5                    4772117936                                     386500000000.0000000000
    989      5                    4777225178                                     387000000000.0000000000
     24      5                    4782234656                                     387500000000.0000000000
    152      5                    4787700842                                     388000000000.0000000000
    273      5                    4793382497                                     388500000000.0000000000
    152      5                    4798201555                                     389000000000.0000000000
    200      5                    4803467656                                     389500000000.0000000000
     24      5                    4808418497                                     390000000000.0000000000
    200      5                    4814018031                                     390500000000.0000000000
    733      5                    4818979780                                     391000000000.0000000000
    656      5                    4824388178                                     391500000000.0000000000
     24      5                    4829990556                                     392000000000.0000000000
    200      5                    4834877427                                     392500000000.0000000000
     24      5                    4840107080                                     393000000000.0000000000
    200      5                    4845089969                                     393500000000.0000000000
    200      5                    4851505244                                     394000000000.0000000000
    200      5                    4856445214                                     394500000000.0000000000
    656      5                    4862037148                                     395000000000.0000000000
    656      5                    4866369154                                     395500000000.0000000000
    200      5                    4873089106                                     396000000000.0000000000
    656      5                    4876617918                                     396500000000.0000000000
    537      2                    4915180236                                     397000000000.0000000000
    707      2                    4928483331                                     399500000000.0000000000
    933      2                    4932944624                                     400000000000.0000000000
    172      2                    5031132928                                     400500000000.0000000000
    967      2                    5086968669                                     406500000000.0000000000
    933      2                    5111143539                                     410000000000.0000000000
    138      2                    5115140385                                     411500000000.0000000000
     50      2                    5174060234                                     412000000000.0000000000
    568      2                    5227290136                                     415500000000.0000000000
    612      2                    5473685836                                     419000000000.0000000000
    154      2                    5586976157                                     434500000000.0000000000
    707      2                    5635608842                                     442000000000.0000000000
     89      2                    5755934816                                     445000000000.0000000000
    933      2                    5767144412                                     452500000000.0000000000
    707      2                    5776512671                                     453000000000.0000000000
    164      2                    5783690370                                     453500000000.0000000000
     89      2                    5790383123                                     454000000000.0000000000
    568      2                    5830641629                                     454500000000.0000000000
    933      2                    5847542930                                     457000000000.0000000000
    612      2                    5904243374                                     458000000000.0000000000
    707      2                    5997742896                                     462000000000.0000000000
    967      2                    6026348810                                     467500000000.0000000000
    933      2                    6145421881                                     469500000000.0000000000
     89      2                    6263003382                                     477000000000.0000000000
    967      2                    6285327640                                     484500000000.0000000000
    612      2                    6319378422                                     486000000000.0000000000
    967      2                    6349680603                                     488000000000.0000000000
    537      2                    6404162713                                     490000000000.0000000000
    707      2                    6446092340                                     493500000000.0000000000
    226      2                    6475800875                                     496000000000.0000000000
    933      2                    6573317983                                     498000000000.0000000000
    676      0                    6573317983                                     503782322133.4768808484
