    118      0                             0                                                0.0000000000
    118      0                           263                                        500000000.0000000000
    168      2                          8097                                      10500000000.0000000000
    166      2                         36057                                      11500000000.0000000000
    169      2                         47334                                      15000000000.0000000000
    202      2                        107114                                      16000000000.0000000000
    166      2                        159214                                      23000000000.0000000000
     64      2                        172418                                      29000000000.0000000000
     64      2                        203898                                      30500000000.0000000000
    166      2                        224719                                      34500000000.0000000000
     64      2                        320090                                      36500000000.0000000000
     64      2                        333460                                      47500000000.0000000000
    202      2                        355999                                      49500000000.0000000000
    202      2                        381642                                      52000000000.0000000000
    169      2                        397741                                      55000000000.0000000000
    130      2                        400189                                      56500000000.0000000000
    202      2                        419443                                      57000000000.0000000000
    202      2                        457606                                      59000000000.0000000000
    166      2                        518161                                      63500000000.0000000000
     64      2                        529552                                      70500000000.0000000000
    168      2                        532933                                      72000000000.0000000000
    202      2                        548255                                      72500000000.0000000000
    130      2                        558434                                      74000000000.0000000000
    169      2                        562390                                      75000000000.0000000000
    166      2                        608379                                      75500000000.0000000000
     50      2                        620352                                      81000000000.0000000000
     64      2                        629993                                      82500000000.0000000000
    202      2                        675484                                      83500000000.0000000000
    166      2                        700970                                      88500000000.0000000000
    202      2                        744203                                      91500000000.0000000000
    202      2                        766345                                      96500000000.0000000000
    166      2                        792636                                      99000000000.0000000000
     64      2                        800313                                     102000000000.0000000000
    168      2                        817624                                     103000000000.0000000000
    202      2                        855675                                     105000000000.0000000000
     64      2                        906671                                     109500000000.0000000000
    130      2                        915175                                     115500000000.0000000000
    202      2                        927410                                     116500000000.0000000000
    166      2                        987365                                     117500000000.0000000000
    166      2                       1042070                                     124500000000.0000000000
    202      2                       1118043                                     131000000000.0000000000
    202      2                       1203512                                     140000000000.0000000000
    130      2                       1215978                                     149500000000.0000000000
    119      2                       1219246                                     151000000000.0000000000
    166      2                       1256297                                     151500000000.0000000000
    168      2                       1257579                                     155500000000.0000000000
     64      2                       1268487                                     156000000000.0000000000
    168      2                       1272823                                     157000000000.0000000000
    202      2                       1291785                                     157500000000.0000000000
    168      2                       1307655                                     160000000000.0000000000
    169      2                       1316152                                     161500000000.0000000000
    168      2                       1321140                                     162500000000.0000000000
    169      2                       1346099                                     163000000000.0000000000
    130      2                       1353850                                     166000000000.0000000000
    130      2                       1358349                                     167000000000.0000000000
    202      2                       1419063                                     167500000000.0000000000
    202      2                       1450978                                     174500000000.0000000000
     64      2                       1458738                                     178500000000.0000000000
     64      2                       1459768                                     179000000000.0000000000
    202      2                       1486847                                     179500000000.0000000000
     64      2                       1542270                                     182500000000.0000000000
    168      2                       1547394                                     189000000000.0000000000
    168      2                       1553166                                     189500000000.0000000000
    169      2                       1602818                                     190000000000.0000000000
    202      2                       1654933                                     196000000000.0000000000
    202      2                       1685415                                     202000000000.0000000000
    169      2                       1701981                                     205500000000.0000000000
    121      5                       1703522                                     207500000000.0000000000
    150      5                       1705295                                     208000000000.0000000000
    114      5                       1706781                                     208500000000.0000000000
    150      5                       1708241                                     209000000000.0000000000
    124      5                       1710082                                     209500000000.0000000000
     24      5                       1711591                                     210000000000.0000000000
     24      5                       1713172                                     210500000000.0000000000
    150      5                       1715107                                     211000000000.0000000000
    124      5                       1716697                                     211500000000.0000000000
    157      5                       1718118                                     212000000000.0000000000
     24      5                       1719353                                     212500000000.0000000000
     24      5                       1721157                                     213000000000.0000000000
     24      5                       1722737                                     213500000000.0000000000
    102      5                       1724500                                     214000000000.0000000000
    121      5                       1726444                                     214500000000.0000000000
    150      5                       1727726                                     215000000000.0000000000
    121      5                       1729275                                     215500000000.0000000000
    157      5                       1730690                                     216000000000.0000000000
    114      5                       1732653                                     216500000000.0000000000
    157      5                       1734426                                     217000000000.0000000000
     24      5                       1736116                                     217500000000.0000000000
     24      5                       1737866                                     218000000000.0000000000
     24      5                       1739736                                     218500000000.0000000000
    157      5                       1741278                                     219000000000.0000000000
    124      5                       1743033                                     219500000000.0000000000
    124      5                       1744769                                     220000000000.0000000000
     24      5                       1746417                                     220500000000.0000000000
    114      5                       1748147                                     221000000000.0000000000
    124      5                       1750118                                     221500000000.0000000000
    124      5                       1751320                                     222000000000.0000000000
     24      5                       1752827                                     222500000000.0000000000
    102      5                       1754844                                     223000000000.0000000000
     24      5                       1756594                                     223500000000.0000000000
    124      5                       1758262                                     224000000000.0000000000
    114      5                       1759666                                     224500000000.0000000000
     75      5                       1761436                                     225000000000.0000000000
    124      5                       1762977                                     225500000000.0000000000
    157      5                       1764436                                     226000000000.0000000000
    114      5                       1766105                                     226500000000.0000000000
     24      5                       1767767                                     227000000000.0000000000
     24      5                       1769581                                     227500000000.0000000000
    121      5                       1771185                                     228000000000.0000000000
     24      5                       1773141                                     228500000000.0000000000
    121      5                       1774744                                     229000000000.0000000000
     75      5                       1776677                                     229500000000.0000000000
    157      5                       1777634                                     230000000000.0000000000
    150      5                       1779375                                     230500000000.0000000000
     24      5                       1780793                                     231000000000.0000000000
    114      5                       1782768                                     231500000000.0000000000
     24      5                       1783924                                     232000000000.0000000000
    150      5                       1785957                                     232500000000.0000000000
    121      5                       1787614                                     233000000000.0000000000
     24      5                       1789261                                     233500000000.0000000000
    114      5                       1791294                                     234000000000.0000000000
    124      5                       1792521                                     234500000000.0000000000
     24      5                       1794307                                     235000000000.0000000000
     64      2                       1838462                                     235500000000.0000000000
    169      2                       1867973                                     240500000000.0000000000
    169      2                       1885571                                     244000000000.0000000000
    202      2                       1899738                                     246000000000.0000000000
    168      2                       1908668                                     247500000000.0000000000
    202      2                       1953691                                     248500000000.0000000000
    166      2                       1993976                                     254000000000.0000000000
     64      2                       1997598                                     258500000000.0000000000
    169      2                       2001556                                     259000000000.0000000000
     64      2                       2009049                                     259500000000.0000000000
    169      2                       2024234                                     260500000000.0000000000
    168      2                       2026814                                     262000000000.0000000000
    130      2                       2033943                                     262500000000.0000000000
    169      2                       2048758                                     263000000000.0000000000
     64      2                       2056217                                     265000000000.0000000000
    168      2                       2058528                                     265500000000.0000000000
    202      2                       2072445                                     266000000000.0000000000
     50      2                       2079039                                     267500000000.0000000000
     64      2                       2093141                                     268500000000.0000000000
    169      2                       2111298                                     270000000000.0000000000
    166      2                       2246627                                     272000000000.0000000000
    168      2                       2256284                                     288000000000.0000000000
    202      2                       2283871                                     289000000000.0000000000
    166      2                       2347593                                     292000000000.0000000000
    168      2                       2360084                                     299500000000.0000000000
    202      2                       2377672                                     301000000000.0000000000
    168      2                       2395928                                     303000000000.0000000000
    169      2                       2420394                                     305000000000.0000000000
     78      2                       2426997                                     307500000000.0000000000
    166      2                       2445724                                     308500000000.0000000000
    166      2                       2493204                                     310500000000.0000000000
    130      2                       2511579                                     316000000000.0000000000
     78      2                       2512313                                     318000000000.0000000000
    130      2                       2531115                                     318500000000.0000000000
    169      2                       2552531                                     320500000000.0000000000
    130      2                       2561642                                     323000000000.0000000000
    202      2                       2593929                                     324000000000.0000000000
    130      2                       2598728                                     327500000000.0000000000
    169      2                       2611027                                     328000000000.0000000000
    202      2                       2645261                                     329500000000.0000000000
    202      2                       2690056                                     333500000000.0000000000
    202      2                       2754810                                     338500000000.0000000000
    202      2                       2775593                                     346000000000.0000000000
    168      2                       2780763                                     348500000000.0000000000
    119      2                       2793496                                     349000000000.0000000000
    202      2                       2807681                                     350500000000.0000000000
    166      2                       2828486                                     352500000000.0000000000
    168      2                       2846006                                     354500000000.0000000000
    130      2                       2847154                                     356500000000.0000000000
    202      2                       2862715                                     357000000000.0000000000
    169      2                       2912831                                     358500000000.0000000000
    130      2                       2916689                                     364500000000.0000000000
    202      2                       2940797                                     365000000000.0000000000
    130      2                       2954397                                     368000000000.0000000000
    169      2                       2994260                                     369500000000.0000000000
     90      2                       3002714                                     374000000000.0000000000
    168      2                       3024961                                     375000000000.0000000000
    168      2                       3056117                                     377500000000.0000000000
    202      2                       3083346                                     381000000000.0000000000
    202      2                       3142600                                     384000000000.0000000000
    166      2                       3187616                                     391000000000.0000000000
    169      2                       3199745                                     396000000000.0000000000
    169      2                       3205252                                     397500000000.0000000000
    202      2                       3225473                                     398500000000.0000000000
     64      2                       3233773                                     400500000000.0000000000
    130      2                       3243763                                     401500000000.0000000000
     64      2                       3270993                                     402500000000.0000000000
    168      2                       3283439                                     406000000000.0000000000
    166      2                       3297861                                     407000000000.0000000000
    166      2                       3362426                                     409000000000.0000000000
    202      2                       3421955                                     416500000000.0000000000
    169      2                       3435070                                     423000000000.0000000000
    202      2                       3445353                                     424500000000.0000000000
    130      2                       3464313                                     426000000000.0000000000
    202      2                       3477586                                     428000000000.0000000000
    170      2                       3485280                                     429500000000.0000000000
    183      1                       3529973                                     430500000000.0000000000
    103      7                       3529973                                     555502780815.0674870014
