    173      3                             0                                                0.0000000000
    173      3                             3                                        500000000.0000000000
    124      5                           811                                      10500000000.0000000000
    121      5                          2790                                      11000000000.0000000000
    150      5                          4319                                      11500000000.0000000000
     75      5                          6039                                      12000000000.0000000000
     24      5                          8067                                      12500000000.0000000000
    150      5                          9551                                      13000000000.0000000000
     75      5                         10813                                      13500000000.0000000000
    124      5                         12493                                      14000000000.0000000000
    150      5                         14115                                      14500000000.0000000000
    157      5                         15851                                      15000000000.0000000000
    121      5                         17271                                      15500000000.0000000000
     24      5                         19090                                      16000000000.0000000000
    150      5                         20750                                      16500000000.0000000000
     90      2                         39164                                      17000000000.0000000000
    202      2                         42285                                      19000000000.0000000000
     64      2                         52470                                      19500000000.0000000000
    169      2                         67114                                      20500000000.0000000000
     64      2                         73691                                      22000000000.0000000000
     64      2                         82185                                      23000000000.0000000000
    202      2                        116339                                      24000000000.0000000000
    121      5                        117817                                      28000000000.0000000000
    121      5                        119400                                      28500000000.0000000000
    124      5                        121022                                      29000000000.0000000000
    150      5                        122531                                      29500000000.0000000000
     75      5                        124403                                      30000000000.0000000000
     24      5                        125840                                      30500000000.0000000000
    114      5                        127406                                      31000000000.0000000000
    121      5                        129159                                      31500000000.0000000000
    124      5                        131246                                      32000000000.0000000000
     75      5                        132837                                      32500000000.0000000000
    157      5                        134810                                      33000000000.0000000000
    124      5                        136680                                      33500000000.0000000000
     24      5                        138048                                      34000000000.0000000000
     24      5                        139621                                      34500000000.0000000000
     75      5                        141257                                      35000000000.0000000000
    124      5                        142767                                      35500000000.0000000000
    157      5                        144795                                      36000000000.0000000000
     75      5                        146379                                      36500000000.0000000000
    124      5                        148500                                      37000000000.0000000000
     75      5                        150122                                      37500000000.0000000000
     24      5                        151644                                      38000000000.0000000000
    121      5                        153194                                      38500000000.0000000000
    121      5                        155117                                      39000000000.0000000000
     24      5                        156258                                      39500000000.0000000000
    121      5                        158011                                      40000000000.0000000000
    114      5                        159655                                      40500000000.0000000000
    102      5                        161557                                      41000000000.0000000000
     75      5                        163118                                      41500000000.0000000000
    102      5                        164762                                      42000000000.0000000000
    124      5                        166173                                      42500000000.0000000000
    150      5                        167918                                      43000000000.0000000000
    150      5                        169160                                      43500000000.0000000000
     75      5                        170796                                      44000000000.0000000000
    121      5                        172517                                      44500000000.0000000000
    114      5                        174188                                      45000000000.0000000000
    124      5                        175523                                      45500000000.0000000000
    124      5                        177616                                      46000000000.0000000000
     75      5                        179532                                      46500000000.0000000000
    157      5                        181140                                      47000000000.0000000000
    124      5                        182820                                      47500000000.0000000000
    121      5                        184102                                      48000000000.0000000000
    157      5                        185862                                      48500000000.0000000000
    124      5                        187512                                      49000000000.0000000000
    124      5                        189150                                      49500000000.0000000000
    124      5                        191149                                      50000000000.0000000000
    124      5                        192892                                      50500000000.0000000000
    102      5                        194446                                      51000000000.0000000000
    121      5                        196184                                      51500000000.0000000000
    121      5                        197999                                      52000000000.0000000000
    114      5                        199655                                      52500000000.0000000000
    124      5                        201544                                      53000000000.0000000000
    150      5                        202932                                      53500000000.0000000000
     75      5                        204350                                      54000000000.0000000000
    157      5                        206618                                      54500000000.0000000000
    157      5                        208176                                      55000000000.0000000000
    124      5                        209904                                      55500000000.0000000000
    150      5                        211254                                      56000000000.0000000000
     75      5                        212559                                      56500000000.0000000000
    114      5                        214621                                      57000000000.0000000000
    114      5                        215935                                      57500000000.0000000000
     75      5                        217549                                      58000000000.0000000000
    157      5                        219087                                      58500000000.0000000000
     75      5                        221012                                      59000000000.0000000000
     75      5                        222980                                      59500000000.0000000000
    121      5                        224784                                      60000000000.0000000000
     24      5                        226646                                      60500000000.0000000000
    150      5                        228147                                      61000000000.0000000000
     24      5                        229998                                      61500000000.0000000000
    150      5                        231620                                      62000000000.0000000000
     24      5                        233343                                      62500000000.0000000000
    114      5                        235089                                      63000000000.0000000000
    121      5                        236748                                      63500000000.0000000000
     75      5                        238528                                      64000000000.0000000000
    114      5                        240243                                      64500000000.0000000000
    124      5                        241901                                      65000000000.0000000000
     24      5                        243850                                      65500000000.0000000000
    121      5                        245393                                      66000000000.0000000000
     75      5                        247368                                      66500000000.0000000000
    124      5                        249513                                      67000000000.0000000000
    121      5                        251437                                      67500000000.0000000000
    124      5                        252917                                      68000000000.0000000000
     75      5                        254927                                      68500000000.0000000000
    114      5                        256169                                      69000000000.0000000000
    114      5                        257808                                      69500000000.0000000000
     75      5                        259385                                      70000000000.0000000000
    102      5                        260960                                      70500000000.0000000000
    114      5                        263030                                      71000000000.0000000000
    102      5                        264683                                      71500000000.0000000000
    124      5                        266136                                      72000000000.0000000000
     75      5                        268337                                      72500000000.0000000000
     75      5                        269797                                      73000000000.0000000000
    102      5                        271493                                      73500000000.0000000000
     75      5                        273027                                      74000000000.0000000000
    114      5                        274655                                      74500000000.0000000000
    124      5                        276295                                      75000000000.0000000000
     24      5                        277797                                      75500000000.0000000000
    114      5                        279467                                      76000000000.0000000000
    102      5                        281334                                      76500000000.0000000000
     24      5                        283274                                      77000000000.0000000000
    121      5                        284500                                      77500000000.0000000000
    124      5                        286161                                      78000000000.0000000000
     24      5                        287441                                      78500000000.0000000000
    124      5                        288542                                      79000000000.0000000000
    121      5                        290138                                      79500000000.0000000000
     75      5                        291690                                      80000000000.0000000000
    121      5                        293898                                      80500000000.0000000000
    150      5                        296272                                      81000000000.0000000000
    138      5                        297457                                      81500000000.0000000000
     24      5                        299517                                      82000000000.0000000000
    124      5                        300747                                      82500000000.0000000000
    114      5                        302405                                      83000000000.0000000000
    157      5                        304563                                      83500000000.0000000000
    157      5                        305975                                      84000000000.0000000000
     24      5                        307690                                      84500000000.0000000000
    114      5                        309336                                      85000000000.0000000000
    157      5                        311198                                      85500000000.0000000000
    121      5                        312927                                      86000000000.0000000000
    121      5                        314864                                      86500000000.0000000000
    124      5                        316616                                      87000000000.0000000000
    157      5                        318953                                      87500000000.0000000000
    157      5                        320071                                      88000000000.0000000000
     75      5                        321818                                      88500000000.0000000000
    124      5                        323548                                      89000000000.0000000000
    124      5                        325185                                      89500000000.0000000000
    121      5                        326798                                      90000000000.0000000000
     75      5                        328338                                      90500000000.0000000000
    114      5                        330117                                      91000000000.0000000000
     24      5                        331545                                      91500000000.0000000000
     24      5                        333083                                      92000000000.0000000000
    102      5                        334805                                      92500000000.0000000000
    124      5                        336287                                      93000000000.0000000000
    124      5                        338090                                      93500000000.0000000000
     24      5                        339997                                      94000000000.0000000000
    157      5                        341630                                      94500000000.0000000000
    121      5                        343177                                      95000000000.0000000000
     75      5                        344711                                      95500000000.0000000000
    124      5                        346579                                      96000000000.0000000000
    124      5                        348841                                      96500000000.0000000000
    102      5                        349936                                      97000000000.0000000000
    157      5                        351704                                      97500000000.0000000000
    150      5                        353020                                      98000000000.0000000000
    150      5                        355015                                      98500000000.0000000000
    150      5                        356155                                      99000000000.0000000000
     24      5                        357565                                      99500000000.0000000000
    114      5                        358906                                     100000000000.0000000000
    157      5                        360963                                     100500000000.0000000000
    124      5                        362825                                     101000000000.0000000000
    114      5                        363842                                     101500000000.0000000000
    102      5                        365206                                     102000000000.0000000000
    124      5                        367092                                     102500000000.0000000000
    157      5                        368590                                     103000000000.0000000000
    114      5                        369974                                     103500000000.0000000000
     75      5                        372103                                     104000000000.0000000000
     24      5                        373520                                     104500000000.0000000000
     75      5                        375457                                     105000000000.0000000000
    157      5                        376630                                     105500000000.0000000000
    121      5                        378300                                     106000000000.0000000000
    157      5                        380420                                     106500000000.0000000000
    114      5                        381962                                     107000000000.0000000000
     75      5                        383768                                     107500000000.0000000000
    114      5                        385031                                     108000000000.0000000000
    121      5                        386810                                     108500000000.0000000000
    157      5                        388655                                     109000000000.0000000000
    114      5                        390081                                     109500000000.0000000000
    150      5                        391764                                     110000000000.0000000000
     24      5                        393575                                     110500000000.0000000000
     75      5                        395051                                     111000000000.0000000000
    124      5                        397155                                     111500000000.0000000000
    121      5                        398715                                     112000000000.0000000000
    121      5                        400632                                     112500000000.0000000000
     75      5                        402038                                     113000000000.0000000000
     24      5                        403705                                     113500000000.0000000000
     24      5                        405686                                     114000000000.0000000000
    102      5                        408480                                     114500000000.0000000000
    114      5                        410284                                     115000000000.0000000000
     24      5                        411655                                     115500000000.0000000000
    124      5                        414054                                     116000000000.0000000000
    121      5                        415645                                     116500000000.0000000000
     24      5                        416874                                     117000000000.0000000000
     75      5                        418573                                     117500000000.0000000000
     75      5                        419896                                     118000000000.0000000000
    124      5                        422245                                     118500000000.0000000000
    124      5                        423273                                     119000000000.0000000000
    157      5                        425046                                     119500000000.0000000000
    114      5                        426526                                     120000000000.0000000000
     24      5                        428091                                     120500000000.0000000000
     24      5                        429756                                     121000000000.0000000000
    114      5                        431749                                     121500000000.0000000000
    121      5                        433451                                     122000000000.0000000000
    121      5                        435291                                     122500000000.0000000000
     24      5                        436942                                     123000000000.0000000000
     24      5                        438593                                     123500000000.0000000000
    124      5                        440353                                     124000000000.0000000000
     75      5                        441555                                     124500000000.0000000000
    150      5                        443450                                     125000000000.0000000000
    157      5                        444498                                     125500000000.0000000000
    124      5                        446535                                     126000000000.0000000000
     75      5                        448103                                     126500000000.0000000000
    124      5                        450001                                     127000000000.0000000000
    121      5                        451758                                     127500000000.0000000000
    157      5                        453401                                     128000000000.0000000000
    124      5                        454856                                     128500000000.0000000000
    124      5                        456647                                     129000000000.0000000000
     24      5                        458725                                     129500000000.0000000000
     75      5                        460068                                     130000000000.0000000000
     24      5                        461742                                     130500000000.0000000000
    121      5                        463313                                     131000000000.0000000000
    114      5                        464877                                     131500000000.0000000000
     24      5                        466673                                     132000000000.0000000000
    157      5                        468424                                     132500000000.0000000000
    114      5                        470136                                     133000000000.0000000000
    157      5                        471785                                     133500000000.0000000000
    157      5                        473467                                     134000000000.0000000000
     24      5                        475741                                     134500000000.0000000000
    124      5                        477294                                     135000000000.0000000000
     24      5                        478896                                     135500000000.0000000000
    157      5                        480986                                     136000000000.0000000000
     75      5                        482828                                     136500000000.0000000000
    124      5                        484341                                     137000000000.0000000000
     75      5                        485911                                     137500000000.0000000000
    157      5                        487276                                     138000000000.0000000000
    124      5                        489127                                     138500000000.0000000000
    157      5                        490775                                     139000000000.0000000000
    150      5                        492732                                     139500000000.0000000000
    157      5                        494670                                     140000000000.0000000000
     75      5                        496207                                     140500000000.0000000000
    157      5                        497861                                     141000000000.0000000000
     24      5                        499484                                     141500000000.0000000000
    102      5                        501676                                     142000000000.0000000000
    157      5                        503599                                     142500000000.0000000000
    121      5                        505662                                     143000000000.0000000000
    102      5                        507528                                     143500000000.0000000000
     75      5                        509011                                     144000000000.0000000000
    124      5                        510757                                     144500000000.0000000000
     24      5                        513085                                     145000000000.0000000000
    114      5                        515003                                     145500000000.0000000000
    124      5                        516416                                     146000000000.0000000000
     24      5                        517909                                     146500000000.0000000000
    121      5                        519841                                     147000000000.0000000000
    124      5                        521608                                     147500000000.0000000000
    150      5                        523660                                     148000000000.0000000000
     75      5                        525035                                     148500000000.0000000000
     75      5                        526846                                     149000000000.0000000000
     24      5                        528697                                     149500000000.0000000000
    102      5                        529852                                     150000000000.0000000000
    157      5                        531649                                     150500000000.0000000000
     75      5                        533343                                     151000000000.0000000000
     24      5                        535129                                     151500000000.0000000000
    157      5                        536625                                     152000000000.0000000000
    124      5                        538932                                     152500000000.0000000000
     24      5                        540698                                     153000000000.0000000000
    114      5                        542488                                     153500000000.0000000000
     75      5                        543867                                     154000000000.0000000000
    150      5                        545155                                     154500000000.0000000000
    121      5                        546921                                     155000000000.0000000000
     24      5                        548770                                     155500000000.0000000000
    150      5                        550679                                     156000000000.0000000000
    157      5                        552297                                     156500000000.0000000000
    114      5                        553804                                     157000000000.0000000000
     24      5                        555735                                     157500000000.0000000000
    124      5                        557507                                     158000000000.0000000000
     24      5                        558989                                     158500000000.0000000000
    121      5                        560742                                     159000000000.0000000000
    102      5                        562438                                     159500000000.0000000000
    102      5                        563957                                     160000000000.0000000000
    121      5                        565618                                     160500000000.0000000000
     24      5                        567510                                     161000000000.0000000000
     75      5                        569934                                     161500000000.0000000000
     75      5                        571298                                     162000000000.0000000000
    121      5                        572766                                     162500000000.0000000000
    102      5                        574076                                     163000000000.0000000000
     75      5                        575594                                     163500000000.0000000000
     24      5                        577077                                     164000000000.0000000000
    114      5                        578917                                     164500000000.0000000000
    114      5                        580714                                     165000000000.0000000000
    157      5                        582204                                     165500000000.0000000000
     75      5                        584292                                     166000000000.0000000000
    124      5                        586238                                     166500000000.0000000000
     24      5                        587955                                     167000000000.0000000000
     75      5                        589510                                     167500000000.0000000000
    102      5                        591122                                     168000000000.0000000000
    124      5                        592946                                     168500000000.0000000000
    121      5                        594301                                     169000000000.0000000000
     24      5                        596313                                     169500000000.0000000000
    124      5                        597842                                     170000000000.0000000000
     24      5                        599467                                     170500000000.0000000000
    157      5                        601331                                     171000000000.0000000000
     24      5                        603653                                     171500000000.0000000000
    150      5                        605461                                     172000000000.0000000000
    121      5                        606906                                     172500000000.0000000000
     24      5                        608406                                     173000000000.0000000000
    202      2                        660764                                     173500000000.0000000000
     64      2                        678690                                     179500000000.0000000000
     64      2                        700043                                     181500000000.0000000000
    202      2                        723449                                     184000000000.0000000000
    166      2                        739941                                     186500000000.0000000000
    202      2                        769422                                     188500000000.0000000000
    169      2                        777076                                     192000000000.0000000000
    202      2                        864734                                     192500000000.0000000000
    202      2                        921188                                     203000000000.0000000000
    119      2                        924880                                     209500000000.0000000000
    166      2                        942453                                     210000000000.0000000000
    130      2                        957974                                     212000000000.0000000000
    168      2                        976959                                     213500000000.0000000000
     64      2                       1007898                                     216000000000.0000000000
     64      2                       1015227                                     219500000000.0000000000
     78      2                       1018930                                     220000000000.0000000000
    202      2                       1039938                                     220500000000.0000000000
     64      2                       1041946                                     223000000000.0000000000
    166      2                       1064515                                     223500000000.0000000000
    166      2                       1111074                                     226000000000.0000000000
     64      2                       1121978                                     231500000000.0000000000
    202      2                       1142584                                     232500000000.0000000000
    130      2                       1155402                                     235000000000.0000000000
    202      2                       1180278                                     236500000000.0000000000
     64      2                       1186122                                     239500000000.0000000000
    166      2                       1211567                                     240000000000.0000000000
    202      2                       1267498                                     243000000000.0000000000
    168      2                       1271030                                     249500000000.0000000000
    166      2                       1293652                                     250000000000.0000000000
    166      2                       1360133                                     252500000000.0000000000
     90      2                       1364831                                     260000000000.0000000000
    130      2                       1372190                                     260500000000.0000000000
    166      2                       1386791                                     261500000000.0000000000
     78      2                       1395946                                     263000000000.0000000000
    166      2                       1418264                                     264000000000.0000000000
    166      2                       1431409                                     266500000000.0000000000
    166      2                       1466121                                     268000000000.0000000000
    166      2                       1471572                                     272000000000.0000000000
    202      2                       1517409                                     273000000000.0000000000
    166      2                       1561325                                     278000000000.0000000000
    168      2                       1565304                                     283000000000.0000000000
    202      2                       1589056                                     283500000000.0000000000
     64      2                       1597486                                     286500000000.0000000000
    168      2                       1608695                                     287500000000.0000000000
    166      2                       1616137                                     288500000000.0000000000
    168      2                       1638167                                     289500000000.0000000000
    168      2                       1656022                                     292000000000.0000000000
    202      2                       1691965                                     294000000000.0000000000
     64      2                       1704031                                     298000000000.0000000000
    166      2                       1714627                                     299500000000.0000000000
     78      2                       1728901                                     301000000000.0000000000
     64      2                       1731667                                     302500000000.0000000000
    169      2                       1737396                                     303000000000.0000000000
    202      2                       1772059                                     303500000000.0000000000
     64      2                       1776383                                     307500000000.0000000000
    130      2                       1790412                                     308000000000.0000000000
     64      2                       1792395                                     309500000000.0000000000
     64      2                       1804274                                     310000000000.0000000000
    202      2                       1818004                                     311500000000.0000000000
    202      2                       1843811                                     313000000000.0000000000
     64      2                       1862099                                     316000000000.0000000000
    202      2                       1878701                                     318000000000.0000000000
     64      2                       1890471                                     320000000000.0000000000
    202      2                       1912040                                     321500000000.0000000000
    169      2                       1926673                                     324000000000.0000000000
    202      2                       1938921                                     325500000000.0000000000
    202      2                       1991396                                     327000000000.0000000000
    130      2                       1999855                                     333000000000.0000000000
    202      2                       2013200                                     334000000000.0000000000
    168      2                       2019897                                     335500000000.0000000000
    202      2                       2065496                                     336500000000.0000000000
    166      2                       2091837                                     341500000000.0000000000
    169      2                       2149571                                     344500000000.0000000000
     64      2                       2162110                                     351500000000.0000000000
    202      2                       2197116                                     352500000000.0000000000
    169      2                       2203979                                     357000000000.0000000000
    202      2                       2257219                                     357500000000.0000000000
     64      2                       2276145                                     364000000000.0000000000
    202      2                       2334286                                     366000000000.0000000000
    119      2                       2353660                                     372500000000.0000000000
     50      2                       2368384                                     375000000000.0000000000
    169      2                       2382206                                     376500000000.0000000000
    169      2                       2393822                                     378000000000.0000000000
     64      2                       2434924                                     379500000000.0000000000
    130      2                       2435013                                     384000000000.0000000000
     64      2                       2443261                                     384500000000.0000000000
    130      2                       2452255                                     385000000000.0000000000
    202      2                       2467910                                     386500000000.0000000000
    130      2                       2471666                                     388000000000.0000000000
    168      2                       2484941                                     388500000000.0000000000
    169      2                       2498303                                     390000000000.0000000000
    130      2                       2509206                                     391500000000.0000000000
     64      2                       2517794                                     392500000000.0000000000
    202      2                       2523742                                     393500000000.0000000000
    166      2                       2557341                                     394500000000.0000000000
    169      2                       2582020                                     398000000000.0000000000
    168      2                       2616379                                     401000000000.0000000000
    130      2                       2618644                                     405000000000.0000000000
     64      2                       2624893                                     405500000000.0000000000
    202      2                       2660134                                     406000000000.0000000000
    169      2                       2715960                                     410000000000.0000000000
    202      2                       2737580                                     416500000000.0000000000
     64      2                       2743330                                     419000000000.0000000000
    130      2                       2806526                                     419500000000.0000000000
    168      2                       2808936                                     427000000000.0000000000
    166      2                       2812957                                     427500000000.0000000000
     64      2                       2823473                                     428000000000.0000000000
    202      2                       2860314                                     429000000000.0000000000
    119      2                       2870858                                     433000000000.0000000000
    202      2                       2882304                                     434500000000.0000000000
    166      2                       2921052                                     436000000000.0000000000
    130      2                       2940039                                     440500000000.0000000000
    168      2                       2946247                                     442500000000.0000000000
    166      2                       2993798                                     443000000000.0000000000
    187      1                       3010444                                     448500000000.0000000000
    183      1                       3011922                                     496000000000.0000000000
    187      1                       3011922                                     500002423905.5545174778
