    183      1                             0                                                0.0000000000
    183      1                          8201                                        500000000.0000000000
    133      8                         17200                                      23500000000.0000000000
     73      8                         18022                                      24500000000.0000000000
     73      8                         27093                                      25000000000.0000000000
    129      8                         33158                                      26000000000.0000000000
     73      8                         38681                                      27000000000.0000000000
    133      8                         55270                                      27500000000.0000000000
    175      8                         57139                                      29500000000.0000000000
     89      8                         61479                                      30000000000.0000000000
    175      8                         64375                                      30500000000.0000000000
     73      8                         69972                                      31000000000.0000000000
    133      8                         84673                                      31500000000.0000000000
     73      8                         87656                                      33500000000.0000000000
     89      8                         91457                                      34000000000.0000000000
     73      8                         95724                                      34500000000.0000000000
    175      8                         99203                                      35000000000.0000000000
    133      8                        103724                                      35500000000.0000000000
     73      8                        109832                                      36000000000.0000000000
     89      8                        112161                                      36500000000.0000000000
     89      8                        115267                                      37000000000.0000000000
    175      8                        120669                                      37500000000.0000000000
     73      8                        124205                                      38000000000.0000000000
     73      8                        142406                                      38500000000.0000000000
     73      8                        147002                                      41000000000.0000000000
     73      8                        153364                                      41500000000.0000000000
     89      8                        156660                                      42000000000.0000000000
     20      8                        160915                                      42500000000.0000000000
    133      8                        169318                                      43000000000.0000000000
    133      8                        174485                                      44500000000.0000000000
    175      8                        183564                                      45000000000.0000000000
    133      8                        184598                                      46000000000.0000000000
     73      8                        189161                                      46500000000.0000000000
    175      8                        193170                                      47000000000.0000000000
     73      8                        202421                                      47500000000.0000000000
     73      8                        205052                                      48500000000.0000000000
    133      8                        209319                                      49000000000.0000000000
     73      8                        215760                                      49500000000.0000000000
     73      8                        222929                                      50500000000.0000000000
     73      8                        226050                                      51000000000.0000000000
    175      8                        232731                                      51500000000.0000000000
    133      8                        235769                                      52500000000.0000000000
    133      8                        239104                                      53000000000.0000000000
     20      8                        243654                                      53500000000.0000000000
    175      8                        251434                                      54000000000.0000000000
     73      8                        255533                                      55000000000.0000000000
    133      8                        259766                                      55500000000.0000000000
    133      8                        268028                                      56000000000.0000000000
     89      8                        269716                                      57000000000.0000000000
     73      8                        275335                                      57500000000.0000000000
     89      8                        282728                                      58000000000.0000000000
     73      8                        287849                                      59000000000.0000000000
     89      8                        289247                                      59500000000.0000000000
    133      8                        294622                                      60000000000.0000000000
     73      8                        298976                                      60500000000.0000000000
     73      8                        305216                                      61000000000.0000000000
    133      8                        309599                                      62000000000.0000000000
     89      8                        312658                                      62500000000.0000000000
    129      8                        320164                                      63000000000.0000000000
    133      8                        321043                                      63500000000.0000000000
    133      8                        325338                                      64000000000.0000000000
    175      8                        334986                                      64500000000.0000000000
     73      8                        343696                                      65500000000.0000000000
    175      8                        349558                                      67000000000.0000000000
    175      8                        356082                                      67500000000.0000000000
    129      8                        367568                                      68500000000.0000000000
    133      8                        372756                                      70000000000.0000000000
     73      8                        383603                                      70500000000.0000000000
     73      8                        386350                                      72000000000.0000000000
     89      8                        390400                                      72500000000.0000000000
    175      8                        394593                                      73000000000.0000000000
    175      8                        402619                                      73500000000.0000000000
     73      8                        406119                                      74500000000.0000000000
    129      8                        410991                                      75000000000.0000000000
    133      8                        415208                                      75500000000.0000000000
    133      8                        418446                                      76000000000.0000000000
     73      8                        421886                                      76500000000.0000000000
    133      8                        425231                                      77000000000.0000000000
    129      8                        431552                                      77500000000.0000000000
     89      8                        435031                                      78000000000.0000000000
    133      8                        437115                                      78500000000.0000000000
    175      8                        440683                                      79000000000.0000000000
    175      8                        444975                                      79500000000.0000000000
    133      8                        452834                                      80000000000.0000000000
    175      8                        460540                                      81000000000.0000000000
     73      8                        465039                                      82000000000.0000000000
    133      8                        475377                                      82500000000.0000000000
     73      8                        478999                                      84000000000.0000000000
    133      8                        484809                                      84500000000.0000000000
     73      8                        486807                                      85000000000.0000000000
    133      8                        502267                                      85500000000.0000000000
    133      8                        505404                                      87000000000.0000000000
     73      8                        507664                                      87500000000.0000000000
     73      8                        515504                                      88000000000.0000000000
     73      8                        523630                                      89000000000.0000000000
     73      8                        531057                                      90000000000.0000000000
    133      8                        533336                                      91000000000.0000000000
     73      8                        538905                                      91500000000.0000000000
     89      8                        543322                                      92000000000.0000000000
    129      8                        545071                                      92500000000.0000000000
    112      1                        553357                                      93000000000.0000000000
    175      8                        554136                                     115500000000.0000000000
     73      8                        562004                                     116000000000.0000000000
    133      8                        570340                                     117000000000.0000000000
    175      8                        573733                                     118000000000.0000000000
    175      8                        580575                                     118500000000.0000000000
    133      8                        595497                                     119000000000.0000000000
    133      8                        596194                                     121000000000.0000000000
    175      8                        601062                                     121500000000.0000000000
    133      8                        606725                                     122000000000.0000000000
    175      8                        608481                                     122500000000.0000000000
     73      8                        612253                                     123000000000.0000000000
    129      8                        620247                                     123500000000.0000000000
     73      8                        631022                                     124500000000.0000000000
    175      8                        636904                                     126000000000.0000000000
     89      8                        638987                                     126500000000.0000000000
    187      1                        671161                                     127000000000.0000000000
    183      1                        694773                                     218000000000.0000000000
     92      1                        699993                                     284000000000.0000000000
    133      8                        703404                                     298500000000.0000000000
     73      8                        708119                                     299000000000.0000000000
     73      8                        713534                                     300000000000.0000000000
    129      8                        719728                                     300500000000.0000000000
    133      8                        723522                                     301500000000.0000000000
     89      8                        728544                                     302000000000.0000000000
    133      8                        732459                                     302500000000.0000000000
    175      8                        736144                                     303000000000.0000000000
    129      8                        741901                                     303500000000.0000000000
     89      8                        745721                                     304000000000.0000000000
    175      8                        752023                                     304500000000.0000000000
    175      8                        756175                                     305500000000.0000000000
    133      8                        757876                                     306000000000.0000000000
     73      8                        762047                                     306500000000.0000000000
     73      8                        765844                                     307000000000.0000000000
     73      8                        772821                                     307500000000.0000000000
    175      8                        776891                                     308500000000.0000000000
    175      8                        780533                                     309000000000.0000000000
    175      8                        785769                                     309500000000.0000000000
    133      8                        788962                                     310000000000.0000000000
     89      8                        794142                                     310500000000.0000000000
    129      8                        804001                                     311000000000.0000000000
    175      8                        807743                                     312500000000.0000000000
     73      8                        811802                                     313000000000.0000000000
     73      8                        815199                                     313500000000.0000000000
    175      8                        819440                                     314000000000.0000000000
    175      8                        823473                                     314500000000.0000000000
     89      8                        827720                                     315000000000.0000000000
    133      8                        833144                                     315500000000.0000000000
     89      8                        835471                                     316000000000.0000000000
    129      8                        849834                                     316500000000.0000000000
     73      8                        854318                                     318000000000.0000000000
     73      8                        862457                                     319000000000.0000000000
     73      8                        873932                                     320000000000.0000000000
     73      8                        878115                                     321500000000.0000000000
    175      8                        885466                                     322000000000.0000000000
    133      8                        890521                                     323000000000.0000000000
    129      8                        895122                                     323500000000.0000000000
    133      8                        901707                                     324000000000.0000000000
    175      8                        907149                                     325000000000.0000000000
     89      8                        908266                                     325500000000.0000000000
     73      8                        912497                                     326000000000.0000000000
    175      8                        916472                                     326500000000.0000000000
    175      8                        920247                                     327000000000.0000000000
    133      8                        935449                                     327500000000.0000000000
     73      8                        947016                                     329500000000.0000000000
    175      8                        950585                                     331000000000.0000000000
    133      8                        959675                                     331500000000.0000000000
     73      8                        967177                                     332500000000.0000000000
     73      8                        972350                                     333500000000.0000000000
     73      8                        978713                                     334000000000.0000000000
     73      8                        983874                                     335000000000.0000000000
    175      8                        985839                                     335500000000.0000000000
    133      8                        991411                                     336000000000.0000000000
    175      8                        994652                                     336500000000.0000000000
     73      8                        997890                                     337000000000.0000000000
     89      8                       1007580                                     337500000000.0000000000
     73      8                       1008613                                     338500000000.0000000000
    133      8                       1013581                                     339000000000.0000000000
    133      8                       1016347                                     339500000000.0000000000
    175      8                       1020940                                     340000000000.0000000000
    133      8                       1030307                                     340500000000.0000000000
    133      8                       1032892                                     341500000000.0000000000
    175      8                       1042441                                     342000000000.0000000000
     73      8                       1046699                                     343000000000.0000000000
     73      8                       1048125                                     343500000000.0000000000
     73      8                       1053911                                     344000000000.0000000000
     73      8                       1058700                                     344500000000.0000000000
    133      8                       1065155                                     345000000000.0000000000
    133      8                       1067996                                     346000000000.0000000000
     73      8                       1073819                                     346500000000.0000000000
     73      8                       1080782                                     347000000000.0000000000
     73      8                       1083538                                     348000000000.0000000000
     73      8                       1086530                                     348500000000.0000000000
    175      8                       1092992                                     349000000000.0000000000
    129      8                       1102033                                     349500000000.0000000000
    133      8                       1103206                                     350500000000.0000000000
     73      8                       1107049                                     351000000000.0000000000
     73      8                       1113080                                     351500000000.0000000000
    175      8                       1115265                                     352000000000.0000000000
     20      8                       1118656                                     352500000000.0000000000
    129      8                       1122904                                     353000000000.0000000000
     73      8                       1126204                                     353500000000.0000000000
    133      8                       1129705                                     354000000000.0000000000
    133      8                       1134427                                     354500000000.0000000000
     73      8                       1137328                                     355000000000.0000000000
    129      8                       1144683                                     355500000000.0000000000
    175      8                       1154661                                     356500000000.0000000000
     89      8                       1156691                                     357500000000.0000000000
    175      8                       1164529                                     358000000000.0000000000
    133      8                       1168444                                     359000000000.0000000000
     89      8                       1172243                                     359500000000.0000000000
     89      8                       1179817                                     360000000000.0000000000
     73      8                       1185505                                     361000000000.0000000000
    133      8                       1189743                                     361500000000.0000000000
    175      8                       1194286                                     362000000000.0000000000
    133      8                       1194995                                     362500000000.0000000000
     89      8                       1207300                                     363000000000.0000000000
    129      8                       1212489                                     364500000000.0000000000
    175      8                       1216822                                     365000000000.0000000000
    133      8                       1222022                                     365500000000.0000000000
    175      8                       1223539                                     366000000000.0000000000
    133      8                       1227377                                     366500000000.0000000000
    175      8                       1231833                                     367000000000.0000000000
    129      8                       1239863                                     367500000000.0000000000
    175      8                       1241683                                     368500000000.0000000000
    133      8                       1247202                                     369000000000.0000000000
     89      8                       1249486                                     369500000000.0000000000
    175      8                       1257030                                     370000000000.0000000000
    175      8                       1257436                                     370500000000.0000000000
    133      8                       1263670                                     371000000000.0000000000
     89      8                       1265327                                     371500000000.0000000000
    175      8                       1270040                                     372000000000.0000000000
    133      8                       1273540                                     372500000000.0000000000
    175      8                       1276852                                     373000000000.0000000000
    129      8                       1287073                                     373500000000.0000000000
    175      8                       1291387                                     374500000000.0000000000
    175      8                       1292492                                     375000000000.0000000000
    175      8                       1296544                                     375500000000.0000000000
    175      8                       1303494                                     376000000000.0000000000
    129      8                       1309655                                     377000000000.0000000000
    175      8                       1314424                                     377500000000.0000000000
     89      8                       1315644                                     378000000000.0000000000
     73      8                       1320103                                     378500000000.0000000000
     73      8                       1324211                                     379000000000.0000000000
     89      8                       1327289                                     379500000000.0000000000
    133      8                       1332081                                     380000000000.0000000000
     73      8                       1340448                                     380500000000.0000000000
     73      8                       1341750                                     381500000000.0000000000
     73      8                       1351805                                     382000000000.0000000000
    133      8                       1355226                                     383000000000.0000000000
     20      8                       1359451                                     383500000000.0000000000
    175      8                       1362260                                     384000000000.0000000000
     73      8                       1369620                                     384500000000.0000000000
    129      8                       1375412                                     385500000000.0000000000
    175      8                       1379077                                     386000000000.0000000000
     73      8                       1380444                                     386500000000.0000000000
    133      8                       1384212                                     387000000000.0000000000
    175      8                       1388622                                     387500000000.0000000000
    129      8                       1397543                                     388000000000.0000000000
     73      8                       1401899                                     389000000000.0000000000
     89      8                       1403400                                     389500000000.0000000000
    175      8                       1410398                                     390000000000.0000000000
     73      8                       1415035                                     390500000000.0000000000
    133      8                       1421399                                     391500000000.0000000000
     73      8                       1428397                                     392000000000.0000000000
     89      8                       1432696                                     393000000000.0000000000
    175      8                       1436021                                     393500000000.0000000000
    133      8                       1442136                                     394000000000.0000000000
    133      8                       1447937                                     395000000000.0000000000
     73      8                       1451659                                     395500000000.0000000000
    175      8                       1459455                                     396000000000.0000000000
    129      8                       1465439                                     397000000000.0000000000
     89      8                       1470965                                     398000000000.0000000000
     73      8                       1477925                                     398500000000.0000000000
    175      8                       1480560                                     399500000000.0000000000
     73      8                       1485346                                     400000000000.0000000000
     73      8                       1488373                                     400500000000.0000000000
     89      8                       1496801                                     401000000000.0000000000
    129      8                       1507692                                     402000000000.0000000000
     89      8                       1511531                                     403500000000.0000000000
    133      8                       1518456                                     404000000000.0000000000
     73      8                       1522218                                     404500000000.0000000000
     73      8                       1528118                                     405000000000.0000000000
     73      8                       1533379                                     406000000000.0000000000
    133      8                       1536918                                     406500000000.0000000000
     73      8                       1539933                                     407000000000.0000000000
     73      8                       1545065                                     407500000000.0000000000
    129      8                       1552913                                     408000000000.0000000000
     73      8                       1555566                                     409000000000.0000000000
    175      8                       1559862                                     409500000000.0000000000
     73      8                       1564973                                     410000000000.0000000000
     89      8                       1566491                                     410500000000.0000000000
    133      8                       1580080                                     411000000000.0000000000
     73      8                       1582811                                     412500000000.0000000000
    175      8                       1585626                                     413000000000.0000000000
    175      8                       1592382                                     413500000000.0000000000
    133      8                       1596696                                     414500000000.0000000000
     73      8                       1601449                                     415000000000.0000000000
     89      8                       1605228                                     415500000000.0000000000
     73      8                       1608459                                     416000000000.0000000000
    133      8                       1617309                                     416500000000.0000000000
     73      8                       1631096                                     417500000000.0000000000
     73      8                       1634671                                     419500000000.0000000000
     89      8                       1638591                                     420000000000.0000000000
    175      8                       1643845                                     420500000000.0000000000
     73      8                       1651739                                     421000000000.0000000000
     73      8                       1655435                                     422000000000.0000000000
    133      8                       1665716                                     422500000000.0000000000
     73      8                       1667399                                     423500000000.0000000000
    129      8                       1671879                                     424000000000.0000000000
     73      8                       1678699                                     424500000000.0000000000
     73      8                       1684161                                     425500000000.0000000000
     73      8                       1686558                                     426000000000.0000000000
     89      8                       1690937                                     426500000000.0000000000
    129      8                       1694113                                     427000000000.0000000000
     73      8                       1700661                                     427500000000.0000000000
     73      8                       1701109                                     428000000000.0000000000
     73      8                       1706286                                     428500000000.0000000000
    175      8                       1711812                                     429000000000.0000000000
    133      8                       1713645                                     429500000000.0000000000
     73      8                       1726371                                     430000000000.0000000000
     20      8                       1732852                                     431500000000.0000000000
     73      8                       1735979                                     432500000000.0000000000
     89      8                       1743119                                     433000000000.0000000000
    133      8                       1752433                                     434000000000.0000000000
     73      8                       1754583                                     435000000000.0000000000
     89      8                       1760257                                     435500000000.0000000000
    175      8                       1763742                                     436000000000.0000000000
    175      8                       1767044                                     436500000000.0000000000
     73      8                       1771566                                     437000000000.0000000000
    129      8                       1777190                                     437500000000.0000000000
     73      8                       1780223                                     438000000000.0000000000
     73      8                       1781789                                     438500000000.0000000000
     73      8                       1785992                                     439000000000.0000000000
     73      8                       1790974                                     439500000000.0000000000
     73      8                       1794122                                     440000000000.0000000000
     73      8                       1797534                                     440500000000.0000000000
    175      8                       1803222                                     441000000000.0000000000
    133      8                       1808491                                     441500000000.0000000000
    133      8                       1816905                                     442500000000.0000000000
     73      8                       1821524                                     443500000000.0000000000
    175      8                       1825497                                     444000000000.0000000000
     73      8                       1830283                                     444500000000.0000000000
    129      8                       1841261                                     445000000000.0000000000
    133      8                       1843568                                     446500000000.0000000000
     89      8                       1849028                                     447000000000.0000000000
    175      8                       1853720                                     447500000000.0000000000
     73      8                       1864052                                     448000000000.0000000000
     73      8                       1870817                                     449500000000.0000000000
     73      8                       1875286                                     450500000000.0000000000
    133      8                       1878152                                     451000000000.0000000000
    133      8                       1882354                                     451500000000.0000000000
    129      8                       1886783                                     452000000000.0000000000
    175      8                       1892350                                     452500000000.0000000000
     89      8                       1893837                                     453000000000.0000000000
     73      8                       1897680                                     453500000000.0000000000
    133      8                       1905419                                     454000000000.0000000000
    175      8                       1915044                                     455000000000.0000000000
    133      8                       1918400                                     456000000000.0000000000
     73      8                       1925787                                     456500000000.0000000000
    129      8                       1930995                                     457500000000.0000000000
    133      8                       1940033                                     458000000000.0000000000
     89      8                       1944512                                     459000000000.0000000000
     73      8                       1949404                                     460000000000.0000000000
    133      8                       1952724                                     460500000000.0000000000
    175      8                       1957417                                     461000000000.0000000000
    175      8                       1962292                                     461500000000.0000000000
     89      8                       1963940                                     462000000000.0000000000
    133      8                       1971892                                     462500000000.0000000000
    175      8                       1977327                                     463500000000.0000000000
     73      8                       1984212                                     464000000000.0000000000
    175      8                       1989438                                     465000000000.0000000000
     73      8                       1991401                                     465500000000.0000000000
    129      8                       1996889                                     466000000000.0000000000
     73      8                       2006993                                     466500000000.0000000000
     73      8                       2012363                                     468000000000.0000000000
    133      8                       2024041                                     468500000000.0000000000
     73      8                       2031038                                     470000000000.0000000000
    133      8                       2034105                                     471000000000.0000000000
     73      8                       2041760                                     471500000000.0000000000
    129      8                       2044833                                     472500000000.0000000000
    175      8                       2049358                                     473000000000.0000000000
    175      8                       2058480                                     473500000000.0000000000
     73      8                       2063674                                     474500000000.0000000000
    129      8                       2067013                                     475000000000.0000000000
    175      8                       2069935                                     475500000000.0000000000
    175      8                       2075280                                     476000000000.0000000000
     20      8                       2079210                                     476500000000.0000000000
     73      8                       2080859                                     477000000000.0000000000
     73      8                       2086052                                     477500000000.0000000000
    129      8                       2087741                                     478000000000.0000000000
     73      8                       2091804                                     478500000000.0000000000
    175      8                       2098469                                     479000000000.0000000000
     73      8                       2098991                                     479500000000.0000000000
     73      8                       2105095                                     480000000000.0000000000
     73      8                       2107478                                     480500000000.0000000000
     73      8                       2112042                                     481000000000.0000000000
     73      8                       2114924                                     481500000000.0000000000
    133      8                       2122786                                     482000000000.0000000000
     89      8                       2129814                                     483000000000.0000000000
    175      8                       2130353                                     483500000000.0000000000
    129      8                       2136245                                     484000000000.0000000000
    133      8                       2138410                                     484500000000.0000000000
    175      8                       2145041                                     485000000000.0000000000
     89      8                       2147581                                     485500000000.0000000000
     73      8                       2152199                                     486000000000.0000000000
     73      8                       2153902                                     486500000000.0000000000
    175      8                       2161910                                     487000000000.0000000000
    133      8                       2166985                                     488000000000.0000000000
    175      8                       2169914                                     488500000000.0000000000
    175      8                       2174001                                     489000000000.0000000000
    129      8                       2177113                                     489500000000.0000000000
     73      8                       2193382                                     490000000000.0000000000
     73      8                       2197069                                     492000000000.0000000000
     73      8                       2201288                                     492500000000.0000000000
     73      8                       2204934                                     493000000000.0000000000
     89      8                       2212535                                     493500000000.0000000000
    129      8                       2226114                                     494500000000.0000000000
    175      8                       2227443                                     496000000000.0000000000
     73      8                       2232531                                     496500000000.0000000000
     89      8                       2234772                                     497000000000.0000000000
     73      8                       2244508                                     497500000000.0000000000
    129      8                       2246778                                     498500000000.0000000000
    133      8                       2253331                                     499000000000.0000000000
    129      8                       2258176                                     499500000000.0000000000
    133      8                       2258176                                     500000023882.0397457778
