0.729650000000
0.000000000000
0.230650000000
0.032700000000
0.007000000000
0.998950000000
0.999250000000
1.000000000000
0.999750000000
0.999200000000
1.000000000000
1.000000000000
1.000000000000
0.332250000000
0.474600000000
1.000000000000
1.000000000000
1.000000000000
1.000000000000
0.119450000000
0.998400000000
0.000200000000
0.991950000000
1.000000000000
0.113600000000
0.332800000000
0.001300000000
0.110350000000
0.000000000000
0.135500000000
0.000000000000
1.000000000000
0.994400000000
0.999900000000
0.999500000000
0.999900000000
0.978250000000
0.000000000000
0.000000000000
0.000200000000
0.999250000000
0.000000000000
0.002350000000
0.000000000000
0.980900000000
1.000000000000
0.000000000000
0.333700000000
0.019800000000
0.019700000000
0.000150000000
0.994750000000
0.393950000000
0.999650000000
0.970600000000
0.875800000000
0.998550000000
0.998450000000
0.998450000000
0.000000000000
0.288050000000
0.998800000000
0.000000000000
0.000000000000
0.998750000000
0.964400000000
0.848650000000
0.997950000000
0.546700000000
0.016450000000
1.000000000000
0.999950000000
0.000400000000
0.000000000000
0.000000000000
0.998550000000
0.113600000000
0.000000000000
0.000000000000
0.016250000000
0.993300000000
0.542800000000
0.000000000000
0.000000000000
0.999350000000
0.999400000000
0.088100000000
0.004050000000
0.001400000000
0.000000000000
0.000150000000
0.000000000000
0.724750000000
0.974950000000
0.998250000000
0.000000000000
0.119450000000
0.000400000000
0.016450000000
0.577150000000
0.577100000000
0.587300000000
0.916750000000
0.384050000000
0.384300000000
0.182000000000
0.067800000000
0.000000000000
0.046750000000
0.000000000000
0.020100000000
0.148750000000
0.994550000000
0.088200000000
0.067800000000
0.056000000000
0.088200000000
0.020100000000
0.978800000000
0.176450000000
0.585500000000
0.994250000000
0.060450000000
0.994250000000
0.586300000000
0.586500000000
0.585800000000
0.585550000000
0.586300000000
0.000800000000
0.000400000000
0.000000000000
0.000650000000
0.012350000000
0.266900000000
0.000000000000
0.006750000000
0.009400000000
0.796800000000
0.003900000000
0.852500000000
0.012000000000
0.997050000000
0.000050000000
0.929700000000
0.040350000000
0.020000000000
0.547900000000
0.002000000000
0.000800000000
0.255950000000
0.004950000000
0.000850000000
0.000150000000
0.000700000000
0.837550000000
0.000000000000
0.003900000000
0.001400000000
0.344950000000
0.000000000000
0.000700000000
0.004000000000
0.052750000000
0.744800000000
0.001750000000
0.000100000000
0.000500000000
0.000000000000
0.000350000000
0.000000000000
0.000000000000
0.000600000000
0.000000000000
0.002650000000
0.000000000000
0.545350000000
0.033100000000
0.005000000000
0.000000000000
0.000000000000
0.000150000000
0.012350000000
0.004050000000
0.001750000000
0.318050000000
0.010400000000
0.109550000000
0.019000000000
0.000050000000
0.000000000000
0.670200000000
0.000000000000
0.000000000000
0.001700000000
0.001600000000
0.000000000000
0.000000000000
0.000000000000
0.000400000000
0.811200000000
0.020350000000
0.000700000000
0.000100000000
0.003650000000
0.975000000000
0.000050000000
0.000000000000
0.059550000000
0.127750000000
0.000000000000
0.000000000000
0.000000000000
0.971600000000
0.322150000000
0.025700000000
0.000000000000
0.001400000000
0.725050000000
0.000000000000
0.009700000000
0.008900000000
0.000000000000
0.000000000000
0.000000000000
0.000000000000
0.241900000000
0.000400000000
0.002400000000
0.000550000000
0.000050000000
0.000000000000
0.008450000000
0.000650000000
0.000850000000
0.000850000000
0.001500000000
0.000000000000
0.000000000000
0.000000000000
0.000000000000
0.000000000000
0.004450000000
0.000000000000
0.111500000000
0.000050000000
0.000900000000
0.000700000000
0.000800000000
0.331900000000
0.780050000000
0.000000000000
0.009450000000
0.828200000000
0.000100000000
0.000000000000
0.497950000000
0.000000000000
0.000050000000
0.000050000000
0.000000000000
0.185100000000
0.000000000000
0.000000000000
0.001150000000
0.004050000000
0.000000000000
0.002050000000
0.003150000000
0.112650000000
0.002450000000
0.164550000000
0.000000000000
0.000000000000
0.757200000000
0.000000000000
0.612800000000
0.000000000000
0.000000000000
0.000000000000
0.000000000000
0.016650000000
0.977400000000
0.000300000000
0.000000000000
0.642200000000
0.000000000000
0.000000000000
0.017000000000
0.018100000000
0.020100000000
0.000000000000
0.000000000000
0.000000000000
0.000000000000
0.000000000000
0.000000000000
0.001850000000
0.000000000000
0.019050000000
0.000250000000
0.000750000000
0.002950000000
0.000000000000
0.000650000000
0.000050000000
0.000000000000
0.000000000000
0.000000000000
0.651050000000
0.000000000000
0.000000000000
0.000000000000
0.000350000000
0.000000000000
0.000000000000
0.000000000000
0.000000000000
0.000000000000
0.000000000000
0.000650000000
0.000600000000
0.000000000000
0.000000000000
0.000000000000
0.000000000000
0.000000000000
0.000000000000
0.002650000000
0.000000000000
0.000000000000
0.000000000000
0.000100000000
0.000150000000
0.019150000000
0.000000000000
0.000000000000
0.000900000000
0.000700000000
0.001500000000
0.005150000000
0.066600000000
0.000000000000
0.000100000000
0.000600000000
0.006000000000
0.036600000000
0.000200000000
0.120900000000
0.018350000000
0.000000000000
0.003850000000
0.629700000000
0.000000000000
0.000000000000
0.000000000000
0.000000000000
0.000000000000
0.000000000000
0.000000000000
0.000000000000
0.000300000000
0.999100000000
0.000000000000
0.000000000000
0.000000000000
0.000000000000
0.000000000000
0.000000000000
0.000000000000
0.000000000000
0.000400000000
0.000000000000
0.000000000000
0.550150000000
0.349200000000
0.000000000000
0.000000000000
0.007150000000
0.007950000000
0.000000000000
0.036450000000
0.000050000000
0.000050000000
0.155900000000
0.198550000000
0.002800000000
0.000000000000
0.000900000000
0.249900000000
0.001300000000
0.000000000000
0.000000000000
0.000000000000
0.000200000000
0.105950000000
0.001150000000
0.000200000000
0.000000000000
0.000350000000
0.000000000000
0.000000000000
0.000050000000
0.000100000000
0.000000000000
0.000000000000
0.000000000000
0.003450000000
0.129950000000
0.000000000000
0.000000000000
0.054600000000
0.001100000000
0.000000000000
0.000000000000
0.000800000000
0.763450000000
0.005800000000
0.003400000000
0.000000000000
0.127950000000
0.056900000000
0.000000000000
0.000000000000
0.534750000000
0.254150000000
0.305650000000
0.000000000000
0.000000000000
0.000000000000
0.000000000000
0.002900000000
0.000000000000
0.000000000000
0.000000000000
0.000650000000
0.000000000000
0.000000000000
0.000050000000
0.000050000000
0.000000000000
0.002250000000
0.032850000000
0.316250000000
0.000050000000
0.001650000000
0.000000000000
0.000000000000
0.000000000000
0.000000000000
0.000000000000
0.000000000000
0.000000000000
0.000000000000
0.000250000000
0.964500000000
0.014100000000
0.000000000000
0.008500000000
0.000000000000
0.000000000000
0.000000000000
0.013350000000
0.006450000000
0.000350000000
0.000000000000
0.107650000000
0.088200000000
0.002200000000
0.000000000000
0.000000000000
0.000000000000
0.028400000000
0.067800000000
0.000000000000
0.000000000000
0.000050000000
0.000000000000
0.000000000000
0.000000000000
0.000000000000
0.000000000000
0.000000000000
0.000000000000
0.000000000000
0.000000000000
0.001400000000
0.000950000000
0.000000000000
0.000050000000
0.000000000000
0.000000000000
0.000000000000
0.000000000000
0.000000000000
0.000000000000
0.058400000000
0.000800000000
0.000000000000
0.000000000000
0.000000000000
0.031450000000
0.049400000000
0.000350000000
0.000000000000
0.000000000000
0.000000000000
0.000000000000
0.000000000000
0.000100000000
0.000000000000
0.000000000000
0.000000000000
0.020100000000
0.000000000000
0.017250000000
0.325700000000
0.019850000000
0.000000000000
0.061900000000
0.001700000000
0.000000000000
0.000000000000
0.000000000000
0.000000000000
0.000000000000
0.000000000000
0.000000000000
0.000000000000
0.000000000000
0.000000000000
0.000000000000
0.000000000000
0.000000000000
0.000000000000
0.000000000000
0.000000000000
0.000000000000
0.000000000000
0.000000000000
0.000000000000
0.000850000000
0.000100000000
0.000000000000
0.002200000000
0.000000000000
0.000000000000
0.001850000000
0.117350000000
0.000250000000
0.000250000000
0.990000000000
0.000000000000
0.000050000000
0.000000000000
0.000000000000
0.000000000000
0.000000000000
0.000050000000
0.000150000000
0.000250000000
0.000000000000
0.000000000000
0.000000000000
0.000000000000
0.000000000000
0.000000000000
0.000000000000
0.000000000000
0.001050000000
0.000000000000
0.000000000000
0.000000000000
0.000000000000
0.000000000000
0.088700000000
0.000000000000
0.000000000000
0.000000000000
0.000000000000
0.000000000000
0.000000000000
0.000000000000
0.000100000000
0.000000000000
0.000050000000
0.000000000000
0.000000000000
0.000000000000
0.000000000000
0.000000000000
0.000000000000
0.000000000000
0.000000000000
0.000000000000
0.000000000000
0.000000000000
0.000000000000
0.000000000000
0.000000000000
0.000100000000
0.000000000000
0.000100000000
0.000000000000
0.000300000000
0.000000000000
0.000000000000
0.000000000000
0.000000000000
0.000100000000
0.000000000000
0.000050000000
0.000000000000
0.000000000000
0.000000000000
0.067550000000
0.000000000000
0.000000000000
0.000000000000
0.000000000000
0.000000000000
0.000000000000
0.000000000000
0.000000000000
0.000000000000
0.000000000000
0.211800000000
0.000000000000
0.000000000000
0.000000000000
0.000000000000
0.000000000000
0.000000000000
0.000100000000
0.000000000000
0.000000000000
0.041650000000
0.000000000000
0.000000000000
0.000000000000
0.000000000000
0.000000000000
0.000000000000
0.000000000000
0.000000000000
0.694350000000
0.000000000000
0.000000000000
0.001200000000
0.000000000000
0.000300000000
0.000000000000
0.000400000000
0.000550000000
0.000000000000
0.067800000000
0.000000000000
0.000000000000
0.000000000000
0.000000000000
0.000000000000
0.000000000000
0.000000000000
0.000000000000
0.000000000000
0.000000000000
0.000000000000
0.000000000000
0.000000000000
0.000000000000
0.000000000000
0.000000000000
0.000000000000
0.000150000000
0.007250000000
0.051550000000
0.001750000000
0.000000000000
0.001900000000
0.000000000000
0.000000000000
0.000000000000
0.000000000000
0.000000000000
0.000050000000
0.000000000000
0.000000000000
0.000000000000
0.000000000000
0.000000000000
0.000300000000
0.000000000000
0.000000000000
0.000000000000
0.000000000000
0.000000000000
0.155100000000
0.000000000000
0.000000000000
0.004350000000
0.000000000000
0.000000000000
0.000000000000
0.000000000000
0.000000000000
0.929550000000
0.006100000000
0.000050000000
0.000000000000
0.000000000000
0.000000000000
0.149200000000
0.000000000000
0.000000000000
0.000000000000
0.000000000000
0.000000000000
0.004450000000
0.000000000000
0.000000000000
0.000000000000
0.000900000000
0.000000000000
0.983250000000
0.000350000000
0.000000000000
0.000000000000
0.000000000000
0.000700000000
0.000000000000
0.000000000000
0.000000000000
0.000000000000
0.000000000000
0.000000000000
0.614050000000
0.000000000000
0.822200000000
0.009600000000
0.001250000000
0.000000000000
0.115950000000
0.000000000000
0.000000000000
0.000000000000
0.000000000000
0.000000000000
0.000000000000
0.011700000000
0.000000000000
0.000000000000
0.000000000000
0.000000000000
0.000000000000
0.000600000000
0.000000000000
0.000000000000
0.005250000000
0.000000000000
0.000700000000
0.000000000000
0.000250000000
0.277450000000
0.585250000000
0.007850000000
0.000000000000
0.000000000000
0.000350000000
0.399050000000
0.074550000000
0.000300000000
0.209600000000
0.000300000000
0.000000000000
0.000000000000
0.000000000000
0.082550000000
0.000350000000
0.000000000000
0.001050000000
0.008550000000
0.321450000000
0.000000000000
0.000000000000
0.000000000000
0.000150000000
0.000000000000
0.000000000000
0.000000000000
0.000550000000
0.000000000000
0.001000000000
0.660450000000
0.000400000000
0.000000000000
0.000000000000
0.000000000000
0.000000000000
0.000000000000
0.000000000000
0.000000000000
0.006300000000
0.000200000000
0.005550000000
0.000000000000
0.000000000000
0.000000000000
0.002400000000
0.000000000000
0.000000000000
0.000000000000
0.000000000000
0.000000000000
0.000000000000
0.000000000000
0.000000000000
0.000000000000
0.000000000000
0.530050000000
0.000000000000
0.000000000000
0.000000000000
0.000000000000
0.000050000000
0.000000000000
0.001700000000
0.000000000000
0.003250000000
0.081800000000
0.000100000000
0.000900000000
0.000000000000
0.034400000000
0.000000000000
0.000000000000
0.060250000000
0.012450000000
0.003950000000
0.000150000000
0.000000000000
0.000000000000
0.000000000000
0.000000000000
0.000000000000
0.000000000000
0.006150000000
0.000000000000
0.000000000000
0.000000000000
0.000000000000
0.000000000000
0.000000000000
0.000000000000
0.000000000000
0.000000000000
0.000000000000
0.000000000000
0.000000000000
0.000000000000
0.000000000000
0.001150000000
0.000000000000
0.000050000000
0.000000000000
0.000650000000
0.113250000000
0.000000000000
0.000000000000
0.000000000000
0.000000000000
0.000000000000
0.000000000000
0.001850000000
0.000000000000
0.000000000000
0.381500000000
0.000000000000
0.000000000000
0.000000000000
0.000000000000
0.000000000000
0.000000000000
0.000000000000
0.000500000000
0.000000000000
0.000000000000
0.000050000000
0.000000000000
0.003200000000
0.000000000000
0.000000000000
0.000000000000
0.000000000000
0.000000000000
0.505750000000
0.000000000000
0.000000000000
0.000000000000
0.002650000000
0.014800000000
