    183      1                             0                                                0.0000000000
    183      1                       7697164                                        500000000.0000000000
    803      8                       9381884                                       1000000000.0000000000
    368      8                      11472365                                       1500000000.0000000000
    368      8                      15017501                                       2000000000.0000000000
    609      8                      17417815                                       3000000000.0000000000
    547      8                      18880331                                       3500000000.0000000000
    803      8                      21507250                                       4000000000.0000000000
    609      8                      22041350                                       4500000000.0000000000
    609      8                      25316117                                       5000000000.0000000000
    368      8                      28280958                                       5500000000.0000000000
    547      8                      29951424                                       6500000000.0000000000
    547      8                      31830226                                       7000000000.0000000000
    126      8                      33670344                                       7500000000.0000000000
    609      8                      35589081                                       8000000000.0000000000
    609      8                      37656236                                       8500000000.0000000000
    547      8                      39420354                                       9000000000.0000000000
    803      8                      41631948                                       9500000000.0000000000
    547      8                      47625095                                      10000000000.0000000000
    609      8                      50515394                                      11500000000.0000000000
    803      8                      52260132                                      12000000000.0000000000
    609      8                      52885822                                      12500000000.0000000000
    547      8                      54731392                                      13000000000.0000000000
    609      8                      57775179                                      13500000000.0000000000
    547      8                      61299698                                      14000000000.0000000000
    126      8                      63993403                                      15000000000.0000000000
    542      8                      67503465                                      15500000000.0000000000
    609      8                      69044498                                      16500000000.0000000000
    547      8                      75130865                                      17000000000.0000000000
    803      8                      76367206                                      18500000000.0000000000
    547      8                      83509899                                      19000000000.0000000000
    547      8                      83742685                                      20500000000.0000000000
    547      8                      88168271                                      21000000000.0000000000
    547      8                      89302117                                      22000000000.0000000000
    547      8                      91846668                                      22500000000.0000000000
    547      8                      94287828                                      23000000000.0000000000
    609      8                      95260277                                      23500000000.0000000000
    609      8                      97565624                                      24000000000.0000000000
    609      8                      99568908                                      24500000000.0000000000
    547      8                     100901482                                      25000000000.0000000000
    547      8                     102840508                                      25500000000.0000000000
    609      8                     107536691                                      26000000000.0000000000
    609      8                     111266707                                      27000000000.0000000000
    547      8                     113220032                                      28000000000.0000000000
    547      8                     114522463                                      28500000000.0000000000
    547      8                     122017327                                      29000000000.0000000000
    168      1                     597849497                                      31000000000.0000000000
    853      1                    1471544645                                      79500000000.0000000000
    609      8                    1473503765                                     169500000000.0000000000
    803      8                    1476524380                                     170000000000.0000000000
    547      8                    1478172983                                     171000000000.0000000000
    547      8                    1481317971                                     171500000000.0000000000
    803      8                    1485329020                                     172000000000.0000000000
    368      8                    1486997413                                     173000000000.0000000000
    547      8                    1488205305                                     173500000000.0000000000
    803      8                    1491281993                                     174000000000.0000000000
    609      8                    1492909989                                     174500000000.0000000000
    609      8                    1494402665                                     175000000000.0000000000
    547      8                    1495506808                                     175500000000.0000000000
    547      8                    1497299190                                     176000000000.0000000000
    609      8                    1499024734                                     176500000000.0000000000
    368      8                    1502317968                                     177000000000.0000000000
    547      8                    1505461615                                     177500000000.0000000000
    609      8                    1506695730                                     178500000000.0000000000
    609      8                    1508749425                                     179000000000.0000000000
    609      8                    1510583765                                     179500000000.0000000000
    547      8                    1512923696                                     180000000000.0000000000
    697      1                    2752390266                                     180500000000.0000000000
     75      2                    2794328697                                     308000000000.0000000000
     89      2                    2807477017                                     310500000000.0000000000
    612      2                    2824125365                                     311500000000.0000000000
    612      2                    2919333982                                     312500000000.0000000000
    707      2                    2938783308                                     318500000000.0000000000
    706      2                    2945330545                                     319500000000.0000000000
    537      2                    2983851025                                     320000000000.0000000000
    933      2                    3000706545                                     322500000000.0000000000
    707      2                    3006180743                                     323500000000.0000000000
    164      2                    3072506774                                     324000000000.0000000000
    967      2                    3152422300                                     328000000000.0000000000
    707      2                    3167543521                                     333000000000.0000000000
    138      2                    3283994298                                     334000000000.0000000000
    138      2                    3376023448                                     341500000000.0000000000
    466      2                    3407326103                                     347500000000.0000000000
    707      2                    3427640180                                     349500000000.0000000000
    933      2                    3432547375                                     350500000000.0000000000
    967      2                    3459759446                                     351000000000.0000000000
    967      2                    3580027235                                     352500000000.0000000000
    933      2                    3612472526                                     360000000000.0000000000
     50      2                    3624797078                                     362500000000.0000000000
    612      2                    3638126837                                     363000000000.0000000000
    172      2                    3704410304                                     364000000000.0000000000
    172      2                    3713041780                                     368000000000.0000000000
    707      2                    3719939065                                     368500000000.0000000000
    706      2                    3840696331                                     369000000000.0000000000
    172      2                    3861488212                                     376500000000.0000000000
    933      2                    3937059264                                     378000000000.0000000000
    622      6                    4085533671                                     383000000000.0000000000
    164      2                    4100446172                                     391500000000.0000000000
     75      2                    4113504591                                     392500000000.0000000000
    164      2                    4129684779                                     393500000000.0000000000
    933      2                    4202723087                                     394500000000.0000000000
    707      2                    4206340166                                     399000000000.0000000000
    172      2                    4292280971                                     399500000000.0000000000
    612      2                    4366888854                                     404500000000.0000000000
    226      2                    4394569048                                     409500000000.0000000000
    164      2                    4404521009                                     411000000000.0000000000
    933      2                    4439690717                                     412000000000.0000000000
    138      2                    4491029775                                     414000000000.0000000000
    707      2                    4501342909                                     417500000000.0000000000
    967      2                    4542435583                                     418000000000.0000000000
     89      2                    4623450758                                     420500000000.0000000000
    706      2                    4643121067                                     425500000000.0000000000
     89      2                    4663989633                                     427000000000.0000000000
    226      2                    4822004970                                     428000000000.0000000000
    967      2                    4845409920                                     438000000000.0000000000
    707      2                    4866338131                                     439500000000.0000000000
    164      2                    4870868523                                     441000000000.0000000000
    707      2                    4958006424                                     441500000000.0000000000
    612      2                    5002842926                                     447000000000.0000000000
     75      2                    5077195791                                     449500000000.0000000000
    706      2                    5110834303                                     454500000000.0000000000
     75      2                    5149007569                                     456500000000.0000000000
    164      2                    5156572425                                     459000000000.0000000000
    707      2                    5167139767                                     459500000000.0000000000
    172      2                    5174273299                                     460000000000.0000000000
    138      2                    5193582399                                     460500000000.0000000000
    612      2                    5200298012                                     461500000000.0000000000
    172      2                    5218653453                                     462000000000.0000000000
    933      2                    5238965862                                     463000000000.0000000000
    707      2                    5276002392                                     464500000000.0000000000
     89      2                    5283867695                                     467000000000.0000000000
    164      2                    5307254950                                     467500000000.0000000000
    707      2                    5355931395                                     469000000000.0000000000
    933      2                    5367759438                                     472000000000.0000000000
    172      2                    5387087630                                     472500000000.0000000000
    138      2                    5407524285                                     474000000000.0000000000
    138      2                    5564957542                                     475000000000.0000000000
    172      2                    5591164443                                     485000000000.0000000000
    707      2                    5633742770                                     487000000000.0000000000
    172      2                    5650767140                                     489500000000.0000000000
    568      2                    5665156048                                     490500000000.0000000000
    172      2                    5734890151                                     491500000000.0000000000
    967      2                    5777200640                                     496000000000.0000000000
    612      2                    5886375496                                     498500000000.0000000000
    676      0                    5886375496                                     505151600491.1175571680
