    154      2                             0                                                0.0000000000
    154      2                      23263351                                        500000000.0000000000
    164      2                      63232742                                       1500000000.0000000000
    707      2                      81826768                                       4000000000.0000000000
    172      2                     103721814                                       5500000000.0000000000
    707      2                     320280629                                       7000000000.0000000000
    707      2                     333750602                                      20500000000.0000000000
     89      2                     438823116                                      21500000000.0000000000
    933      2                     465411598                                      28000000000.0000000000
    172      2                     576147417                                      29500000000.0000000000
     75      2                     707547622                                      36500000000.0000000000
    612      2                     746104802                                      45000000000.0000000000
    172      2                     825246182                                      47500000000.0000000000
    707      2                     835129511                                      52500000000.0000000000
     89      2                     853914845                                      53000000000.0000000000
    707      2                     866740189                                      54000000000.0000000000
    164      2                     900956546                                      55000000000.0000000000
     50      2                     917982062                                      57000000000.0000000000
    967      2                     948359636                                      58000000000.0000000000
    164      2                    1028867405                                      60000000000.0000000000
    612      2                    1048771838                                      65000000000.0000000000
    138      2                    1062347335                                      66500000000.0000000000
    164      2                    1096102811                                      67500000000.0000000000
    172      2                    1127281857                                      69500000000.0000000000
    933      2                    1139284046                                      71500000000.0000000000
    172      2                    1412219817                                      72000000000.0000000000
    152      5                    1417454033                                      89500000000.0000000000
     24      5                    1422427966                                      90000000000.0000000000
    989      5                    1427848797                                      90500000000.0000000000
    200      5                    1433095439                                      91000000000.0000000000
    656      5                    1438110609                                      91500000000.0000000000
    200      5                    1444255719                                      92000000000.0000000000
    200      5                    1448956109                                      92500000000.0000000000
    200      5                    1454560607                                      93000000000.0000000000
    152      5                    1459693809                                      93500000000.0000000000
    152      5                    1464562858                                      94000000000.0000000000
     24      5                    1470175123                                      94500000000.0000000000
    656      5                    1475562151                                      95000000000.0000000000
     24      5                    1480044897                                      95500000000.0000000000
    656      5                    1485533214                                      96000000000.0000000000
    568      2                    1503802423                                      96500000000.0000000000
    933      2                    1545585835                                      97500000000.0000000000
    967      2                    1618454835                                     100000000000.0000000000
    707      2                    1664187939                                     104500000000.0000000000
     89      2                    1714402258                                     107500000000.0000000000
    933      2                    1742160213                                     110500000000.0000000000
    707      2                    1751408200                                     112500000000.0000000000
     89      2                    1805532942                                     113000000000.0000000000
    164      2                    1810076752                                     116500000000.0000000000
    612      2                    1827751379                                     117000000000.0000000000
     75      2                    1850540853                                     118000000000.0000000000
    707      2                    1884624761                                     119500000000.0000000000
    706      2                    1893078373                                     121500000000.0000000000
    967      2                    1903253821                                     122000000000.0000000000
     89      2                    1910505541                                     122500000000.0000000000
    612      2                    1921514567                                     123000000000.0000000000
    707      2                    1988436196                                     124000000000.0000000000
    172      2                    2037286984                                     128000000000.0000000000
    933      2                    2046954551                                     131000000000.0000000000
    226      2                    2275072103                                     131500000000.0000000000
    933      2                    2291105002                                     146000000000.0000000000
    707      2                    2392017227                                     147000000000.0000000000
     89      2                    2454133020                                     153500000000.0000000000
    172      2                    2568182128                                     157500000000.0000000000
    164      2                    2589041393                                     164500000000.0000000000
    707      2                    2609511149                                     166000000000.0000000000
    967      2                    2690301967                                     167000000000.0000000000
     89      2                    2711578245                                     172500000000.0000000000
    933      2                    2748282283                                     173500000000.0000000000
    967      2                    2766255497                                     176000000000.0000000000
    164      2                    2809792396                                     177000000000.0000000000
    537      2                    2851501007                                     180000000000.0000000000
    138      2                    2860362812                                     182500000000.0000000000
    164      2                    2878289642                                     183000000000.0000000000
    164      2                    2904830547                                     184000000000.0000000000
    933      2                    2936092700                                     186000000000.0000000000
    226      2                    2956242710                                     188000000000.0000000000
    933      2                    2999875629                                     189000000000.0000000000
    138      2                    3005698369                                     192000000000.0000000000
    164      2                    3030697342                                     192500000000.0000000000
    172      2                    3068978891                                     194000000000.0000000000
    164      2                    3076862396                                     196500000000.0000000000
    138      2                    3088746881                                     197000000000.0000000000
     89      2                    3102892585                                     197500000000.0000000000
    707      2                    3121190021                                     198500000000.0000000000
    172      2                    3130760234                                     199500000000.0000000000
    138      2                    3168155224                                     200000000000.0000000000
    612      2                    3179039436                                     202500000000.0000000000
    172      2                    3406613716                                     203000000000.0000000000
    933      2                    3443507869                                     217500000000.0000000000
    138      2                    3456573352                                     220000000000.0000000000
    612      2                    3462233917                                     220500000000.0000000000
     89      2                    3515076662                                     221000000000.0000000000
     89      2                    3555849211                                     224500000000.0000000000
     75      2                    3598840973                                     227000000000.0000000000
    967      2                    3601993577                                     229500000000.0000000000
    933      2                    3626470556                                     230000000000.0000000000
    707      2                    3667418749                                     231500000000.0000000000
    707      2                    3671160041                                     234000000000.0000000000
    933      2                    3690135082                                     234500000000.0000000000
    933      2                    3709299615                                     235500000000.0000000000
    568      2                    3728949930                                     236500000000.0000000000
    172      2                    3750427009                                     238000000000.0000000000
    164      2                    3818517416                                     239500000000.0000000000
    612      2                    3849734503                                     243500000000.0000000000
    933      2                    3881188036                                     245500000000.0000000000
    967      2                    3901540147                                     247500000000.0000000000
    933      2                    3923259299                                     249000000000.0000000000
    933      2                    3982154335                                     250000000000.0000000000
    138      2                    4027401313                                     254000000000.0000000000
    933      2                    4093884577                                     257000000000.0000000000
     89      2                    4120976171                                     261000000000.0000000000
    967      2                    4132964104                                     262500000000.0000000000
    967      2                    4161281891                                     263500000000.0000000000
    612      2                    4230443896                                     265000000000.0000000000
    967      2                    4240569646                                     269500000000.0000000000
    612      2                    4297751302                                     270000000000.0000000000
    568      2                    4330539768                                     274000000000.0000000000
    164      2                    4338200915                                     276000000000.0000000000
    138      2                    4418181608                                     276500000000.0000000000
     95      2                    4473264676                                     281500000000.0000000000
    967      2                    4644188969                                     285000000000.0000000000
    967      2                    4658322001                                     295500000000.0000000000
    612      2                    4719398775                                     296500000000.0000000000
    172      2                    4731941526                                     300500000000.0000000000
    707      2                    4776322747                                     301500000000.0000000000
    568      2                    4852863757                                     304000000000.0000000000
    612      2                    4921530742                                     309000000000.0000000000
     89      2                    4940929379                                     313000000000.0000000000
     50      2                    4964902749                                     314500000000.0000000000
    707      2                    4971794182                                     316000000000.0000000000
    612      2                    4985472396                                     316500000000.0000000000
    172      2                    5005485545                                     317500000000.0000000000
     89      2                    5084811420                                     318500000000.0000000000
    612      2                    5142789519                                     323500000000.0000000000
     50      2                    5151924708                                     327000000000.0000000000
    967      2                    5203868377                                     328000000000.0000000000
    967      2                    5269562644                                     331000000000.0000000000
    933      2                    5371233546                                     335000000000.0000000000
    138      2                    5387712123                                     341500000000.0000000000
    612      2                    5410405789                                     342500000000.0000000000
    612      2                    5495067123                                     344000000000.0000000000
    612      2                    5502274745                                     349500000000.0000000000
     75      2                    5538251896                                     350000000000.0000000000
    612      2                    5539755306                                     352000000000.0000000000
    933      2                    5578400328                                     352500000000.0000000000
    706      2                    5634206780                                     354500000000.0000000000
    707      2                    5643909708                                     358000000000.0000000000
    612      2                    5663146827                                     359000000000.0000000000
    967      2                    5700416302                                     360000000000.0000000000
     50      2                    5710963022                                     362500000000.0000000000
    933      2                    5748108288                                     363000000000.0000000000
    707      2                    5825296344                                     365500000000.0000000000
    707      2                    5875003820                                     370500000000.0000000000
    612      2                    5886957937                                     373500000000.0000000000
    707      2                    5888313092                                     374000000000.0000000000
    933      2                    5900202398                                     374500000000.0000000000
    933      2                    5938369273                                     375000000000.0000000000
    612      2                    5970242888                                     377500000000.0000000000
    706      2                    6017648589                                     379500000000.0000000000
    172      2                    6045016406                                     382500000000.0000000000
    706      2                    6068223137                                     384000000000.0000000000
    612      2                    6091976527                                     385500000000.0000000000
    933      2                    6110134335                                     387000000000.0000000000
    707      2                    6124467503                                     388500000000.0000000000
     89      2                    6149116535                                     389000000000.0000000000
    933      2                    6160539109                                     391000000000.0000000000
     89      2                    6194268123                                     391500000000.0000000000
     50      2                    6255727732                                     393500000000.0000000000
    967      2                    6270038998                                     397500000000.0000000000
     50      2                    6280717088                                     398500000000.0000000000
     89      2                    6293149246                                     399000000000.0000000000
     75      2                    6390917725                                     400000000000.0000000000
    933      2                    6427260562                                     406000000000.0000000000
     89      2                    6444582952                                     408500000000.0000000000
     89      2                    6457448610                                     409500000000.0000000000
     89      2                    6459795016                                     410000000000.0000000000
    933      2                    6590567696                                     410500000000.0000000000
    707      2                    6608455167                                     418500000000.0000000000
    707      2                    6627921224                                     420000000000.0000000000
    707      2                    6649297975                                     421000000000.0000000000
    172      2                    6658496118                                     422500000000.0000000000
     75      2                    6668458567                                     423000000000.0000000000
     89      2                    6674918026                                     423500000000.0000000000
    707      2                    6680018503                                     424000000000.0000000000
    172      2                    6689268022                                     424500000000.0000000000
    933      2                    6731890016                                     425000000000.0000000000
    933      2                    6764623061                                     427500000000.0000000000
     89      2                    6788804581                                     429500000000.0000000000
    612      2                    6791333154                                     431000000000.0000000000
    933      2                    6810167865                                     431500000000.0000000000
    707      2                    6862474355                                     432500000000.0000000000
    967      2                    6882899113                                     436000000000.0000000000
    707      2                    6939439928                                     437000000000.0000000000
    172      2                    6955644256                                     440500000000.0000000000
    138      2                    6959493485                                     441500000000.0000000000
    707      2                    7049422908                                     442000000000.0000000000
    933      2                    7080631142                                     447500000000.0000000000
    707      2                    7203881481                                     449500000000.0000000000
    967      2                    7231165203                                     457500000000.0000000000
     75      2                    7237304821                                     459000000000.0000000000
    967      2                    7245366814                                     459500000000.0000000000
     89      2                    7256904674                                     460000000000.0000000000
    933      2                    7276621493                                     460500000000.0000000000
    707      2                    7283018504                                     462000000000.0000000000
    707      2                    7302987876                                     462500000000.0000000000
    707      2                    7320041362                                     463500000000.0000000000
    226      2                    7403968791                                     464500000000.0000000000
     50      2                    7454929154                                     470000000000.0000000000
    164      2                    7462913632                                     473000000000.0000000000
     89      2                    7489251775                                     473500000000.0000000000
    967      2                    7498211219                                     475500000000.0000000000
     50      2                    7523258045                                     476000000000.0000000000
     50      2                    7597576706                                     477500000000.0000000000
     75      2                    7611543965                                     482000000000.0000000000
     89      2                    7640674636                                     483000000000.0000000000
     89      2                    7691556034                                     485000000000.0000000000
    164      2                    7897128182                                     488000000000.0000000000
    676      0                    7897128182                                     500877980897.0975710452
