     17      6                             0                                                0.0000000000
     17      6                    3072080545                                        500000000.0000000000
    290      6                    3455508702                                     184500000000.0000000000
    707      2                    3471357182                                     207500000000.0000000000
    164      2                    3487938636                                     208500000000.0000000000
    933      2                    3505855435                                     209500000000.0000000000
    707      2                    3538890294                                     210500000000.0000000000
    172      2                    3576919174                                     212500000000.0000000000
    172      2                    3584460701                                     215000000000.0000000000
    707      2                    3623981647                                     215500000000.0000000000
    164      2                    3642940580                                     218000000000.0000000000
     75      2                    3652252612                                     219500000000.0000000000
    172      2                    3676933624                                     220000000000.0000000000
    164      2                    3698936253                                     221500000000.0000000000
    707      2                    3745426421                                     223000000000.0000000000
    707      2                    3751839731                                     225500000000.0000000000
     89      2                    3807865140                                     226000000000.0000000000
    172      2                    3856499319                                     229500000000.0000000000
    707      2                    3892372733                                     233000000000.0000000000
    172      2                    3915571099                                     235000000000.0000000000
    172      2                    3931405120                                     236500000000.0000000000
    172      2                    4025396857                                     237500000000.0000000000
    933      2                    4111177121                                     243500000000.0000000000
    172      2                    4144574305                                     249000000000.0000000000
    933      2                    4197711977                                     251000000000.0000000000
    154      2                    4217456522                                     254500000000.0000000000
    933      2                    4270359304                                     255500000000.0000000000
    612      2                    4281590769                                     259000000000.0000000000
    933      2                    4297065974                                     259500000000.0000000000
    933      2                    4344539046                                     260500000000.0000000000
    967      2                    4349938524                                     263500000000.0000000000
    172      2                    4367047897                                     264000000000.0000000000
    933      2                    4455994926                                     265000000000.0000000000
    612      2                    4476812186                                     270500000000.0000000000
    706      2                    4548782785                                     272000000000.0000000000
     89      2                    4563030628                                     276500000000.0000000000
    138      2                    4651411254                                     277500000000.0000000000
    138      2                    4699278879                                     283000000000.0000000000
    138      2                    4736133464                                     286000000000.0000000000
    707      2                    4824551581                                     288500000000.0000000000
    967      2                    4874570305                                     294000000000.0000000000
    707      2                    4893501552                                     297000000000.0000000000
    967      2                    4929918128                                     298000000000.0000000000
    707      2                    4936637329                                     300500000000.0000000000
    172      2                    4980817507                                     301000000000.0000000000
    172      2                    5046217131                                     304000000000.0000000000
    612      2                    5060675628                                     308000000000.0000000000
     89      2                    5123505399                                     309000000000.0000000000
     89      2                    5168270288                                     313000000000.0000000000
     89      2                    5186542542                                     315500000000.0000000000
    933      2                    5195596471                                     316500000000.0000000000
    612      2                    5222148874                                     317500000000.0000000000
    933      2                    5250626045                                     319000000000.0000000000
    967      2                    5266062073                                     321000000000.0000000000
    172      2                    5291680975                                     322000000000.0000000000
    967      2                    5327287510                                     323500000000.0000000000
    612      2                    5330374886                                     325500000000.0000000000
    612      2                    5338478717                                     326000000000.0000000000
    967      2                    5396379108                                     326500000000.0000000000
    226      2                    5401872644                                     330000000000.0000000000
    967      2                    5409218606                                     330500000000.0000000000
    933      2                    5421723155                                     331000000000.0000000000
    933      2                    5427429584                                     331500000000.0000000000
    138      2                    5450330070                                     332000000000.0000000000
     50      2                    5469625986                                     333500000000.0000000000
    138      2                    5506550850                                     334500000000.0000000000
    707      2                    5596438113                                     337000000000.0000000000
    933      2                    5656226595                                     342500000000.0000000000
    138      2                    5667682098                                     346500000000.0000000000
     75      2                    5740716880                                     347000000000.0000000000
    612      2                    5744753808                                     351500000000.0000000000
    612      2                    5755444572                                     352000000000.0000000000
    172      2                    5773079475                                     352500000000.0000000000
    933      2                    5850050087                                     354000000000.0000000000
    933      2                    5859465091                                     358500000000.0000000000
    933      2                    5869025894                                     359000000000.0000000000
    707      2                    5898012900                                     360000000000.0000000000
    707      2                    5926080526                                     361500000000.0000000000
    164      2                    6033566170                                     363500000000.0000000000
    933      2                    6038614276                                     370000000000.0000000000
    172      2                    6106244962                                     370500000000.0000000000
    172      2                    6183489277                                     375000000000.0000000000
    172      2                    6310978181                                     379500000000.0000000000
    933      2                    6338565621                                     387500000000.0000000000
    933      2                    6349325653                                     389500000000.0000000000
    172      2                    6366557184                                     390000000000.0000000000
    967      2                    6400091848                                     391000000000.0000000000
    707      2                    6470161113                                     393500000000.0000000000
    933      2                    6497112695                                     398000000000.0000000000
    164      2                    6529646709                                     399500000000.0000000000
    612      2                    6543521065                                     401500000000.0000000000
     89      2                    6550077384                                     402500000000.0000000000
    226      2                    6557152700                                     403000000000.0000000000
    967      2                    6619008278                                     403500000000.0000000000
    707      2                    6637984202                                     407000000000.0000000000
     75      2                    6712158611                                     408500000000.0000000000
    707      2                    6747669424                                     413000000000.0000000000
    707      2                    6856304339                                     415500000000.0000000000
    933      2                    6880937886                                     422000000000.0000000000
    138      2                    6892099129                                     423500000000.0000000000
    967      2                    6905809813                                     424500000000.0000000000
    924      2                    6939568240                                     425500000000.0000000000
    172      2                    7058208960                                     427500000000.0000000000
     89      2                    7106156767                                     435000000000.0000000000
    707      2                    7167503346                                     438000000000.0000000000
    226      2                    7194793471                                     442000000000.0000000000
    612      2                    7230192254                                     443500000000.0000000000
    707      2                    7323092670                                     446000000000.0000000000
    568      2                    7336244373                                     451500000000.0000000000
    172      2                    7386286779                                     452500000000.0000000000
    612      2                    7405842225                                     455500000000.0000000000
    706      2                    7413266618                                     457000000000.0000000000
    933      2                    7427399191                                     457500000000.0000000000
    164      2                    7437642599                                     458000000000.0000000000
    138      2                    7518676248                                     459000000000.0000000000
     75      2                    7562676315                                     464000000000.0000000000
    933      2                    7576930406                                     467000000000.0000000000
    612      2                    7579805992                                     467500000000.0000000000
    967      2                    7624933552                                     468000000000.0000000000
    172      2                    7704023603                                     470500000000.0000000000
     89      2                    7724429087                                     475500000000.0000000000
    967      2                    7736621531                                     477000000000.0000000000
    707      2                    7748018836                                     478000000000.0000000000
    612      2                    7758851421                                     478500000000.0000000000
    933      2                    7772404851                                     479000000000.0000000000
     50      2                    7778809298                                     480000000000.0000000000
    933      2                    7889147079                                     480500000000.0000000000
    707      2                    7966414263                                     487500000000.0000000000
    568      2                    8033913863                                     492500000000.0000000000
    707      2                    8115776735                                     496500000000.0000000000
     67      0                    8115776735                                     501454372823.6055063009
