    152      5                             0                                                0.0000000000
    200      5                       5754284                                        500000000.0000000000
    200      5                      11322508                                       1000000000.0000000000
    200      5                      16362304                                       1500000000.0000000000
    152      5                      21000963                                       2000000000.0000000000
    656      5                      27320677                                       2500000000.0000000000
    656      5                      32239045                                       3000000000.0000000000
    200      5                      37284415                                       3500000000.0000000000
     24      5                      42751642                                       4000000000.0000000000
    152      5                      48218090                                       4500000000.0000000000
    733      5                      55966120                                       5000000000.0000000000
     24      5                      58264505                                       5500000000.0000000000
     24      5                      63309981                                       6000000000.0000000000
     24      5                      68717794                                       6500000000.0000000000
    656      5                      75058109                                       7000000000.0000000000
    152      5                      79014156                                       7500000000.0000000000
    152      5                      84748802                                       8000000000.0000000000
    656      5                      89533951                                       8500000000.0000000000
    200      5                      94427673                                       9000000000.0000000000
    200      5                      99784569                                       9500000000.0000000000
    152      5                     104822501                                      10000000000.0000000000
    200      5                     110312196                                      10500000000.0000000000
    200      5                     115325823                                      11000000000.0000000000
     24      5                     120852828                                      11500000000.0000000000
    152      5                     125835158                                      12000000000.0000000000
    200      5                     131550147                                      12500000000.0000000000
    152      5                     137146784                                      13000000000.0000000000
    656      5                     143338188                                      13500000000.0000000000
    152      5                     147000624                                      14000000000.0000000000
    656      5                     152036918                                      14500000000.0000000000
    656      5                     157588081                                      15000000000.0000000000
     24      5                     162617625                                      15500000000.0000000000
    989      5                     167999353                                      16000000000.0000000000
    656      5                     173008126                                      16500000000.0000000000
    656      5                     178455298                                      17000000000.0000000000
    152      5                     184716267                                      17500000000.0000000000
    200      5                     189637003                                      18000000000.0000000000
    200      5                     194294646                                      18500000000.0000000000
    989      5                     199477015                                      19000000000.0000000000
    989      5                     204855304                                      19500000000.0000000000
    200      5                     209740926                                      20000000000.0000000000
    200      5                     214997955                                      20500000000.0000000000
     24      5                     220464786                                      21000000000.0000000000
    152      5                     226123369                                      21500000000.0000000000
    656      5                     231158495                                      22000000000.0000000000
    152      5                     236661195                                      22500000000.0000000000
    656      5                     241239311                                      23000000000.0000000000
    152      5                     246684006                                      23500000000.0000000000
    656      5                     251622243                                      24000000000.0000000000
    152      5                     257074988                                      24500000000.0000000000
    200      5                     262109378                                      25000000000.0000000000
    200      5                     268241052                                      25500000000.0000000000
     24      5                     272988693                                      26000000000.0000000000
     24      5                     278154870                                      26500000000.0000000000
    656      5                     283429864                                      27000000000.0000000000
     24      5                     288779094                                      27500000000.0000000000
     24      5                     293878362                                      28000000000.0000000000
    152      5                     301194023                                      28500000000.0000000000
    989      5                     304546364                                      29000000000.0000000000
    200      5                     309602968                                      29500000000.0000000000
     24      5                     314609463                                      30000000000.0000000000
    200      5                     320598729                                      30500000000.0000000000
    200      5                     325170012                                      31000000000.0000000000
     24      5                     330870490                                      31500000000.0000000000
    152      5                     335792522                                      32000000000.0000000000
    200      5                     340847538                                      32500000000.0000000000
    152      5                     346419349                                      33000000000.0000000000
    152      5                     351353164                                      33500000000.0000000000
     24      5                     357071287                                      34000000000.0000000000
    152      5                     361920227                                      34500000000.0000000000
    152      5                     367049807                                      35000000000.0000000000
    152      5                     372222918                                      35500000000.0000000000
     24      5                     377498375                                      36000000000.0000000000
    152      5                     382909410                                      36500000000.0000000000
    200      5                     389283469                                      37000000000.0000000000
    200      5                     393443770                                      37500000000.0000000000
    152      5                     398998341                                      38000000000.0000000000
    200      5                     403637593                                      38500000000.0000000000
    152      5                     409605184                                      39000000000.0000000000
    656      5                     414120786                                      39500000000.0000000000
    656      5                     419986596                                      40000000000.0000000000
    200      5                     425403314                                      40500000000.0000000000
    200      5                     430012534                                      41000000000.0000000000
    152      5                     437030494                                      41500000000.0000000000
     24      5                     440449769                                      42000000000.0000000000
    152      5                     445956759                                      42500000000.0000000000
     24      5                     451117812                                      43000000000.0000000000
    200      5                     456121297                                      43500000000.0000000000
    568      2                     482581337                                      44000000000.0000000000
    707      2                     499498937                                      45500000000.0000000000
    172      2                     562311758                                      46500000000.0000000000
    138      2                     571834616                                      50500000000.0000000000
     89      2                     608548128                                      51000000000.0000000000
     50      2                     641743802                                      53500000000.0000000000
    172      2                     700770478                                      55500000000.0000000000
    707      2                     824959220                                      59500000000.0000000000
    164      2                     836039722                                      67000000000.0000000000
    967      2                     864616138                                      68000000000.0000000000
    568      2                     870248273                                      69500000000.0000000000
    172      2                     888105067                                      70000000000.0000000000
    707      2                     897299626                                      71000000000.0000000000
    707      2                     947342907                                      71500000000.0000000000
    933      2                     996292327                                      75000000000.0000000000
    933      2                    1082029977                                      78000000000.0000000000
    933      2                    1099715437                                      83500000000.0000000000
    967      2                    1132729870                                      84500000000.0000000000
    612      2                    1150334253                                      86500000000.0000000000
     89      2                    1170746104                                      87500000000.0000000000
    933      2                    1203231843                                      89000000000.0000000000
    154      2                    1303039047                                      91000000000.0000000000
    967      2                    1332283135                                      97500000000.0000000000
    967      2                    1372132851                                      99000000000.0000000000
    933      2                    1380540207                                     101500000000.0000000000
    218      2                    1382250064                                     102000000000.0000000000
    707      2                    1394896433                                     102500000000.0000000000
    933      2                    1440964955                                     103000000000.0000000000
    612      2                    1504196987                                     106000000000.0000000000
     75      2                    1568981614                                     110000000000.0000000000
    707      2                    1720553981                                     114000000000.0000000000
    612      2                    1734719497                                     123500000000.0000000000
    138      2                    1740103629                                     124500000000.0000000000
    933      2                    1783268420                                     125000000000.0000000000
    707      2                    1788122989                                     127500000000.0000000000
    172      2                    1839484424                                     128000000000.0000000000
    612      2                    1904022446                                     131000000000.0000000000
    172      2                    1922387621                                     135000000000.0000000000
     50      2                    1946350496                                     136500000000.0000000000
    707      2                    2079635039                                     138000000000.0000000000
    707      2                    2202607851                                     146500000000.0000000000
    612      2                    2217015077                                     154000000000.0000000000
    172      2                    2228137508                                     155000000000.0000000000
    707      2                    2249895543                                     155500000000.0000000000
    706      2                    2270804807                                     157000000000.0000000000
    612      2                    2299660266                                     158500000000.0000000000
    707      2                    2352477482                                     160000000000.0000000000
    967      2                    2377671267                                     163500000000.0000000000
    933      2                    2388091827                                     165000000000.0000000000
    172      2                    2499665830                                     166000000000.0000000000
    226      2                    2515925872                                     173000000000.0000000000
    612      2                    2575900539                                     174000000000.0000000000
    226      2                    2610886406                                     177500000000.0000000000
    226      2                    2648195425                                     180000000000.0000000000
    200      5                    2648434914                                     182000000000.0000000000
    152      5                    2654168608                                     182500000000.0000000000
     24      5                    2659114655                                     183000000000.0000000000
    656      5                    2664145290                                     183500000000.0000000000
    200      5                    2669892164                                     184000000000.0000000000
    200      5                    2675036330                                     184500000000.0000000000
    656      5                    2680278282                                     185000000000.0000000000
    656      5                    2685545340                                     185500000000.0000000000
    152      5                    2690719110                                     186000000000.0000000000
    152      5                    2695591183                                     186500000000.0000000000
    200      5                    2701105023                                     187000000000.0000000000
    200      5                    2706314605                                     187500000000.0000000000
    152      5                    2711271390                                     188000000000.0000000000
    152      5                    2716943734                                     188500000000.0000000000
    656      5                    2721943442                                     189000000000.0000000000
    656      5                    2727028259                                     189500000000.0000000000
    152      5                    2732419157                                     190000000000.0000000000
    989      5                    2738289451                                     190500000000.0000000000
    152      5                    2743017071                                     191000000000.0000000000
    152      5                    2748268922                                     191500000000.0000000000
    152      5                    2753498528                                     192000000000.0000000000
     24      5                    2758474929                                     192500000000.0000000000
    200      5                    2763930789                                     193000000000.0000000000
     24      5                    2769343890                                     193500000000.0000000000
    656      5                    2775716269                                     194000000000.0000000000
     24      5                    2779639355                                     194500000000.0000000000
     24      5                    2785014194                                     195000000000.0000000000
    152      5                    2790027907                                     195500000000.0000000000
    200      5                    2795243083                                     196000000000.0000000000
    152      5                    2800732648                                     196500000000.0000000000
     24      5                    2805688972                                     197000000000.0000000000
    200      5                    2811309379                                     197500000000.0000000000
    200      5                    2816225091                                     198000000000.0000000000
     24      5                    2821387800                                     198500000000.0000000000
    733      5                    2827400912                                     199000000000.0000000000
    152      5                    2831820654                                     199500000000.0000000000
     24      5                    2837367741                                     200000000000.0000000000
    152      5                    2842899564                                     200500000000.0000000000
    152      5                    2847730498                                     201000000000.0000000000
    656      5                    2854635465                                     201500000000.0000000000
     24      5                    2858372812                                     202000000000.0000000000
    989      5                    2863761738                                     202500000000.0000000000
    656      5                    2868619347                                     203000000000.0000000000
    656      5                    2873883798                                     203500000000.0000000000
    200      5                    2880661904                                     204000000000.0000000000
    200      5                    2884901821                                     204500000000.0000000000
    656      5                    2889505941                                     205000000000.0000000000
    200      5                    2895311639                                     205500000000.0000000000
    200      5                    2899988975                                     206000000000.0000000000
    733      5                    2906368611                                     206500000000.0000000000
    200      5                    2910573086                                     207000000000.0000000000
    152      5                    2915865320                                     207500000000.0000000000
     24      5                    2921435070                                     208000000000.0000000000
     24      5                    2926697135                                     208500000000.0000000000
    152      5                    2931938728                                     209000000000.0000000000
     24      5                    2938038245                                     209500000000.0000000000
    200      5                    2942386643                                     210000000000.0000000000
     24      5                    2947809034                                     210500000000.0000000000
     24      5                    2952882468                                     211000000000.0000000000
     24      5                    2957749679                                     211500000000.0000000000
    200      5                    2963131513                                     212000000000.0000000000
    656      5                    2968650192                                     212500000000.0000000000
     24      5                    2973925909                                     213000000000.0000000000
    152      5                    2978626859                                     213500000000.0000000000
    152      5                    2984900384                                     214000000000.0000000000
    152      5                    2989656286                                     214500000000.0000000000
    152      5                    2994565866                                     215000000000.0000000000
    656      5                    2999770422                                     215500000000.0000000000
    152      5                    3005531851                                     216000000000.0000000000
    200      5                    3010232891                                     216500000000.0000000000
     24      5                    3015364327                                     217000000000.0000000000
     24      5                    3020599624                                     217500000000.0000000000
    152      5                    3026716492                                     218000000000.0000000000
     24      5                    3031583466                                     218500000000.0000000000
    656      5                    3036674107                                     219000000000.0000000000
    656      5                    3041968936                                     219500000000.0000000000
    200      5                    3047819802                                     220000000000.0000000000
    152      5                    3052358793                                     220500000000.0000000000
    200      5                    3057757616                                     221000000000.0000000000
     24      5                    3062813395                                     221500000000.0000000000
    656      5                    3067877795                                     222000000000.0000000000
    152      5                    3072987383                                     222500000000.0000000000
    989      5                    3078778777                                     223000000000.0000000000
    200      5                    3083902817                                     223500000000.0000000000
    152      5                    3088724093                                     224000000000.0000000000
    152      5                    3093985732                                     224500000000.0000000000
     24      5                    3099301266                                     225000000000.0000000000
    200      5                    3105526941                                     225500000000.0000000000
    656      5                    3109925161                                     226000000000.0000000000
    200      5                    3116560359                                     226500000000.0000000000
    656      5                    3120300660                                     227000000000.0000000000
    989      5                    3125406760                                     227500000000.0000000000
     24      5                    3130793124                                     228000000000.0000000000
    656      5                    3136389276                                     228500000000.0000000000
    200      5                    3141475044                                     229000000000.0000000000
    656      5                    3146368590                                     229500000000.0000000000
    200      5                    3152227265                                     230000000000.0000000000
    200      5                    3156915826                                     230500000000.0000000000
    200      5                    3162152389                                     231000000000.0000000000
     24      5                    3167614368                                     231500000000.0000000000
    152      5                    3172586780                                     232000000000.0000000000
     24      5                    3178212951                                     232500000000.0000000000
    152      5                    3183334169                                     233000000000.0000000000
    656      5                    3188345936                                     233500000000.0000000000
     24      5                    3194107333                                     234000000000.0000000000
    656      5                    3198967729                                     234500000000.0000000000
    200      5                    3204418569                                     235000000000.0000000000
     24      5                    3209608095                                     235500000000.0000000000
     24      5                    3215303190                                     236000000000.0000000000
    152      5                    3219884901                                     236500000000.0000000000
    656      5                    3225353844                                     237000000000.0000000000
    656      5                    3230448856                                     237500000000.0000000000
    656      5                    3235685698                                     238000000000.0000000000
    656      5                    3241023177                                     238500000000.0000000000
    152      5                    3246024971                                     239000000000.0000000000
    152      5                    3251393453                                     239500000000.0000000000
    200      5                    3257032748                                     240000000000.0000000000
    200      5                    3262168375                                     240500000000.0000000000
    152      5                    3267900263                                     241000000000.0000000000
     24      5                    3272550780                                     241500000000.0000000000
    152      5                    3277690825                                     242000000000.0000000000
    152      5                    3282657341                                     242500000000.0000000000
    733      5                    3288252463                                     243000000000.0000000000
    656      5                    3293604317                                     243500000000.0000000000
    200      5                    3298427294                                     244000000000.0000000000
    152      5                    3305224636                                     244500000000.0000000000
     24      5                    3309046858                                     245000000000.0000000000
    152      5                    3315061300                                     245500000000.0000000000
     24      5                    3320857588                                     246000000000.0000000000
    656      5                    3325357751                                     246500000000.0000000000
    152      5                    3330223234                                     247000000000.0000000000
     24      5                    3335996559                                     247500000000.0000000000
     24      5                    3340742891                                     248000000000.0000000000
    200      5                    3345676299                                     248500000000.0000000000
     24      5                    3351088127                                     249000000000.0000000000
    656      5                    3356960683                                     249500000000.0000000000
    656      5                    3361469635                                     250000000000.0000000000
    152      5                    3366538090                                     250500000000.0000000000
     24      5                    3371995107                                     251000000000.0000000000
    656      5                    3377856035                                     251500000000.0000000000
    200      5                    3382585991                                     252000000000.0000000000
    200      5                    3387766602                                     252500000000.0000000000
     24      5                    3392744133                                     253000000000.0000000000
    152      5                    3398145247                                     253500000000.0000000000
    733      5                    3403501182                                     254000000000.0000000000
    152      5                    3408655617                                     254500000000.0000000000
    152      5                    3414235228                                     255000000000.0000000000
    200      5                    3419052888                                     255500000000.0000000000
    656      5                    3424347501                                     256000000000.0000000000
     24      5                    3429535569                                     256500000000.0000000000
    200      5                    3435240845                                     257000000000.0000000000
     24      5                    3440247821                                     257500000000.0000000000
    200      5                    3445300779                                     258000000000.0000000000
    152      5                    3452022664                                     258500000000.0000000000
    733      5                    3455799741                                     259000000000.0000000000
    200      5                    3460860405                                     259500000000.0000000000
     24      5                    3466366787                                     260000000000.0000000000
    152      5                    3471375712                                     260500000000.0000000000
    152      5                    3476630404                                     261000000000.0000000000
    152      5                    3482041436                                     261500000000.0000000000
    200      5                    3488721841                                     262000000000.0000000000
    152      5                    3492363105                                     262500000000.0000000000
    200      5                    3498344640                                     263000000000.0000000000
    152      5                    3503816727                                     263500000000.0000000000
    519      5                    3508017182                                     264000000000.0000000000
     24      5                    3513714835                                     264500000000.0000000000
     24      5                    3519578723                                     265000000000.0000000000
    656      5                    3523748097                                     265500000000.0000000000
     24      5                    3529668599                                     266000000000.0000000000
    200      5                    3534653549                                     266500000000.0000000000
    656      5                    3540034535                                     267000000000.0000000000
    200      5                    3545379931                                     267500000000.0000000000
    200      5                    3549974873                                     268000000000.0000000000
    656      5                    3556237560                                     268500000000.0000000000
    200      5                    3560753374                                     269000000000.0000000000
    750      5                    3565714203                                     269500000000.0000000000
    200      5                    3570933283                                     270000000000.0000000000
    152      5                    3576229624                                     270500000000.0000000000
    656      5                    3582321188                                     271000000000.0000000000
    656      5                    3586695973                                     271500000000.0000000000
    989      5                    3592354186                                     272000000000.0000000000
    989      5                    3597318610                                     272500000000.0000000000
    200      5                    3602724572                                     273000000000.0000000000
    152      5                    3608196023                                     273500000000.0000000000
    152      5                    3612992989                                     274000000000.0000000000
    152      5                    3618596856                                     274500000000.0000000000
    200      5                    3623661713                                     275000000000.0000000000
    200      5                    3629270124                                     275500000000.0000000000
    200      5                    3633933649                                     276000000000.0000000000
    656      5                    3639182950                                     276500000000.0000000000
    152      5                    3644475162                                     277000000000.0000000000
     24      5                    3649687384                                     277500000000.0000000000
    152      5                    3654826368                                     278000000000.0000000000
    656      5                    3660342818                                     278500000000.0000000000
    200      5                    3665348627                                     279000000000.0000000000
     24      5                    3672131501                                     279500000000.0000000000
    656      5                    3675855973                                     280000000000.0000000000
     24      5                    3681625193                                     280500000000.0000000000
    656      5                    3686699523                                     281000000000.0000000000
    200      5                    3692114516                                     281500000000.0000000000
    152      5                    3697176915                                     282000000000.0000000000
    656      5                    3702609596                                     282500000000.0000000000
     24      5                    3707535924                                     283000000000.0000000000
     24      5                    3712724275                                     283500000000.0000000000
     24      5                    3717896193                                     284000000000.0000000000
    200      5                    3723275470                                     284500000000.0000000000
     24      5                    3728257476                                     285000000000.0000000000
    152      5                    3734285328                                     285500000000.0000000000
    989      5                    3738836195                                     286000000000.0000000000
     24      5                    3744348007                                     286500000000.0000000000
    656      5                    3749724276                                     287000000000.0000000000
    152      5                    3754645362                                     287500000000.0000000000
    218      2                    3856703873                                     288000000000.0000000000
    707      2                    3884066430                                     294000000000.0000000000
    612      2                    3926696346                                     296000000000.0000000000
    933      2                    3946232061                                     298500000000.0000000000
    172      2                    4012200543                                     300000000000.0000000000
    706      2                    4019917796                                     304000000000.0000000000
    706      2                    4034602936                                     304500000000.0000000000
    612      2                    4083653469                                     305500000000.0000000000
    933      2                    4091792309                                     308500000000.0000000000
    707      2                    4128391228                                     309000000000.0000000000
    967      2                    4216947425                                     311500000000.0000000000
    226      2                    4241872176                                     317000000000.0000000000
    172      2                    4317668748                                     318500000000.0000000000
    707      2                    4350263332                                     323500000000.0000000000
    707      2                    4368023759                                     325500000000.0000000000
    933      2                    4402626534                                     326500000000.0000000000
    933      2                    4577758615                                     328500000000.0000000000
    933      2                    4612551090                                     340000000000.0000000000
    138      2                    4655993802                                     342000000000.0000000000
    154      2                    4671881788                                     344500000000.0000000000
    172      2                    4678626133                                     345500000000.0000000000
    226      2                    4712424045                                     346000000000.0000000000
    706      2                    4740066208                                     348500000000.0000000000
    138      2                    4749618489                                     350000000000.0000000000
    172      2                    4820363535                                     350500000000.0000000000
    172      2                    4829037202                                     355000000000.0000000000
    967      2                    4845910282                                     355500000000.0000000000
    706      2                    4862876717                                     356500000000.0000000000
    226      2                    4902170708                                     358000000000.0000000000
    138      2                    4926469490                                     360500000000.0000000000
    612      2                    4954109416                                     362000000000.0000000000
    967      2                    5083680821                                     363500000000.0000000000
    933      2                    5137666202                                     371500000000.0000000000
    933      2                    5180403639                                     375000000000.0000000000
    933      2                    5216484783                                     378000000000.0000000000
    164      2                    5234237131                                     380000000000.0000000000
    172      2                    5234771066                                     381000000000.0000000000
    967      2                    5255014563                                     381500000000.0000000000
    612      2                    5265854285                                     382500000000.0000000000
    164      2                    5273351996                                     383000000000.0000000000
    933      2                    5279340082                                     383500000000.0000000000
    172      2                    5328289945                                     384000000000.0000000000
    568      2                    5345136611                                     387000000000.0000000000
    707      2                    5416967164                                     388000000000.0000000000
    152      5                    5423682869                                     393000000000.0000000000
     24      5                    5429227211                                     393500000000.0000000000
    733      5                    5432719751                                     394000000000.0000000000
    200      5                    5437862399                                     394500000000.0000000000
    152      5                    5443440583                                     395000000000.0000000000
    152      5                    5448902025                                     395500000000.0000000000
    200      5                    5453536792                                     396000000000.0000000000
    152      5                    5459474077                                     396500000000.0000000000
     24      5                    5464543790                                     397000000000.0000000000
     24      5                    5470371980                                     397500000000.0000000000
    656      5                    5475079971                                     398000000000.0000000000
     24      5                    5480009739                                     398500000000.0000000000
    152      5                    5485042822                                     399000000000.0000000000
    152      5                    5492373630                                     399500000000.0000000000
    200      5                    5495710721                                     400000000000.0000000000
     24      5                    5500722982                                     400500000000.0000000000
     24      5                    5506117225                                     401000000000.0000000000
    656      5                    5511431295                                     401500000000.0000000000
    200      5                    5520871197                                     402000000000.0000000000
    152      5                    5521962729                                     402500000000.0000000000
    152      5                    5526977183                                     403000000000.0000000000
    200      5                    5532149904                                     403500000000.0000000000
    656      5                    5537410792                                     404000000000.0000000000
    152      5                    5543927848                                     404500000000.0000000000
     24      5                    5548324904                                     405000000000.0000000000
     24      5                    5553406591                                     405500000000.0000000000
    152      5                    5558881571                                     406000000000.0000000000
     24      5                    5564057195                                     406500000000.0000000000
    200      5                    5569306287                                     407000000000.0000000000
     24      5                    5574105506                                     407500000000.0000000000
    152      5                    5579397869                                     408000000000.0000000000
    200      5                    5584586387                                     408500000000.0000000000
     24      5                    5590265602                                     409000000000.0000000000
     24      5                    5596166517                                     409500000000.0000000000
    152      5                    5600582590                                     410000000000.0000000000
    656      5                    5606323013                                     410500000000.0000000000
    200      5                    5611180029                                     411000000000.0000000000
     24      5                    5616773850                                     411500000000.0000000000
    152      5                    5621625957                                     412000000000.0000000000
    152      5                    5627143359                                     412500000000.0000000000
    152      5                    5632765668                                     413000000000.0000000000
    989      5                    5637010465                                     413500000000.0000000000
    152      5                    5642377397                                     414000000000.0000000000
    152      5                    5647976603                                     414500000000.0000000000
    200      5                    5652748814                                     415000000000.0000000000
    200      5                    5658513398                                     415500000000.0000000000
    200      5                    5663302894                                     416000000000.0000000000
    152      5                    5668728320                                     416500000000.0000000000
    200      5                    5674691146                                     417000000000.0000000000
    152      5                    5679935142                                     417500000000.0000000000
    200      5                    5684394480                                     418000000000.0000000000
    656      5                    5689706331                                     418500000000.0000000000
    152      5                    5694671008                                     419000000000.0000000000
     24      5                    5700686950                                     419500000000.0000000000
    152      5                    5705715574                                     420000000000.0000000000
    656      5                    5711648007                                     420500000000.0000000000
     24      5                    5715856908                                     421000000000.0000000000
    656      5                    5721008102                                     421500000000.0000000000
     24      5                    5726666020                                     422000000000.0000000000
     24      5                    5731845171                                     422500000000.0000000000
    656      5                    5736796600                                     423000000000.0000000000
    656      5                    5741892652                                     423500000000.0000000000
     24      5                    5747130542                                     424000000000.0000000000
    152      5                    5752744917                                     424500000000.0000000000
    989      5                    5757570563                                     425000000000.0000000000
    656      5                    5763711982                                     425500000000.0000000000
    656      5                    5768432259                                     426000000000.0000000000
    152      5                    5773306855                                     426500000000.0000000000
     24      5                    5778593622                                     427000000000.0000000000
    200      5                    5786188035                                     427500000000.0000000000
    656      5                    5789520838                                     428000000000.0000000000
    152      5                    5794652655                                     428500000000.0000000000
     24      5                    5799694648                                     429000000000.0000000000
    200      5                    5805893398                                     429500000000.0000000000
    200      5                    5810130030                                     430000000000.0000000000
    656      5                    5815732439                                     430500000000.0000000000
     24      5                    5820493571                                     431000000000.0000000000
    152      5                    5826642151                                     431500000000.0000000000
    152      5                    5831187448                                     432000000000.0000000000
    152      5                    5836436046                                     432500000000.0000000000
     24      5                    5842129814                                     433000000000.0000000000
    200      5                    5846898259                                     433500000000.0000000000
    200      5                    5852051296                                     434000000000.0000000000
    656      5                    5857999698                                     434500000000.0000000000
    200      5                    5862411831                                     435000000000.0000000000
    152      5                    5868064283                                     435500000000.0000000000
    200      5                    5873038014                                     436000000000.0000000000
    152      5                    5878786724                                     436500000000.0000000000
    656      5                    5883826259                                     437000000000.0000000000
     24      5                    5889086899                                     437500000000.0000000000
    656      5                    5894188563                                     438000000000.0000000000
    989      5                    5899206617                                     438500000000.0000000000
     24      5                    5904314578                                     439000000000.0000000000
    200      5                    5910066670                                     439500000000.0000000000
    152      5                    5914779128                                     440000000000.0000000000
    656      5                    5921353477                                     440500000000.0000000000
    152      5                    5925450024                                     441000000000.0000000000
    152      5                    5930905910                                     441500000000.0000000000
     24      5                    5935880725                                     442000000000.0000000000
    152      5                    5941208605                                     442500000000.0000000000
    200      5                    5946250974                                     443000000000.0000000000
    200      5                    5951725900                                     443500000000.0000000000
    656      5                    5956809203                                     444000000000.0000000000
    152      5                    5962392744                                     444500000000.0000000000
    200      5                    5967259596                                     445000000000.0000000000
    200      5                    5972553603                                     445500000000.0000000000
    656      5                    5977731840                                     446000000000.0000000000
    200      5                    5983180788                                     446500000000.0000000000
    152      5                    5988239445                                     447000000000.0000000000
    200      5                    5994881520                                     447500000000.0000000000
    656      5                    5998701330                                     448000000000.0000000000
    152      5                    6003922782                                     448500000000.0000000000
     24      5                    6009144447                                     449000000000.0000000000
    152      5                    6014384494                                     449500000000.0000000000
    656      5                    6020120492                                     450000000000.0000000000
    989      5                    6025214867                                     450500000000.0000000000
    656      5                    6031634343                                     451000000000.0000000000
     24      5                    6035584424                                     451500000000.0000000000
    989      5                    6041429251                                     452000000000.0000000000
     24      5                    6045974838                                     452500000000.0000000000
    200      5                    6053332846                                     453000000000.0000000000
    152      5                    6056773850                                     453500000000.0000000000
    152      5                    6061590259                                     454000000000.0000000000
    656      5                    6066940541                                     454500000000.0000000000
    200      5                    6072139806                                     455000000000.0000000000
     24      5                    6078648593                                     455500000000.0000000000
    200      5                    6082986963                                     456000000000.0000000000
    152      5                    6088419435                                     456500000000.0000000000
    152      5                    6093292701                                     457000000000.0000000000
    152      5                    6099067191                                     457500000000.0000000000
     24      5                    6103978875                                     458000000000.0000000000
    656      5                    6109157204                                     458500000000.0000000000
    656      5                    6114775888                                     459000000000.0000000000
     24      5                    6119815665                                     459500000000.0000000000
    989      5                    6124631715                                     460000000000.0000000000
    733      5                    6130987339                                     460500000000.0000000000
     24      5                    6135239447                                     461000000000.0000000000
    152      5                    6140697711                                     461500000000.0000000000
     24      5                    6145754220                                     462000000000.0000000000
    989      5                    6151234577                                     462500000000.0000000000
    200      5                    6155955091                                     463000000000.0000000000
    200      5                    6162544383                                     463500000000.0000000000
    152      5                    6166863318                                     464000000000.0000000000
    152      5                    6172388894                                     464500000000.0000000000
    152      5                    6177030447                                     465000000000.0000000000
    200      5                    6182314270                                     465500000000.0000000000
    656      5                    6187520748                                     466000000000.0000000000
     24      5                    6192618133                                     466500000000.0000000000
    200      5                    6197863432                                     467000000000.0000000000
    989      5                    6203110495                                     467500000000.0000000000
     24      5                    6208545411                                     468000000000.0000000000
     24      5                    6214380551                                     468500000000.0000000000
     24      5                    6219454136                                     469000000000.0000000000
     24      5                    6224324887                                     469500000000.0000000000
    656      5                    6229363560                                     470000000000.0000000000
    273      5                    6235470060                                     470500000000.0000000000
    656      5                    6240090355                                     471000000000.0000000000
    656      5                    6244991588                                     471500000000.0000000000
     24      5                    6250657937                                     472000000000.0000000000
    656      5                    6255514425                                     472500000000.0000000000
    152      5                    6260896056                                     473000000000.0000000000
     24      5                    6268033589                                     473500000000.0000000000
     24      5                    6271425665                                     474000000000.0000000000
    200      5                    6277762990                                     474500000000.0000000000
    656      5                    6282313680                                     475000000000.0000000000
    152      5                    6288384360                                     475500000000.0000000000
    656      5                    6292675582                                     476000000000.0000000000
    733      5                    6297479289                                     476500000000.0000000000
    656      5                    6302886277                                     477000000000.0000000000
    656      5                    6307970036                                     477500000000.0000000000
    152      5                    6313425193                                     478000000000.0000000000
     24      5                    6319788251                                     478500000000.0000000000
    200      5                    6325297238                                     479000000000.0000000000
    656      5                    6330264777                                     479500000000.0000000000
    152      5                    6334962464                                     480000000000.0000000000
    152      5                    6340084127                                     480500000000.0000000000
    656      5                    6344859795                                     481000000000.0000000000
    656      5                    6351201053                                     481500000000.0000000000
    152      5                    6355389136                                     482000000000.0000000000
     24      5                    6360398760                                     482500000000.0000000000
    656      5                    6365781124                                     483000000000.0000000000
    733      5                    6371039532                                     483500000000.0000000000
     24      5                    6376057239                                     484000000000.0000000000
    200      5                    6381439255                                     484500000000.0000000000
    200      5                    6387537389                                     485000000000.0000000000
    656      5                    6392267281                                     485500000000.0000000000
    152      5                    6397635520                                     486000000000.0000000000
     24      5                    6402365260                                     486500000000.0000000000
    152      5                    6408799499                                     487000000000.0000000000
    200      5                    6413148569                                     487500000000.0000000000
    656      5                    6418344527                                     488000000000.0000000000
    200      5                    6423337439                                     488500000000.0000000000
     24      5                    6429140012                                     489000000000.0000000000
    656      5                    6433856311                                     489500000000.0000000000
    200      5                    6439103886                                     490000000000.0000000000
     24      5                    6444381710                                     490500000000.0000000000
    656      5                    6449711770                                     491000000000.0000000000
     24      5                    6455053408                                     491500000000.0000000000
    656      5                    6460245254                                     492000000000.0000000000
    152      5                    6465301176                                     492500000000.0000000000
    200      5                    6470420214                                     493000000000.0000000000
    656      5                    6475861171                                     493500000000.0000000000
     24      5                    6480884460                                     494000000000.0000000000
     24      5                    6486381689                                     494500000000.0000000000
    989      5                    6492007849                                     495000000000.0000000000
    656      5                    6497243790                                     495500000000.0000000000
    200      5                    6501905964                                     496000000000.0000000000
    152      5                    6507248904                                     496500000000.0000000000
    200      5                    6514002772                                     497000000000.0000000000
    989      5                    6517584578                                     497500000000.0000000000
    152      5                    6523282827                                     498000000000.0000000000
    200      5                    6528314834                                     498500000000.0000000000
    656      5                    6533424618                                     499000000000.0000000000
    152      5                    6538723688                                     499500000000.0000000000
     24      5                    6544094463                                     500000000000.0000000000
    922      3                    6544094463                                     500028608846.3796340227
