    200      5                             0                                                0.0000000000
     24      5                       5279760                                        500000000.0000000000
    152      5                      10668412                                       1000000000.0000000000
    152      5                      17217135                                       1500000000.0000000000
    200      5                      22256467                                       2000000000.0000000000
    656      5                      26504817                                       2500000000.0000000000
    152      5                      32145158                                       3000000000.0000000000
     24      5                      36780679                                       3500000000.0000000000
     24      5                      42217733                                       4000000000.0000000000
    656      5                      47333300                                       4500000000.0000000000
    152      5                      52610833                                       5000000000.0000000000
    152      5                      58430527                                       5500000000.0000000000
     24      5                      63489275                                       6000000000.0000000000
     24      5                      69975459                                       6500000000.0000000000
    152      5                      73526165                                       7000000000.0000000000
    656      5                      78814152                                       7500000000.0000000000
    200      5                      84750795                                       8000000000.0000000000
    152      5                      89291012                                       8500000000.0000000000
    656      5                      94511928                                       9000000000.0000000000
     24      5                     100148381                                       9500000000.0000000000
    989      5                     104923664                                      10000000000.0000000000
     24      5                     110267933                                      10500000000.0000000000
     24      5                     115678420                                      11000000000.0000000000
    750      5                     120948249                                      11500000000.0000000000
    152      5                     126502265                                      12000000000.0000000000
    152      5                     131631099                                      12500000000.0000000000
     24      5                     137643415                                      13000000000.0000000000
    200      5                     141792584                                      13500000000.0000000000
    733      5                     146775984                                      14000000000.0000000000
    750      5                     152032639                                      14500000000.0000000000
     24      5                     159615336                                      15000000000.0000000000
    200      5                     162591698                                      15500000000.0000000000
    200      5                     168114804                                      16000000000.0000000000
    152      5                     173141880                                      16500000000.0000000000
    200      5                     178500300                                      17000000000.0000000000
    200      5                     183516901                                      17500000000.0000000000
     24      5                     189417726                                      18000000000.0000000000
    152      5                     195181805                                      18500000000.0000000000
     24      5                     199705682                                      19000000000.0000000000
    152      5                     204604844                                      19500000000.0000000000
    152      5                     209696066                                      20000000000.0000000000
     24      5                     216847565                                      20500000000.0000000000
     24      5                     220360986                                      21000000000.0000000000
     24      5                     226293108                                      21500000000.0000000000
     24      5                     230632900                                      22000000000.0000000000
    200      5                     236759375                                      22500000000.0000000000
    656      5                     241168698                                      23000000000.0000000000
     24      5                     246584160                                      23500000000.0000000000
     24      5                     252616116                                      24000000000.0000000000
    656      5                     258099070                                      24500000000.0000000000
    200      5                     262526278                                      25000000000.0000000000
     24      5                     267329936                                      25500000000.0000000000
    656      5                     273224722                                      26000000000.0000000000
    200      5                     277911362                                      26500000000.0000000000
    200      5                     283187735                                      27000000000.0000000000
    152      5                     288446785                                      27500000000.0000000000
    617      5                     294284581                                      28000000000.0000000000
    200      5                     299303578                                      28500000000.0000000000
    989      5                     304167728                                      29000000000.0000000000
    656      5                     309318113                                      29500000000.0000000000
     24      5                     314592179                                      30000000000.0000000000
     24      5                     319893152                                      30500000000.0000000000
    200      5                     325231730                                      31000000000.0000000000
    200      5                     333556983                                      31500000000.0000000000
    152      5                     335987788                                      32000000000.0000000000
    750      5                     340722152                                      32500000000.0000000000
    989      5                     345981559                                      33000000000.0000000000
    152      5                     351433983                                      33500000000.0000000000
    152      5                     357104494                                      34000000000.0000000000
     24      5                     362228875                                      34500000000.0000000000
    656      5                     366920802                                      35000000000.0000000000
    656      5                     373045404                                      35500000000.0000000000
    152      5                     377459925                                      36000000000.0000000000
    152      5                     383137394                                      36500000000.0000000000
     24      5                     387997004                                      37000000000.0000000000
    152      5                     393212863                                      37500000000.0000000000
    152      5                     398383843                                      38000000000.0000000000
    200      5                     404449960                                      38500000000.0000000000
    152      5                     409173116                                      39000000000.0000000000
    152      5                     414476270                                      39500000000.0000000000
     24      5                     419411218                                      40000000000.0000000000
    152      5                     424837544                                      40500000000.0000000000
    750      5                     430470308                                      41000000000.0000000000
    152      5                     435461249                                      41500000000.0000000000
    200      5                     440875639                                      42000000000.0000000000
    152      5                     445726017                                      42500000000.0000000000
    200      5                     450901068                                      43000000000.0000000000
    733      5                     456082618                                      43500000000.0000000000
    200      5                     461523064                                      44000000000.0000000000
    200      5                     466580192                                      44500000000.0000000000
    733      5                     472616516                                      45000000000.0000000000
    568      2                     480555582                                      45500000000.0000000000
    707      2                     507560273                                      46000000000.0000000000
    933      2                     541688892                                      47500000000.0000000000
    612      2                     577012110                                      49500000000.0000000000
    172      2                     592977478                                      52000000000.0000000000
     89      2                     614193376                                      53000000000.0000000000
    707      2                     639302482                                      54500000000.0000000000
    568      2                     650537418                                      56000000000.0000000000
    172      2                     657195665                                      56500000000.0000000000
    164      2                     661868182                                      57000000000.0000000000
    172      2                     706743460                                      57500000000.0000000000
    967      2                     835848370                                      60000000000.0000000000
     89      2                     904892590                                      68500000000.0000000000
    933      2                     922128421                                      72500000000.0000000000
    933      2                     935879762                                      74000000000.0000000000
     50      2                     952842009                                      74500000000.0000000000
    568      2                     956632554                                      75500000000.0000000000
    164      2                     965838806                                      76000000000.0000000000
    172      2                    1005642099                                      76500000000.0000000000
    967      2                    1025117938                                      79000000000.0000000000
    537      2                    1036134964                                      80500000000.0000000000
    164      2                    1118109766                                      81000000000.0000000000
    138      2                    1125376763                                      86000000000.0000000000
    138      2                    1218802696                                      86500000000.0000000000
    967      2                    1227676038                                      92500000000.0000000000
    933      2                    1235877175                                      93000000000.0000000000
    612      2                    1245628997                                      93500000000.0000000000
    967      2                    1311991929                                      94000000000.0000000000
    172      2                    1334619115                                      98500000000.0000000000
    172      2                    1353498907                                     100000000000.0000000000
    707      2                    1415746419                                     101000000000.0000000000
    612      2                    1520950121                                     105000000000.0000000000
    967      2                    1529255645                                     111500000000.0000000000
    967      2                    1550495019                                     112000000000.0000000000
    706      2                    1692399179                                     113500000000.0000000000
    707      2                    1732173449                                     122500000000.0000000000
    933      2                    1797295926                                     125000000000.0000000000
     75      2                    1864346839                                     129000000000.0000000000
     50      2                    1911821995                                     133500000000.0000000000
    568      2                    2003934067                                     136500000000.0000000000
    967      2                    2082958991                                     142000000000.0000000000
    568      2                    2127590728                                     147000000000.0000000000
    967      2                    2141118611                                     150000000000.0000000000
    967      2                    2187765308                                     150500000000.0000000000
    138      2                    2210807816                                     153500000000.0000000000
     89      2                    2221181766                                     155000000000.0000000000
    967      2                    2291751643                                     156000000000.0000000000
    707      2                    2311982497                                     160000000000.0000000000
     75      2                    2327851039                                     161500000000.0000000000
     89      2                    2398474470                                     162500000000.0000000000
    612      2                    2455206017                                     167000000000.0000000000
    967      2                    2493726080                                     170500000000.0000000000
    172      2                    2511203545                                     173000000000.0000000000
    612      2                    2539393116                                     174000000000.0000000000
     97      6                    2711407067                                     176000000000.0000000000
    138      2                    2715006200                                     186000000000.0000000000
    706      2                    2721563318                                     186500000000.0000000000
    612      2                    2728338954                                     187000000000.0000000000
    568      2                    2749289932                                     187500000000.0000000000
    172      2                    2756420179                                     188500000000.0000000000
    707      2                    2790233922                                     189000000000.0000000000
    967      2                    2832790518                                     191000000000.0000000000
    612      2                    2846819683                                     194000000000.0000000000
    707      2                    2873441549                                     194500000000.0000000000
    226      2                    2898338079                                     196500000000.0000000000
    164      2                    2914084060                                     198000000000.0000000000
    967      2                    2985967673                                     199000000000.0000000000
    172      2                    3017484547                                     203500000000.0000000000
    172      2                    3042621915                                     205500000000.0000000000
    164      2                    3055450192                                     207000000000.0000000000
     89      2                    3062587449                                     208000000000.0000000000
    172      2                    3138589459                                     208500000000.0000000000
    172      2                    3167555226                                     213000000000.0000000000
    967      2                    3199002426                                     215000000000.0000000000
    172      2                    3214153319                                     217000000000.0000000000
    933      2                    3234897423                                     218000000000.0000000000
    138      2                    3257723037                                     219000000000.0000000000
    612      2                    3319129833                                     220500000000.0000000000
    707      2                    3326413307                                     224500000000.0000000000
    138      2                    3413487443                                     225000000000.0000000000
    172      2                    3432415068                                     230500000000.0000000000
    612      2                    3472612035                                     231500000000.0000000000
    707      2                    3494662077                                     234500000000.0000000000
    967      2                    3528946544                                     235500000000.0000000000
    172      2                    3556641106                                     238000000000.0000000000
     89      2                    3638744705                                     239500000000.0000000000
    172      2                    3653834836                                     244500000000.0000000000
    612      2                    3695083179                                     245500000000.0000000000
    933      2                    3707873486                                     248500000000.0000000000
    612      2                    3815568578                                     249000000000.0000000000
    290      6                    7242312710                                     256000000000.0000000000
    565      6                    8956859550                                     461500000000.0000000000
    911      4                    8956859550                                     563911242300.1279295683
