    138      2                             0                                                0.0000000000
    933      2                       8214656                                        500000000.0000000000
    967      2                     206179222                                       1000000000.0000000000
     89      2                     276697198                                      13500000000.0000000000
    933      2                     281390791                                      17500000000.0000000000
    933      2                     306208869                                      18000000000.0000000000
    933      2                     316133756                                      19500000000.0000000000
     75      2                     392564560                                      20000000000.0000000000
    707      2                     437433120                                      25000000000.0000000000
    164      2                     518624789                                      28000000000.0000000000
    967      2                     590730699                                      33000000000.0000000000
     89      2                     672299713                                      37500000000.0000000000
    172      2                     673988586                                      42500000000.0000000000
    568      2                     704685408                                      43000000000.0000000000
    612      2                     706807642                                      44500000000.0000000000
    933      2                     790895798                                      45000000000.0000000000
     89      2                     829310340                                      50000000000.0000000000
    568      2                     838976942                                      52500000000.0000000000
    967      2                     879995290                                      53000000000.0000000000
     89      2                     935860254                                      56000000000.0000000000
    706      2                     953720493                                      59500000000.0000000000
    933      2                    1043939639                                      60500000000.0000000000
    706      2                    1066783354                                      66000000000.0000000000
    707      2                    1075812681                                      67500000000.0000000000
    967      2                    1131555844                                      68000000000.0000000000
    172      2                    1159920677                                      71500000000.0000000000
    152      5                    1163619412                                      73500000000.0000000000
     24      5                    1167954006                                      74000000000.0000000000
    989      5                    1173695510                                      74500000000.0000000000
    656      5                    1179067659                                      75000000000.0000000000
    656      5                    1184535100                                      75500000000.0000000000
    152      5                    1188918014                                      76000000000.0000000000
     24      5                    1194156906                                      76500000000.0000000000
    152      5                    1199374262                                      77000000000.0000000000
     24      5                    1204697916                                      77500000000.0000000000
     24      5                    1210060309                                      78000000000.0000000000
    989      5                    1216107969                                      78500000000.0000000000
    152      5                    1220332727                                      79000000000.0000000000
     24      5                    1225681695                                      79500000000.0000000000
    656      5                    1230907372                                      80000000000.0000000000
    200      5                    1236005942                                      80500000000.0000000000
    152      5                    1241491107                                      81000000000.0000000000
    200      5                    1246694374                                      81500000000.0000000000
    200      5                    1252402380                                      82000000000.0000000000
     24      5                    1257042056                                      82500000000.0000000000
    152      5                    1262434969                                      83000000000.0000000000
    152      5                    1268639281                                      83500000000.0000000000
    656      5                    1272712454                                      84000000000.0000000000
    200      5                    1278008672                                      84500000000.0000000000
    200      5                    1283402993                                      85000000000.0000000000
    152      5                    1288566337                                      85500000000.0000000000
    152      5                    1293938270                                      86000000000.0000000000
    152      5                    1298915697                                      86500000000.0000000000
    656      5                    1304357005                                      87000000000.0000000000
    200      5                    1309615678                                      87500000000.0000000000
    152      5                    1314837781                                      88000000000.0000000000
     24      5                    1320163358                                      88500000000.0000000000
     24      5                    1325355457                                      89000000000.0000000000
    656      5                    1330844765                                      89500000000.0000000000
    200      5                    1335554247                                      90000000000.0000000000
    656      5                    1341215746                                      90500000000.0000000000
    200      5                    1346682976                                      91000000000.0000000000
     24      5                    1351601896                                      91500000000.0000000000
    733      5                    1356668978                                      92000000000.0000000000
     24      5                    1361799466                                      92500000000.0000000000
    656      5                    1367584403                                      93000000000.0000000000
    656      5                    1372776651                                      93500000000.0000000000
     24      5                    1377717874                                      94000000000.0000000000
    152      5                    1383162261                                      94500000000.0000000000
    152      5                    1388226873                                      95000000000.0000000000
    200      5                    1393944356                                      95500000000.0000000000
    989      5                    1399274624                                      96000000000.0000000000
    200      5                    1404044674                                      96500000000.0000000000
     24      5                    1409192890                                      97000000000.0000000000
     24      5                    1414516691                                      97500000000.0000000000
    152      5                    1420365799                                      98000000000.0000000000
     24      5                    1425246208                                      98500000000.0000000000
    656      5                    1430112801                                      99000000000.0000000000
    656      5                    1435530191                                      99500000000.0000000000
    200      5                    1440643970                                     100000000000.0000000000
    152      5                    1445859089                                     100500000000.0000000000
    152      5                    1451064741                                     101000000000.0000000000
    989      5                    1456399489                                     101500000000.0000000000
    656      5                    1461513976                                     102000000000.0000000000
     24      5                    1467111760                                     102500000000.0000000000
    152      5                    1472048459                                     103000000000.0000000000
    152      5                    1477463222                                     103500000000.0000000000
    656      5                    1482807106                                     104000000000.0000000000
    656      5                    1488314302                                     104500000000.0000000000
    200      5                    1492906219                                     105000000000.0000000000
    200      5                    1498281828                                     105500000000.0000000000
    656      5                    1504440379                                     106000000000.0000000000
    656      5                    1508574532                                     106500000000.0000000000
    989      5                    1514238486                                     107000000000.0000000000
    152      5                    1519421325                                     107500000000.0000000000
     24      5                    1524646087                                     108000000000.0000000000
    200      5                    1530011850                                     108500000000.0000000000
    200      5                    1535894341                                     109000000000.0000000000
    152      5                    1540283080                                     109500000000.0000000000
    656      5                    1545580681                                     110000000000.0000000000
    152      5                    1550871776                                     110500000000.0000000000
    152      5                    1556115728                                     111000000000.0000000000
    200      5                    1561009442                                     111500000000.0000000000
    152      5                    1566209677                                     112000000000.0000000000
     24      5                    1572812777                                     112500000000.0000000000
    200      5                    1577135306                                     113000000000.0000000000
     24      5                    1582056768                                     113500000000.0000000000
    989      5                    1587588648                                     114000000000.0000000000
     24      5                    1593788048                                     114500000000.0000000000
    617      5                    1599974325                                     115000000000.0000000000
    656      5                    1602938174                                     115500000000.0000000000
     24      5                    1608369003                                     116000000000.0000000000
    200      5                    1614255511                                     116500000000.0000000000
     24      5                    1618949018                                     117000000000.0000000000
    656      5                    1624766743                                     117500000000.0000000000
     24      5                    1629153151                                     118000000000.0000000000
    200      5                    1634456384                                     118500000000.0000000000
    152      5                    1639862904                                     119000000000.0000000000
    200      5                    1645318214                                     119500000000.0000000000
    152      5                    1651164069                                     120000000000.0000000000
     24      5                    1655563767                                     120500000000.0000000000
    656      5                    1661123190                                     121000000000.0000000000
     24      5                    1666568489                                     121500000000.0000000000
    750      5                    1671120815                                     122000000000.0000000000
    152      5                    1676441425                                     122500000000.0000000000
    200      5                    1681825612                                     123000000000.0000000000
    733      5                    1687599318                                     123500000000.0000000000
    152      5                    1692053087                                     124000000000.0000000000
     24      5                    1697505138                                     124500000000.0000000000
    200      5                    1703257081                                     125000000000.0000000000
     24      5                    1708224408                                     125500000000.0000000000
    989      5                    1713408650                                     126000000000.0000000000
    200      5                    1718660992                                     126500000000.0000000000
    152      5                    1723713622                                     127000000000.0000000000
    733      5                    1728838322                                     127500000000.0000000000
    152      5                    1734990369                                     128000000000.0000000000
    152      5                    1740143297                                     128500000000.0000000000
    656      5                    1745179572                                     129000000000.0000000000
    200      5                    1749743720                                     129500000000.0000000000
    152      5                    1755052458                                     130000000000.0000000000
    656      5                    1761364444                                     130500000000.0000000000
    750      5                    1765651170                                     131000000000.0000000000
     24      5                    1770743969                                     131500000000.0000000000
    152      5                    1777378553                                     132000000000.0000000000
    656      5                    1781712502                                     132500000000.0000000000
    152      5                    1786935689                                     133000000000.0000000000
    200      5                    1791751011                                     133500000000.0000000000
    656      5                    1796951641                                     134000000000.0000000000
    200      5                    1802175026                                     134500000000.0000000000
     24      5                    1807489564                                     135000000000.0000000000
    152      5                    1812841948                                     135500000000.0000000000
     24      5                    1820141753                                     136000000000.0000000000
    200      5                    1823267500                                     136500000000.0000000000
     24      5                    1828367527                                     137000000000.0000000000
     24      5                    1833869771                                     137500000000.0000000000
    200      5                    1839219989                                     138000000000.0000000000
    733      5                    1844644896                                     138500000000.0000000000
    152      5                    1850633826                                     139000000000.0000000000
     24      5                    1854603799                                     139500000000.0000000000
    200      5                    1859988181                                     140000000000.0000000000
     24      5                    1865350897                                     140500000000.0000000000
    152      5                    1870588264                                     141000000000.0000000000
     24      5                    1875577142                                     141500000000.0000000000
    656      5                    1881883712                                     142000000000.0000000000
    152      5                    1886337206                                     142500000000.0000000000
    152      5                    1891344702                                     143000000000.0000000000
     24      5                    1897152034                                     143500000000.0000000000
    152      5                    1901755255                                     144000000000.0000000000
    200      5                    1907164974                                     144500000000.0000000000
    656      5                    1912513519                                     145000000000.0000000000
    656      5                    1917569428                                     145500000000.0000000000
    152      5                    1923111273                                     146000000000.0000000000
    656      5                    1928748397                                     146500000000.0000000000
    200      5                    1933425284                                     147000000000.0000000000
    656      5                    1938820693                                     147500000000.0000000000
    733      5                    1944304028                                     148000000000.0000000000
    656      5                    1950354633                                     148500000000.0000000000
    152      5                    1954245257                                     149000000000.0000000000
     24      5                    1959927113                                     149500000000.0000000000
    200      5                    1964635932                                     150000000000.0000000000
    152      5                    1972885604                                     150500000000.0000000000
    200      5                    1975101136                                     151000000000.0000000000
    200      5                    1981036305                                     151500000000.0000000000
    152      5                    1985953064                                     152000000000.0000000000
    200      5                    1991331971                                     152500000000.0000000000
     24      5                    1997170868                                     153000000000.0000000000
     24      5                    2001487013                                     153500000000.0000000000
    733      5                    2006815573                                     154000000000.0000000000
    656      5                    2012038139                                     154500000000.0000000000
    152      5                    2017059609                                     155000000000.0000000000
     24      5                    2022661077                                     155500000000.0000000000
     24      5                    2028197913                                     156000000000.0000000000
    152      5                    2033297643                                     156500000000.0000000000
    200      5                    2039135489                                     157000000000.0000000000
    750      5                    2044947370                                     157500000000.0000000000
    152      5                    2048482333                                     158000000000.0000000000
     24      5                    2053758597                                     158500000000.0000000000
     24      5                    2059003159                                     159000000000.0000000000
    656      5                    2064589147                                     159500000000.0000000000
    989      5                    2070099520                                     160000000000.0000000000
    200      5                    2074756436                                     160500000000.0000000000
    152      5                    2079991302                                     161000000000.0000000000
    200      5                    2085535396                                     161500000000.0000000000
    152      5                    2091003024                                     162000000000.0000000000
    152      5                    2096107809                                     162500000000.0000000000
    152      5                    2101311615                                     163000000000.0000000000
    152      5                    2106201814                                     163500000000.0000000000
    656      5                    2111515432                                     164000000000.0000000000
    152      5                    2116868184                                     164500000000.0000000000
    200      5                    2121883230                                     165000000000.0000000000
    656      5                    2127844059                                     165500000000.0000000000
     24      5                    2132519453                                     166000000000.0000000000
    152      5                    2137633894                                     166500000000.0000000000
     24      5                    2143453006                                     167000000000.0000000000
    152      5                    2148345950                                     167500000000.0000000000
     24      5                    2153638250                                     168000000000.0000000000
    152      5                    2158810286                                     168500000000.0000000000
    656      5                    2164721424                                     169000000000.0000000000
    152      5                    2169815791                                     169500000000.0000000000
    152      5                    2174480714                                     170000000000.0000000000
    200      5                    2179636429                                     170500000000.0000000000
    656      5                    2184898942                                     171000000000.0000000000
    152      5                    2190101542                                     171500000000.0000000000
    200      5                    2195794431                                     172000000000.0000000000
    200      5                    2200565157                                     172500000000.0000000000
    152      5                    2206244915                                     173000000000.0000000000
    656      5                    2211643165                                     173500000000.0000000000
    989      5                    2216270934                                     174000000000.0000000000
     24      5                    2223124652                                     174500000000.0000000000
    656      5                    2227438358                                     175000000000.0000000000
     24      5                    2232428800                                     175500000000.0000000000
     24      5                    2237971766                                     176000000000.0000000000
     24      5                    2242975426                                     176500000000.0000000000
    152      5                    2248495871                                     177000000000.0000000000
     24      5                    2253064320                                     177500000000.0000000000
    152      5                    2258425653                                     178000000000.0000000000
    656      5                    2265037272                                     178500000000.0000000000
    152      5                    2269967590                                     179000000000.0000000000
    656      5                    2274277703                                     179500000000.0000000000
    200      5                    2279487986                                     180000000000.0000000000
    200      5                    2284527747                                     180500000000.0000000000
     24      5                    2289910592                                     181000000000.0000000000
    152      5                    2295431222                                     181500000000.0000000000
    152      5                    2300343367                                     182000000000.0000000000
     24      5                    2305994296                                     182500000000.0000000000
    152      5                    2310701216                                     183000000000.0000000000
    152      5                    2316368741                                     183500000000.0000000000
    152      5                    2321628004                                     184000000000.0000000000
    989      5                    2326883160                                     184500000000.0000000000
     24      5                    2332935897                                     185000000000.0000000000
     24      5                    2337060476                                     185500000000.0000000000
    152      5                    2342930545                                     186000000000.0000000000
    656      5                    2348787242                                     186500000000.0000000000
    656      5                    2353635504                                     187000000000.0000000000
     24      5                    2358922434                                     187500000000.0000000000
    152      5                    2364675178                                     188000000000.0000000000
    200      5                    2369542699                                     188500000000.0000000000
    200      5                    2373646766                                     189000000000.0000000000
    989      5                    2379003757                                     189500000000.0000000000
    656      5                    2383968015                                     190000000000.0000000000
    200      5                    2389679725                                     190500000000.0000000000
     24      5                    2394562110                                     191000000000.0000000000
    200      5                    2399741420                                     191500000000.0000000000
    152      5                    2405108837                                     192000000000.0000000000
    733      5                    2412925870                                     192500000000.0000000000
    989      5                    2416118535                                     193000000000.0000000000
    656      5                    2420679988                                     193500000000.0000000000
    152      5                    2427127503                                     194000000000.0000000000
    989      5                    2431971752                                     194500000000.0000000000
    200      5                    2436786154                                     195000000000.0000000000
     24      5                    2442187855                                     195500000000.0000000000
    200      5                    2448607458                                     196000000000.0000000000
    152      5                    2452458164                                     196500000000.0000000000
    656      5                    2457518803                                     197000000000.0000000000
     24      5                    2463873097                                     197500000000.0000000000
    656      5                    2468078851                                     198000000000.0000000000
    152      5                    2473103341                                     198500000000.0000000000
    656      5                    2478820873                                     199000000000.0000000000
    656      5                    2483905280                                     199500000000.0000000000
    200      5                    2489119862                                     200000000000.0000000000
    200      5                    2494572486                                     200500000000.0000000000
    152      5                    2499310093                                     201000000000.0000000000
    656      5                    2504947065                                     201500000000.0000000000
    152      5                    2510147894                                     202000000000.0000000000
    200      5                    2515171693                                     202500000000.0000000000
    152      5                    2521017232                                     203000000000.0000000000
    656      5                    2525910796                                     203500000000.0000000000
     24      5                    2530971092                                     204000000000.0000000000
    200      5                    2536238650                                     204500000000.0000000000
    152      5                    2541496499                                     205000000000.0000000000
    152      5                    2546655977                                     205500000000.0000000000
     24      5                    2552159414                                     206000000000.0000000000
    656      5                    2557706021                                     206500000000.0000000000
    656      5                    2562670788                                     207000000000.0000000000
     24      5                    2567666628                                     207500000000.0000000000
    152      5                    2573307668                                     208000000000.0000000000
    200      5                    2578423567                                     208500000000.0000000000
     24      5                    2583572080                                     209000000000.0000000000
    200      5                    2588573790                                     209500000000.0000000000
    656      5                    2593926804                                     210000000000.0000000000
    200      5                    2599438871                                     210500000000.0000000000
    656      5                    2604800622                                     211000000000.0000000000
    656      5                    2610271887                                     211500000000.0000000000
    656      5                    2615017200                                     212000000000.0000000000
    138      2                    2661694968                                     212500000000.0000000000
    707      2                    2713929803                                     215500000000.0000000000
    568      2                    2750422697                                     218500000000.0000000000
    707      2                    2773217475                                     221000000000.0000000000
    612      2                    2794875199                                     222500000000.0000000000
    568      2                    2912173803                                     224000000000.0000000000
    568      2                    2929527191                                     231000000000.0000000000
     89      2                    2954959895                                     232500000000.0000000000
    612      2                    3010987152                                     234000000000.0000000000
    933      2                    3029442655                                     237500000000.0000000000
    568      2                    3070823354                                     238500000000.0000000000
    172      2                    3168339062                                     241000000000.0000000000
    967      2                    3207489814                                     247500000000.0000000000
    707      2                    3217877764                                     250000000000.0000000000
     50      2                    3249254043                                     250500000000.0000000000
    967      2                    3307286989                                     252500000000.0000000000
    967      2                    3340584665                                     256000000000.0000000000
    707      2                    3349031159                                     258500000000.0000000000
    967      2                    3424849764                                     259000000000.0000000000
    706      2                    3457385664                                     263500000000.0000000000
    172      2                    3467706378                                     265500000000.0000000000
     75      2                    3475851163                                     266500000000.0000000000
    226      2                    3494963440                                     267000000000.0000000000
    933      2                    3518025947                                     268000000000.0000000000
     89      2                    3588028910                                     269500000000.0000000000
    172      2                    3608859981                                     274000000000.0000000000
    707      2                    3615892057                                     275000000000.0000000000
    933      2                    3623778473                                     275500000000.0000000000
     89      2                    3658185432                                     276000000000.0000000000
    612      2                    3761348717                                     278500000000.0000000000
    707      2                    3902665355                                     285000000000.0000000000
    706      2                    3960308365                                     293500000000.0000000000
    164      2                    4040588080                                     297500000000.0000000000
    172      2                    4066517623                                     302500000000.0000000000
     75      2                    4077731667                                     304000000000.0000000000
    612      2                    4086803266                                     305000000000.0000000000
    707      2                    4133774651                                     305500000000.0000000000
    172      2                    4140663798                                     308500000000.0000000000
    612      2                    4179682954                                     309000000000.0000000000
    933      2                    4197144131                                     311000000000.0000000000
    933      2                    4236444227                                     312500000000.0000000000
    967      2                    4323618927                                     315000000000.0000000000
    568      2                    4337475104                                     320500000000.0000000000
    967      2                    4340663427                                     321000000000.0000000000
    172      2                    4356175135                                     321500000000.0000000000
    172      2                    4404367678                                     322500000000.0000000000
    707      2                    4451899775                                     325500000000.0000000000
    933      2                    4484213288                                     328500000000.0000000000
     89      2                    4506304994                                     330500000000.0000000000
    697      1                    5400692281                                     332000000000.0000000000
    853      1                    5598535127                                     424000000000.0000000000
    183      1                    5713874967                                     444000000000.0000000000
    803      8                    5715805225                                     456000000000.0000000000
    803      8                    5716936903                                     456500000000.0000000000
    368      8                    5718768698                                     457000000000.0000000000
    547      8                    5720366197                                     457500000000.0000000000
    547      8                    5722939015                                     458000000000.0000000000
    547      8                    5724698895                                     458500000000.0000000000
    368      8                    5726745301                                     459000000000.0000000000
    803      8                    5729931923                                     459500000000.0000000000
    270      8                    5731941661                                     460500000000.0000000000
    547      8                    5735281305                                     461000000000.0000000000
    368      8                    5736427691                                     461500000000.0000000000
    609      8                    5738291493                                     462000000000.0000000000
    609      8                    5742212994                                     462500000000.0000000000
    803      8                    5743581252                                     463500000000.0000000000
    609      8                    5745791635                                     464000000000.0000000000
    547      8                    5747303354                                     464500000000.0000000000
    609      8                    5754069698                                     465000000000.0000000000
    547      8                    5755229092                                     466500000000.0000000000
    368      8                    5756875603                                     467000000000.0000000000
    547      8                    5758901037                                     467500000000.0000000000
    547      8                    5765154335                                     468000000000.0000000000
    609      8                    5767110486                                     469500000000.0000000000
    609      8                    5771835803                                     470000000000.0000000000
    803      8                    5772529309                                     471000000000.0000000000
    609      8                    5774492074                                     471500000000.0000000000
    803      8                    5779814893                                     472000000000.0000000000
    547      8                    5781101267                                     473000000000.0000000000
    609      8                    5782419077                                     473500000000.0000000000
    609      8                    5784868612                                     474000000000.0000000000
    547      8                    5785967728                                     474500000000.0000000000
    547      8                    5788836451                                     475000000000.0000000000
    368      8                    5790194340                                     475500000000.0000000000
    609      8                    5793801025                                     476000000000.0000000000
    609      8                    5796197936                                     477000000000.0000000000
    609      8                    5797622867                                     477500000000.0000000000
    803      8                    5799878077                                     478000000000.0000000000
    542      8                    5801244166                                     478500000000.0000000000
    803      8                    5803030541                                     479000000000.0000000000
    609      8                    5805788266                                     479500000000.0000000000
    609      8                    5809812012                                     480000000000.0000000000
    609      8                    5811321937                                     481000000000.0000000000
    609      8                    5813839233                                     481500000000.0000000000
    803      8                    5815741301                                     482000000000.0000000000
    609      8                    5817301687                                     482500000000.0000000000
    609      8                    5819024172                                     483000000000.0000000000
    609      8                    5821603829                                     483500000000.0000000000
    609      8                    5822506168                                     484000000000.0000000000
    368      8                    5824576097                                     484500000000.0000000000
    609      8                    5828175155                                     485000000000.0000000000
    609      8                    5830475611                                     486000000000.0000000000
    869      1                    5899815220                                     486500000000.0000000000
     15      1                    6633091161                                     493500000000.0000000000
    834      8                    6633091161                                     568698640187.7217681408
