     36      5                             0                                                0.0000000000
     76      5                          1786                                        500000000.0000000000
    125      5                          3807                                       1000000000.0000000000
    150      5                          4823                                       1500000000.0000000000
     23      5                          6421                                       2000000000.0000000000
    103      5                          8354                                       2500000000.0000000000
    103      5                         10611                                       3000000000.0000000000
    158      5                         11441                                       3500000000.0000000000
    123      5                         13111                                       4000000000.0000000000
    150      5                         14647                                       4500000000.0000000000
     76      5                         16248                                       5000000000.0000000000
    115      5                         17743                                       5500000000.0000000000
     23      5                         19046                                       6000000000.0000000000
    150      5                         20692                                       6500000000.0000000000
    115      5                         22597                                       7000000000.0000000000
    115      5                         24027                                       7500000000.0000000000
    115      5                         25896                                       8000000000.0000000000
    150      5                         27119                                       8500000000.0000000000
     23      5                         29108                                       9000000000.0000000000
     23      5                         31067                                       9500000000.0000000000
     23      5                         32688                                      10000000000.0000000000
     23      5                         34390                                      10500000000.0000000000
    123      5                         36022                                      11000000000.0000000000
    125      5                         37772                                      11500000000.0000000000
    125      5                         39303                                      12000000000.0000000000
     23      5                         40889                                      12500000000.0000000000
     76      5                         42552                                      13000000000.0000000000
     23      5                         43668                                      13500000000.0000000000
     23      5                         45873                                      14000000000.0000000000
     76      5                         47259                                      14500000000.0000000000
    123      5                         49302                                      15000000000.0000000000
     23      5                         50802                                      15500000000.0000000000
    103      5                         52760                                      16000000000.0000000000
     23      5                         54418                                      16500000000.0000000000
     76      5                         56450                                      17000000000.0000000000
     76      5                         58697                                      17500000000.0000000000
    158      5                         60335                                      18000000000.0000000000
     23      5                         61780                                      18500000000.0000000000
    103      5                         63704                                      19000000000.0000000000
     76      5                         65298                                      19500000000.0000000000
     23      5                         66978                                      20000000000.0000000000
    123      5                         68556                                      20500000000.0000000000
    150      5                         70459                                      21000000000.0000000000
    158      5                         72305                                      21500000000.0000000000
    125      5                         74155                                      22000000000.0000000000
     23      5                         76034                                      22500000000.0000000000
     76      5                         78112                                      23000000000.0000000000
     23      5                         79715                                      23500000000.0000000000
    103      5                         81656                                      24000000000.0000000000
    123      5                         83641                                      24500000000.0000000000
    103      5                         84911                                      25000000000.0000000000
    115      5                         86582                                      25500000000.0000000000
     23      5                         88285                                      26000000000.0000000000
    158      5                         89711                                      26500000000.0000000000
    115      5                         91775                                      27000000000.0000000000
    125      5                         92968                                      27500000000.0000000000
     23      5                         94444                                      28000000000.0000000000
    123      5                         96043                                      28500000000.0000000000
    125      5                         97732                                      29000000000.0000000000
    123      5                         99584                                      29500000000.0000000000
     76      5                        101226                                      30000000000.0000000000
    103      5                        103040                                      30500000000.0000000000
    123      5                        104445                                      31000000000.0000000000
    158      5                        105857                                      31500000000.0000000000
    158      5                        107220                                      32000000000.0000000000
     76      5                        108827                                      32500000000.0000000000
    103      5                        110462                                      33000000000.0000000000
    158      5                        112485                                      33500000000.0000000000
     76      5                        113905                                      34000000000.0000000000
    125      5                        115551                                      34500000000.0000000000
     76      5                        117044                                      35000000000.0000000000
    158      5                        119086                                      35500000000.0000000000
    115      5                        120149                                      36000000000.0000000000
    115      5                        121834                                      36500000000.0000000000
     76      5                        123754                                      37000000000.0000000000
    150      5                        125290                                      37500000000.0000000000
    158      5                        126901                                      38000000000.0000000000
    123      5                        128905                                      38500000000.0000000000
    103      5                        130464                                      39000000000.0000000000
    103      5                        132276                                      39500000000.0000000000
    103      5                        133624                                      40000000000.0000000000
    115      5                        135146                                      40500000000.0000000000
    158      5                        136700                                      41000000000.0000000000
     23      5                        138080                                      41500000000.0000000000
     23      5                        139597                                      42000000000.0000000000
     76      5                        141805                                      42500000000.0000000000
    115      5                        143526                                      43000000000.0000000000
    115      5                        145127                                      43500000000.0000000000
    103      5                        147091                                      44000000000.0000000000
     23      5                        148699                                      44500000000.0000000000
    103      5                        150462                                      45000000000.0000000000
     76      5                        152213                                      45500000000.0000000000
    158      5                        153938                                      46000000000.0000000000
     76      5                        155413                                      46500000000.0000000000
     23      5                        156693                                      47000000000.0000000000
     23      5                        158669                                      47500000000.0000000000
    123      5                        160020                                      48000000000.0000000000
     23      5                        161762                                      48500000000.0000000000
    125      5                        163377                                      49000000000.0000000000
    115      5                        164884                                      49500000000.0000000000
     76      5                        166981                                      50000000000.0000000000
     23      5                        168259                                      50500000000.0000000000
    115      5                        169870                                      51000000000.0000000000
    158      5                        171645                                      51500000000.0000000000
    125      5                        172925                                      52000000000.0000000000
     23      5                        175064                                      52500000000.0000000000
     76      5                        176717                                      53000000000.0000000000
    158      5                        178447                                      53500000000.0000000000
    158      5                        180169                                      54000000000.0000000000
    125      5                        182198                                      54500000000.0000000000
    125      5                        183665                                      55000000000.0000000000
    158      5                        185682                                      55500000000.0000000000
    158      5                        187631                                      56000000000.0000000000
    125      5                        189092                                      56500000000.0000000000
     76      5                        190855                                      57000000000.0000000000
     23      5                        192027                                      57500000000.0000000000
    125      5                        193883                                      58000000000.0000000000
    125      5                        195678                                      58500000000.0000000000
    125      5                        197274                                      59000000000.0000000000
    125      5                        199095                                      59500000000.0000000000
    125      5                        200153                                      60000000000.0000000000
    158      5                        201971                                      60500000000.0000000000
     76      5                        203769                                      61000000000.0000000000
    158      5                        205347                                      61500000000.0000000000
     23      5                        207315                                      62000000000.0000000000
     23      5                        208775                                      62500000000.0000000000
     76      5                        210387                                      63000000000.0000000000
    158      5                        211898                                      63500000000.0000000000
    103      5                        212987                                      64000000000.0000000000
    125      5                        214978                                      64500000000.0000000000
    158      5                        216367                                      65000000000.0000000000
    103      5                        217916                                      65500000000.0000000000
     76      5                        219457                                      66000000000.0000000000
    125      5                        220811                                      66500000000.0000000000
     23      5                        222282                                      67000000000.0000000000
    158      5                        224428                                      67500000000.0000000000
     76      5                        226703                                      68000000000.0000000000
    115      5                        227852                                      68500000000.0000000000
     23      5                        229697                                      69000000000.0000000000
    125      5                        231051                                      69500000000.0000000000
    123      5                        232941                                      70000000000.0000000000
    150      5                        234448                                      70500000000.0000000000
     23      5                        236281                                      71000000000.0000000000
    123      5                        237840                                      71500000000.0000000000
    158      5                        239313                                      72000000000.0000000000
    125      5                        240699                                      72500000000.0000000000
     76      5                        242349                                      73000000000.0000000000
     23      5                        244180                                      73500000000.0000000000
    123      5                        245630                                      74000000000.0000000000
    158      5                        247324                                      74500000000.0000000000
    123      5                        249011                                      75000000000.0000000000
    125      5                        250239                                      75500000000.0000000000
     76      5                        251732                                      76000000000.0000000000
     23      5                        253220                                      76500000000.0000000000
    123      5                        255291                                      77000000000.0000000000
    115      5                        256631                                      77500000000.0000000000
    150      5                        258113                                      78000000000.0000000000
     23      5                        259759                                      78500000000.0000000000
    125      5                        261248                                      79000000000.0000000000
    115      5                        263134                                      79500000000.0000000000
     23      5                        265066                                      80000000000.0000000000
    125      5                        266647                                      80500000000.0000000000
     23      5                        268115                                      81000000000.0000000000
    125      5                        270124                                      81500000000.0000000000
     23      5                        271910                                      82000000000.0000000000
     76      5                        273793                                      82500000000.0000000000
     23      5                        275380                                      83000000000.0000000000
    158      5                        277448                                      83500000000.0000000000
     23      5                        279024                                      84000000000.0000000000
    123      5                        280580                                      84500000000.0000000000
    115      5                        282611                                      85000000000.0000000000
     76      5                        284563                                      85500000000.0000000000
    158      5                        286235                                      86000000000.0000000000
     23      5                        288128                                      86500000000.0000000000
    103      5                        289303                                      87000000000.0000000000
    158      5                        291257                                      87500000000.0000000000
     23      5                        293355                                      88000000000.0000000000
    125      5                        294888                                      88500000000.0000000000
    158      5                        296557                                      89000000000.0000000000
     76      5                        298045                                      89500000000.0000000000
     23      5                        299746                                      90000000000.0000000000
    115      5                        301537                                      90500000000.0000000000
    103      5                        303515                                      91000000000.0000000000
    103      5                        304835                                      91500000000.0000000000
    125      5                        306569                                      92000000000.0000000000
    123      5                        307749                                      92500000000.0000000000
    103      5                        309280                                      93000000000.0000000000
    125      5                        311004                                      93500000000.0000000000
    150      5                        312778                                      94000000000.0000000000
    103      5                        314424                                      94500000000.0000000000
    115      5                        316123                                      95000000000.0000000000
     23      5                        317757                                      95500000000.0000000000
    125      5                        319290                                      96000000000.0000000000
     76      5                        320952                                      96500000000.0000000000
    158      5                        323313                                      97000000000.0000000000
    150      5                        325135                                      97500000000.0000000000
    115      5                        326614                                      98000000000.0000000000
    103      5                        328598                                      98500000000.0000000000
    123      5                        330270                                      99000000000.0000000000
    103      5                        331965                                      99500000000.0000000000
    123      5                        333404                                     100000000000.0000000000
    125      5                        335420                                     100500000000.0000000000
     23      5                        337144                                     101000000000.0000000000
     76      5                        338851                                     101500000000.0000000000
     23      5                        340843                                     102000000000.0000000000
     23      5                        342128                                     102500000000.0000000000
    103      5                        344167                                     103000000000.0000000000
    125      5                        345990                                     103500000000.0000000000
     76      5                        347787                                     104000000000.0000000000
    125      5                        349540                                     104500000000.0000000000
    158      5                        350916                                     105000000000.0000000000
    115      5                        352677                                     105500000000.0000000000
     76      5                        354371                                     106000000000.0000000000
    115      5                        356380                                     106500000000.0000000000
    125      5                        357461                                     107000000000.0000000000
     76      5                        359047                                     107500000000.0000000000
    125      5                        360610                                     108000000000.0000000000
     76      5                        361961                                     108500000000.0000000000
     23      5                        363653                                     109000000000.0000000000
    115      5                        365483                                     109500000000.0000000000
    123      5                        367234                                     110000000000.0000000000
    125      5                        368968                                     110500000000.0000000000
    125      5                        370689                                     111000000000.0000000000
    115      5                        372672                                     111500000000.0000000000
     23      5                        374246                                     112000000000.0000000000
    158      5                        376118                                     112500000000.0000000000
    115      5                        377512                                     113000000000.0000000000
     23      5                        379796                                     113500000000.0000000000
     23      5                        381866                                     114000000000.0000000000
     23      5                        383583                                     114500000000.0000000000
    158      5                        385381                                     115000000000.0000000000
    125      5                        386723                                     115500000000.0000000000
    150      5                        388652                                     116000000000.0000000000
    125      5                        390279                                     116500000000.0000000000
    150      5                        392575                                     117000000000.0000000000
    158      5                        394151                                     117500000000.0000000000
     76      5                        395780                                     118000000000.0000000000
    115      5                        397235                                     118500000000.0000000000
    123      5                        399247                                     119000000000.0000000000
     76      5                        401574                                     119500000000.0000000000
    115      5                        403296                                     120000000000.0000000000
    158      5                        404900                                     120500000000.0000000000
    103      5                        406715                                     121000000000.0000000000
     76      5                        408125                                     121500000000.0000000000
    125      5                        410039                                     122000000000.0000000000
    115      5                        411747                                     122500000000.0000000000
    115      5                        413560                                     123000000000.0000000000
    125      5                        415303                                     123500000000.0000000000
     23      5                        417591                                     124000000000.0000000000
     76      5                        418889                                     124500000000.0000000000
    115      5                        420593                                     125000000000.0000000000
     36      5                        423037                                     125500000000.0000000000
    125      5                        423998                                     126000000000.0000000000
    150      5                        425639                                     126500000000.0000000000
    115      5                        427513                                     127000000000.0000000000
     76      5                        429294                                     127500000000.0000000000
    150      5                        430830                                     128000000000.0000000000
    125      5                        432226                                     128500000000.0000000000
    123      5                        433647                                     129000000000.0000000000
    150      5                        435475                                     129500000000.0000000000
     76      5                        436712                                     130000000000.0000000000
     76      5                        438367                                     130500000000.0000000000
    150      5                        440075                                     131000000000.0000000000
    123      5                        441630                                     131500000000.0000000000
     23      5                        443177                                     132000000000.0000000000
     23      5                        445144                                     132500000000.0000000000
    125      5                        447033                                     133000000000.0000000000
     76      5                        448679                                     133500000000.0000000000
    125      5                        450427                                     134000000000.0000000000
    123      5                        452057                                     134500000000.0000000000
     76      5                        453909                                     135000000000.0000000000
    115      5                        455364                                     135500000000.0000000000
    115      5                        457151                                     136000000000.0000000000
    125      5                        458339                                     136500000000.0000000000
    103      5                        459967                                     137000000000.0000000000
    115      5                        461998                                     137500000000.0000000000
    123      5                        463679                                     138000000000.0000000000
     76      5                        465132                                     138500000000.0000000000
     23      5                        466512                                     139000000000.0000000000
    123      5                        468176                                     139500000000.0000000000
     23      5                        469793                                     140000000000.0000000000
    103      5                        471728                                     140500000000.0000000000
    115      5                        473451                                     141000000000.0000000000
     23      5                        475363                                     141500000000.0000000000
    150      5                        477281                                     142000000000.0000000000
    158      5                        478437                                     142500000000.0000000000
    150      5                        480109                                     143000000000.0000000000
    123      5                        481861                                     143500000000.0000000000
     76      5                        483502                                     144000000000.0000000000
     23      5                        485082                                     144500000000.0000000000
    115      5                        486722                                     145000000000.0000000000
    123      5                        488366                                     145500000000.0000000000
    150      5                        490141                                     146000000000.0000000000
    150      5                        491790                                     146500000000.0000000000
    158      5                        493426                                     147000000000.0000000000
    158      5                        494831                                     147500000000.0000000000
     23      5                        497072                                     148000000000.0000000000
    125      5                        498524                                     148500000000.0000000000
    123      5                        499908                                     149000000000.0000000000
    103      5                        502357                                     149500000000.0000000000
    158      5                        503476                                     150000000000.0000000000
    158      5                        504815                                     150500000000.0000000000
    125      5                        506471                                     151000000000.0000000000
     23      5                        508361                                     151500000000.0000000000
    158      5                        510423                                     152000000000.0000000000
    103      5                        511678                                     152500000000.0000000000
    125      5                        513239                                     153000000000.0000000000
     23      5                        514656                                     153500000000.0000000000
     76      5                        516638                                     154000000000.0000000000
     23      5                        519063                                     154500000000.0000000000
    158      5                        520471                                     155000000000.0000000000
    115      5                        521865                                     155500000000.0000000000
    150      5                        523547                                     156000000000.0000000000
    123      5                        525826                                     156500000000.0000000000
     76      5                        527608                                     157000000000.0000000000
    150      5                        529020                                     157500000000.0000000000
    123      5                        530776                                     158000000000.0000000000
     23      5                        532647                                     158500000000.0000000000
     23      5                        534157                                     159000000000.0000000000
     76      5                        535774                                     159500000000.0000000000
     23      5                        537767                                     160000000000.0000000000
     76      5                        539518                                     160500000000.0000000000
    123      5                        541424                                     161000000000.0000000000
     23      5                        543287                                     161500000000.0000000000
     23      5                        544567                                     162000000000.0000000000
    158      5                        546643                                     162500000000.0000000000
    125      5                        548677                                     163000000000.0000000000
     23      5                        549926                                     163500000000.0000000000
    150      5                        551524                                     164000000000.0000000000
    125      5                        552908                                     164500000000.0000000000
    115      5                        554725                                     165000000000.0000000000
     76      5                        557141                                     165500000000.0000000000
     76      5                        558965                                     166000000000.0000000000
     23      5                        560622                                     166500000000.0000000000
    158      5                        562482                                     167000000000.0000000000
    125      5                        564341                                     167500000000.0000000000
     76      5                        566329                                     168000000000.0000000000
    158      5                        568204                                     168500000000.0000000000
    158      5                        569540                                     169000000000.0000000000
     76      5                        570808                                     169500000000.0000000000
    125      5                        572821                                     170000000000.0000000000
    158      5                        574391                                     170500000000.0000000000
     23      5                        576439                                     171000000000.0000000000
     23      5                        578236                                     171500000000.0000000000
    103      5                        579514                                     172000000000.0000000000
     23      5                        580920                                     172500000000.0000000000
     76      5                        582575                                     173000000000.0000000000
     23      5                        584302                                     173500000000.0000000000
    125      5                        585914                                     174000000000.0000000000
     76      5                        588124                                     174500000000.0000000000
     76      5                        589801                                     175000000000.0000000000
    115      5                        591532                                     175500000000.0000000000
    158      5                        593324                                     176000000000.0000000000
    150      5                        594962                                     176500000000.0000000000
    150      5                        596772                                     177000000000.0000000000
    125      5                        598461                                     177500000000.0000000000
     23      5                        600103                                     178000000000.0000000000
     76      5                        601812                                     178500000000.0000000000
    103      5                        603110                                     179000000000.0000000000
     23      5                        605229                                     179500000000.0000000000
     23      5                        606651                                     180000000000.0000000000
    125      5                        608296                                     180500000000.0000000000
    103      5                        610701                                     181000000000.0000000000
    125      5                        612046                                     181500000000.0000000000
     76      5                        613507                                     182000000000.0000000000
     23      5                        615066                                     182500000000.0000000000
     23      5                        617107                                     183000000000.0000000000
    150      5                        618865                                     183500000000.0000000000
     76      5                        620309                                     184000000000.0000000000
     23      5                        622174                                     184500000000.0000000000
    123      5                        624292                                     185000000000.0000000000
    125      5                        626053                                     185500000000.0000000000
     23      5                        627345                                     186000000000.0000000000
     23      5                        629162                                     186500000000.0000000000
    158      5                        630944                                     187000000000.0000000000
     76      5                        632599                                     187500000000.0000000000
    115      5                        634436                                     188000000000.0000000000
    125      5                        635193                                     188500000000.0000000000
    169      2                        639964                                     189000000000.0000000000
    144      2                        653719                                     189500000000.0000000000
    144      2                        687225                                     191000000000.0000000000
    130      2                        699449                                     195000000000.0000000000
    130      2                        702638                                     196500000000.0000000000
    144      2                        735695                                     197000000000.0000000000
    144      2                        775267                                     200500000000.0000000000
    169      2                        785095                                     205000000000.0000000000
    169      2                        787268                                     206000000000.0000000000
    169      2                        792482                                     206500000000.0000000000
    167      2                        801516                                     207000000000.0000000000
    144      2                        829315                                     208000000000.0000000000
    144      2                        861999                                     211500000000.0000000000
    170      2                        865409                                     215000000000.0000000000
    170      2                        876206                                     215500000000.0000000000
     65      2                        923739                                     217000000000.0000000000
    121      2                        935848                                     222500000000.0000000000
    167      2                        948456                                     223500000000.0000000000
    167      2                        956376                                     225000000000.0000000000
     79      2                        966133                                     226000000000.0000000000
    144      2                        979758                                     227000000000.0000000000
     65      2                        992372                                     228500000000.0000000000
    144      2                       1003284                                     230000000000.0000000000
    144      2                       1041732                                     231500000000.0000000000
    121      2                       1058069                                     236000000000.0000000000
    167      2                       1068598                                     238000000000.0000000000
    144      2                       1122274                                     239000000000.0000000000
    169      2                       1128307                                     245500000000.0000000000
    167      2                       1145116                                     246000000000.0000000000
     65      2                       1196038                                     248000000000.0000000000
    170      2                       1209749                                     254000000000.0000000000
    167      2                       1231830                                     255500000000.0000000000
    144      2                       1267245                                     258000000000.0000000000
    130      2                       1279151                                     262000000000.0000000000
    170      2                       1363887                                     263500000000.0000000000
    167      2                       1410826                                     273500000000.0000000000
     65      2                       1441787                                     278500000000.0000000000
    144      2                       1478144                                     282500000000.0000000000
     65      2                       1578015                                     286500000000.0000000000
    170      2                       1587218                                     298000000000.0000000000
    130      2                       1597204                                     299000000000.0000000000
    144      2                       1623597                                     300500000000.0000000000
    170      2                       1630388                                     303500000000.0000000000
    144      2                       1676137                                     304000000000.0000000000
    170      2                       1687209                                     309500000000.0000000000
    167      2                       1765192                                     310500000000.0000000000
    167      2                       1776698                                     319500000000.0000000000
    144      2                       1837665                                     321000000000.0000000000
    144      2                       1899205                                     328000000000.0000000000
    144      2                       1931815                                     335000000000.0000000000
     65      2                       1940139                                     339000000000.0000000000
    130      2                       1944175                                     340000000000.0000000000
     65      2                       2012783                                     340500000000.0000000000
     65      2                       2022242                                     348500000000.0000000000
    167      2                       2037822                                     349500000000.0000000000
    144      2                       2067491                                     351500000000.0000000000
    144      2                       2164546                                     355000000000.0000000000
     50      2                       2168146                                     366000000000.0000000000
    130      2                       2178123                                     366500000000.0000000000
    130      2                       2182721                                     367500000000.0000000000
    167      2                       2202421                                     368000000000.0000000000
    169      2                       2272769                                     370500000000.0000000000
    144      2                       2376742                                     378500000000.0000000000
     65      2                       2395570                                     390500000000.0000000000
    167      2                       2473495                                     392500000000.0000000000
    130      2                       2491747                                     401500000000.0000000000
    167      2                       2500854                                     403500000000.0000000000
    169      2                       2518532                                     404500000000.0000000000
     65      2                       2542871                                     406500000000.0000000000
     65      2                       2544806                                     409500000000.0000000000
    167      2                       2575418                                     410000000000.0000000000
    167      2                       2580008                                     413500000000.0000000000
     79      2                       2587798                                     414000000000.0000000000
     65      2                       2588256                                     414500000000.0000000000
    144      2                       2656014                                     415000000000.0000000000
    144      2                       2740910                                     422500000000.0000000000
    167      2                       2775343                                     432500000000.0000000000
    144      2                       2798324                                     436500000000.0000000000
    169      2                       2800375                                     439000000000.0000000000
     91      2                       2817226                                     439500000000.0000000000
    170      2                       2861350                                     441000000000.0000000000
    167      2                       2898358                                     446500000000.0000000000
     65      2                       2903439                                     450500000000.0000000000
     65      2                       2932615                                     451000000000.0000000000
     79      2                       2938055                                     454500000000.0000000000
    121      2                       2943397                                     455000000000.0000000000
    167      2                       2959971                                     456000000000.0000000000
    169      2                       2962094                                     457500000000.0000000000
     65      2                       2980224                                     458000000000.0000000000
     65      2                       2983915                                     460000000000.0000000000
     65      2                       2990805                                     460500000000.0000000000
    170      2                       3010820                                     461500000000.0000000000
    170      2                       3035612                                     463500000000.0000000000
     65      2                       3053123                                     466500000000.0000000000
    167      2                       3071091                                     468500000000.0000000000
    169      2                       3077874                                     470500000000.0000000000
    144      2                       3099531                                     471500000000.0000000000
    169      2                       3115216                                     474000000000.0000000000
    170      2                       3128883                                     475500000000.0000000000
     65      2                       3135789                                     477000000000.0000000000
    144      2                       3158698                                     478000000000.0000000000
    167      2                       3190967                                     480500000000.0000000000
    144      2                       3225270                                     484500000000.0000000000
    169      2                       3232525                                     488500000000.0000000000
    130      2                       3240178                                     489000000000.0000000000
    144      2                       3264648                                     490000000000.0000000000
    169      2                       3280643                                     493000000000.0000000000
    144      2                       3289318                                     494500000000.0000000000
    130      2                       3294037                                     495500000000.0000000000
    170      2                       3316572                                     496500000000.0000000000
    144      2                       3327523                                     499000000000.0000000000
     65      2                       3327523                                     500000011742.6050686538
