     62      6                             0                                                0.0000000000
     62      6                          1327                                        500000000.0000000000
     89      4                          2538                                      42500000000.0000000000
     30      6                          4205                                      51500000000.0000000000
     75      6                          7767                                     106000000000.0000000000
     32      6                          8072                                     232500000000.0000000000
     75      6                          9000                                     241500000000.0000000000
     84      6                         11338                                     278000000000.0000000000
    144      2                         27931                                     358500000000.0000000000
    121      2                         36707                                     360500000000.0000000000
    144      2                         51838                                     361500000000.0000000000
     65      2                         55722                                     363000000000.0000000000
     65      2                         62628                                     363500000000.0000000000
    167      2                         96908                                     364500000000.0000000000
    170      2                        104088                                     368500000000.0000000000
     91      2                        107161                                     369000000000.0000000000
    144      2                        116912                                     369500000000.0000000000
    130      2                        128268                                     370500000000.0000000000
    144      2                        159884                                     372000000000.0000000000
     65      2                        166483                                     375500000000.0000000000
    167      2                        193966                                     376500000000.0000000000
    144      2                        217072                                     379500000000.0000000000
    167      2                        269446                                     382500000000.0000000000
    169      2                        277622                                     388500000000.0000000000
    130      2                        279960                                     389000000000.0000000000
    167      2                        307464                                     389500000000.0000000000
     65      2                        323804                                     392500000000.0000000000
    144      2                        340793                                     394500000000.0000000000
    144      2                        408282                                     396500000000.0000000000
    144      2                        439700                                     404500000000.0000000000
    130      2                        447912                                     408000000000.0000000000
    144      2                        473760                                     409000000000.0000000000
     23      5                        475365                                     412000000000.0000000000
    150      5                        476690                                     412500000000.0000000000
    125      5                        478239                                     413000000000.0000000000
    123      5                        479918                                     413500000000.0000000000
    150      5                        481731                                     414000000000.0000000000
    158      5                        483442                                     414500000000.0000000000
    103      5                        485436                                     415000000000.0000000000
    123      5                        487091                                     415500000000.0000000000
    123      5                        488511                                     416000000000.0000000000
    125      5                        490240                                     416500000000.0000000000
    158      5                        491874                                     417000000000.0000000000
     76      5                        493256                                     417500000000.0000000000
     23      5                        494851                                     418000000000.0000000000
    123      5                        496460                                     418500000000.0000000000
     76      5                        498274                                     419000000000.0000000000
    150      5                        499830                                     419500000000.0000000000
    158      5                        501825                                     420000000000.0000000000
     23      5                        503359                                     420500000000.0000000000
     23      5                        505165                                     421000000000.0000000000
    150      5                        506722                                     421500000000.0000000000
    158      5                        508544                                     422000000000.0000000000
    103      5                        510024                                     422500000000.0000000000
    115      5                        511948                                     423000000000.0000000000
     76      5                        513922                                     423500000000.0000000000
    115      5                        515360                                     424000000000.0000000000
    123      5                        517404                                     424500000000.0000000000
    103      5                        519099                                     425000000000.0000000000
     23      5                        520287                                     425500000000.0000000000
    115      5                        521847                                     426000000000.0000000000
    158      5                        523965                                     426500000000.0000000000
    115      5                        524984                                     427000000000.0000000000
     76      5                        527166                                     427500000000.0000000000
     76      5                        528576                                     428000000000.0000000000
    150      5                        530186                                     428500000000.0000000000
    115      5                        532020                                     429000000000.0000000000
     76      5                        533734                                     429500000000.0000000000
    150      5                        534672                                     430000000000.0000000000
    115      5                        536326                                     430500000000.0000000000
    123      5                        537595                                     431000000000.0000000000
     76      5                        539513                                     431500000000.0000000000
     23      5                        541067                                     432000000000.0000000000
    103      5                        542536                                     432500000000.0000000000
     76      5                        544474                                     433000000000.0000000000
    123      5                        546348                                     433500000000.0000000000
    125      5                        547881                                     434000000000.0000000000
     76      5                        549596                                     434500000000.0000000000
    158      5                        551147                                     435000000000.0000000000
    123      5                        553268                                     435500000000.0000000000
     23      5                        554631                                     436000000000.0000000000
    125      5                        556147                                     436500000000.0000000000
    103      5                        558279                                     437000000000.0000000000
     23      5                        560032                                     437500000000.0000000000
    125      5                        561766                                     438000000000.0000000000
    115      5                        563260                                     438500000000.0000000000
    103      5                        565410                                     439000000000.0000000000
     23      5                        566646                                     439500000000.0000000000
    125      5                        568513                                     440000000000.0000000000
    103      5                        570112                                     440500000000.0000000000
     76      5                        571888                                     441000000000.0000000000
    150      5                        573415                                     441500000000.0000000000
     23      5                        575072                                     442000000000.0000000000
     76      5                        577085                                     442500000000.0000000000
    123      5                        578546                                     443000000000.0000000000
    125      5                        580661                                     443500000000.0000000000
    150      5                        582153                                     444000000000.0000000000
    115      5                        584240                                     444500000000.0000000000
    125      5                        585702                                     445000000000.0000000000
     23      5                        587428                                     445500000000.0000000000
    123      5                        589196                                     446000000000.0000000000
    125      5                        591414                                     446500000000.0000000000
     23      5                        593103                                     447000000000.0000000000
    123      5                        594519                                     447500000000.0000000000
     76      5                        596445                                     448000000000.0000000000
    150      5                        597987                                     448500000000.0000000000
    123      5                        599641                                     449000000000.0000000000
    115      5                        601336                                     449500000000.0000000000
     76      5                        602881                                     450000000000.0000000000
    123      5                        604597                                     450500000000.0000000000
     23      5                        606268                                     451000000000.0000000000
    115      5                        607886                                     451500000000.0000000000
    158      5                        609799                                     452000000000.0000000000
     76      5                        611311                                     452500000000.0000000000
     23      5                        612816                                     453000000000.0000000000
     23      5                        614536                                     453500000000.0000000000
     23      5                        616017                                     454000000000.0000000000
     76      5                        617718                                     454500000000.0000000000
     76      5                        619617                                     455000000000.0000000000
    125      5                        621182                                     455500000000.0000000000
    158      5                        622700                                     456000000000.0000000000
     76      5                        624283                                     456500000000.0000000000
     23      5                        626132                                     457000000000.0000000000
     76      5                        627769                                     457500000000.0000000000
     23      5                        629435                                     458000000000.0000000000
     23      5                        631099                                     458500000000.0000000000
     23      5                        632943                                     459000000000.0000000000
    125      5                        634764                                     459500000000.0000000000
    103      5                        636297                                     460000000000.0000000000
    103      5                        637973                                     460500000000.0000000000
    150      5                        640203                                     461000000000.0000000000
    150      5                        641654                                     461500000000.0000000000
     23      5                        643498                                     462000000000.0000000000
    123      5                        645079                                     462500000000.0000000000
    115      5                        646651                                     463000000000.0000000000
    125      5                        648286                                     463500000000.0000000000
    158      5                        649848                                     464000000000.0000000000
    125      5                        651877                                     464500000000.0000000000
    123      5                        653413                                     465000000000.0000000000
    115      5                        655289                                     465500000000.0000000000
    158      5                        657302                                     466000000000.0000000000
    123      5                        658729                                     466500000000.0000000000
    115      5                        660601                                     467000000000.0000000000
    125      5                        662096                                     467500000000.0000000000
    150      5                        663488                                     468000000000.0000000000
     23      5                        664893                                     468500000000.0000000000
    125      5                        666843                                     469000000000.0000000000
    123      5                        668410                                     469500000000.0000000000
    158      5                        669979                                     470000000000.0000000000
    158      5                        671922                                     470500000000.0000000000
    115      5                        673797                                     471000000000.0000000000
    125      5                        675825                                     471500000000.0000000000
    115      5                        677555                                     472000000000.0000000000
    125      5                        679599                                     472500000000.0000000000
    158      5                        680967                                     473000000000.0000000000
    103      5                        682306                                     473500000000.0000000000
     23      5                        684555                                     474000000000.0000000000
    123      5                        686378                                     474500000000.0000000000
    123      5                        687688                                     475000000000.0000000000
    103      5                        689409                                     475500000000.0000000000
     23      5                        690656                                     476000000000.0000000000
    103      5                        692438                                     476500000000.0000000000
    123      5                        694055                                     477000000000.0000000000
    150      5                        695517                                     477500000000.0000000000
     76      5                        697436                                     478000000000.0000000000
    158      5                        698929                                     478500000000.0000000000
     23      5                        700929                                     479000000000.0000000000
     76      5                        702393                                     479500000000.0000000000
    123      5                        703823                                     480000000000.0000000000
    125      5                        705390                                     480500000000.0000000000
     23      5                        707527                                     481000000000.0000000000
     23      5                        709388                                     481500000000.0000000000
     76      5                        710519                                     482000000000.0000000000
     76      5                        712781                                     482500000000.0000000000
     76      5                        714134                                     483000000000.0000000000
     76      5                        715689                                     483500000000.0000000000
    158      5                        716999                                     484000000000.0000000000
    115      5                        718589                                     484500000000.0000000000
     76      5                        721102                                     485000000000.0000000000
    125      5                        722250                                     485500000000.0000000000
    123      5                        723573                                     486000000000.0000000000
    103      5                        725211                                     486500000000.0000000000
     23      5                        726963                                     487000000000.0000000000
     76      5                        728792                                     487500000000.0000000000
    150      5                        730657                                     488000000000.0000000000
    103      5                        732437                                     488500000000.0000000000
    123      5                        733754                                     489000000000.0000000000
    125      5                        735200                                     489500000000.0000000000
     76      5                        736918                                     490000000000.0000000000
    158      5                        738591                                     490500000000.0000000000
     76      5                        739749                                     491000000000.0000000000
    125      5                        741697                                     491500000000.0000000000
    158      5                        743139                                     492000000000.0000000000
    103      5                        745216                                     492500000000.0000000000
     23      5                        747185                                     493000000000.0000000000
    158      5                        748696                                     493500000000.0000000000
     23      5                        750303                                     494000000000.0000000000
    125      5                        752244                                     494500000000.0000000000
    150      5                        753844                                     495000000000.0000000000
    125      5                        755862                                     495500000000.0000000000
    158      5                        757479                                     496000000000.0000000000
    123      5                        758973                                     496500000000.0000000000
    123      5                        761128                                     497000000000.0000000000
    144      2                        783823                                     497500000000.0000000000
    144      2                        784157                                     500000000000.0000000000
     65      2                        784157                                     500000035662.2848500907
